62.45 21.4
20.66 83.03
75.41 32.92
26.87 4.5
58.95 10.81
90.75 15.73
74.71 81.15
9.4 52.52
19.41 48.06
28.4 78.9
30.29 5.21
54.4 31.09
64.56 45.34
50.64 48.19
77.96 92.59
25.48 5.08
9.59 61.77
44.76 80.24
32.25 86.35
18.11 18.59
36.75 96.16
39.09 60.37
64.9 31.17
95.52 8.87
8.97 57.01
76.2 99.71
98.22 39.46
54.69 69.71
41.39 98.73
44.17 3.17
54.72 19.36
71.89 47.26
52.23 73.55
42.45 65.48
53.92 28.96
12.2 57.6
5.5 60.48
50.4 82.68
50.1 35.35
29.21 75.29
26.87 71.33
8.99 79.17
94.05 40.06
5.71 22.1
55.94 50.95
26.63 62.74
25.1 64.66
30.72 82.1
33.33 37.48
98.12 95.17
4.02 85.8
88.23 55.39
62.58 65.91
92.43 5.93
36.15 58.1
88.48 82.75
34.47 88.87
42.85 23.26
92.44 20.37
0.15 70.59
60.13 89.77
88.97 69.85
3.72 28.09
85.09 25.23
60.33 68.5
14.9 69.54
85.2 96.95
18.63 15.07
25.18 98.14
62.39 48.12
57.21 34.22
33.89 3.79
85.29 31
95.61 88.09
40.98 91.82
7.07 66.77
81.07 54.15
51.6 55.95
88.92 51.96
73 16.86
5.15 94.38
42.31 11.23
45.36 62.17
75.3 92.09
47.3 21.72
48.51 71.1
20.41 58.19
8.55 35.63
97.33 70.26
3.84 18.19
43.27 97.86
11.99 86.88
27.34 6.56
81.32 2.55
7.33 10.6
70.35 55.81
87.24 4.8
31.61 3.69
16.11 23.94
23.44 0.44
