49.29 11.85
12.71 58.73
23.69 58.57
39.53 38.9
42.39 67.65
71.74 90.38
93.91 23.03
26.12 74.3
45.6 83.52
30.92 12.98
58.02 38
60.89 77.02
75.38 38.95
5.53 80.99
62.41 41.31
16.44 24.65
11.08 87.07
60.83 73.89
21.64 45.56
13.7 96.94
13.52 0.74
30.89 99.32
66.02 74.09
50.63 89.78
6 10.92
46.32 50.27
51.48 58.94
82.5 10.99
19.34 17.75
35.06 62.48
27.44 58.73
27.96 76.25
27.14 17.07
87.3 59.73
34.87 66.22
14.36 31.35
11.2 48.79
72.17 14.65
49.83 80.45
65.73 57.83
12.55 88.35
6.04 20.53
25.06 51.51
2.3 38.67
78.82 21.64
85 51.04
4.69 23.96
93.46 39.65
7.95 90.75
35.09 41.63
24.58 91.2
0.78 1.6
49.72 67.73
37.43 3.49
70.54 76.1
95.98 20.6
93 20.68
94.32 42.25
66.84 39.64
75.12 22.22
4.64 41.73
19.28 53.79
93.12 5.1
24.55 95.89
36.95 84.33
85.07 86.54
44.13 70.02
6.33 44.86
99.41 28.52
95.71 29.93
90.15 46.25
95.37 53.37
14.17 27.85
5.63 58.54
67.77 98.45
12.86 73.86
14.31 1.15
12.05 19.45
28.49 32.13
89.94 86.81
25.9 61.42
0.69 86.07
83.67 31.08
83.08 76.11
86.59 89.48
53.96 27.32
45.86 99.62
64.31 9.19
88.13 17.12
27.74 26.44
27.95 26.57
35.44 94.33
15.27 65.75
58.44 10.67
11.04 20.18
49.4 4.34
70.25 72.97
55.63 18.05
53.22 98.62
84.88 71.1
