50.37 82.03
9.64 35.31
23.02 43.68
83.6 55.94
20.65 4.87
22.93 4.91
90.78 12.76
12.89 25.31
48.18 37.92
79.69 11.8
92.98 31.51
0.59 98.07
79.17 83.87
28.39 75.09
83.29 87.11
23.71 18.5
20.8 54.69
13.51 64.51
44.68 0.52
86.38 26.74
67.53 17.97
70.79 74.63
58.74 63.33
34.34 4.41
47.27 22.39
61.11 24.85
24.37 86.03
57.39 54.94
40.3 9.06
58.36 60.22
42.91 99.79
2.8 20.36
86 69.79
54.57 44.07
84.87 20.64
31.95 49.78
5.03 34.07
29.61 19.28
63.17 99.19
98.77 74.89
4.99 37.02
21.35 59.66
9.53 56.02
32.87 5.06
73.86 49.78
11.18 91.69
95.69 41.02
27.62 18.61
5.87 84.84
42.17 55.51
97.91 95.33
66.81 22.91
93.87 97.59
3.48 46.95
27.84 47.96
32.97 55.25
37.13 67.31
30.41 39.02
6.63 15.01
99.12 97.14
70.97 69.95
15.41 71.98
77.7 56.79
59.07 1.81
18.12 85.68
17.68 18.26
62.76 24.97
33.26 45.72
55.57 81.24
83.84 65.23
1.14 1.71
70.32 38.02
30.94 99.43
11.75 79.02
60.06 45.65
96.36 70.94
55.86 78.78
25.36 69.16
94.31 12.93
47.61 66.51
93.52 14.14
20.54 89.68
72.31 57.5
52.5 8.86
89.42 86.06
21.81 47.33
45.39 44.67
12.32 62.19
23.8 3.23
37.75 22.93
66.54 78.08
99.07 23.35
85.89 41.45
44.33 33.87
20.15 84.42
56.53 94.07
91.37 40.4
66.83 26.66
44.07 49.94
24.63 49.36
