40.63 58.7
69.55 75.93
61.38 47.89
55.46 52.93
10.24 82.06
41.79 70.99
20.31 56.11
9.72 5.29
24.57 48.57
93.59 22.1
78.45 92.5
49.25 90.98
55.25 87.85
81.18 57.41
5.68 6.15
33.67 18.55
11.84 33.42
32.51 47.78
93.02 95.96
93.17 30.19
56.93 79.31
54.12 18.37
73.48 9.83
62.16 85.71
11.2 86.15
29.88 37.28
0.74 57.59
36.85 0.49
71.88 64.37
26.74 81.25
7.22 19.87
1.49 22.12
33.67 6.84
96.81 33.98
98.69 21.46
12.51 67.17
16.73 98.64
71.26 16.78
94.22 54.28
6.74 52.12
24.97 97.67
72.05 75.01
68.77 0.47
12.04 78.09
0.56 15.65
43.08 73.76
36.69 48.03
20.52 77.64
81.08 69.92
88.45 66.15
48.55 78.87
8.77 26.05
46.7 40.12
13.28 98.61
39.57 55.61
99.21 91.48
86.92 18.89
33.11 33.47
25.36 91.63
72.99 6.75
8.24 12
90.41 97.74
59.94 19.68
96.29 1.35
76.55 20.18
79.84 53.64
41.08 26.99
49.07 21.31
79.06 99.69
63.63 29.39
67.21 67.36
5.58 32.36
37.93 26.05
0.21 60.9
24.65 5.85
94.18 66.38
9.39 30.32
58.44 21.41
54.15 68.18
55.28 34.13
34.72 50.98
89.78 66.62
30.76 11.97
21.49 53.65
82.87 24.45
35.19 7.75
63.14 58.07
85.12 0.27
11.04 57.3
79.17 66.32
66.1 88.33
21.92 61.54
82.99 43.31
55.54 46.15
97.18 69.61
78.84 58.47
79.35 6.87
66.5 25.31
72.71 50.38
41.29 20.77
