21.13 39.06
41.1 63.18
61.44 17.38
24.33 30.17
94.15 58.19
54.32 51.88
6.79 12.87
16 94.33
21.46 92.53
58.43 10.02
39.24 97.35
90.2 26.6
8.33 69.87
7.32 21.19
82.85 65.98
12.93 51.25
2.74 77.58
49.34 1.21
73.89 49.98
55.34 32.75
79.29 89.6
37.16 25.45
4.65 11.02
82.86 51.27
38.56 72.89
57.76 58.74
39.95 87.26
83.04 87.05
34.41 0.86
96.56 70.93
32.18 86.68
25.87 5.47
55.34 20.21
83.16 87.12
2.71 70.43
1.23 6.36
72.1 63.3
31.21 57.38
45.14 11.03
71.82 52.63
62.54 1.41
83.05 78.25
37.71 63.94
71.12 1.46
13.49 34.49
48.4 82.77
17.78 7.69
76.63 25.6
38.23 81.75
69.36 60.82
37.75 91.11
17.44 43.43
32.65 64.01
2.63 75.78
42.9 61.62
35.6 39.14
36.2 20.87
21.72 77.44
43.17 49.69
52.43 40.8
80.66 64.3
64.21 17.58
0.53 6.84
7.37 84.03
33.08 88.36
39.08 44.8
38.13 88.92
16.84 27.38
98.79 49.41
4.93 74.31
98.82 3.66
61.16 42.55
63.14 57.77
59.3 47.75
91.6 3.65
48.51 11.7
31.86 67.47
49.67 74.17
4.35 43.41
39.13 27.25
10.06 66.84
93.82 99.45
87.59 5.21
57.28 98.77
69.15 5.5
6.68 56.89
66.09 70.21
3.61 24.07
24.73 39.21
57.95 63.17
4.52 32.45
32.06 50.25
40.75 94.18
36.22 33.89
56.37 68.84
44.14 75.81
44.76 72.31
94.8 67.74
28.47 56.54
81.73 89.22
