60.65 82.75
4.12 28.05
47.49 98.11
29.34 3.46
73.17 77.6
18.16 13.31
72.1 4.29
60.47 19.46
23.51 73.27
74.78 21.45
59.66 63.44
12.06 36.7
14.84 48.42
58.26 0.23
86.38 20.52
79.38 25.51
12.27 77.45
28.13 21.14
15.24 75.69
82.05 87.97
16.02 2.15
50.54 68.33
18.38 68.05
97.84 67.3
60.71 59.57
95.97 62.35
4.31 4.74
35.08 9.01
25.83 63.26
52.55 9.51
5.24 98.85
20.74 96.87
16.98 2.33
44.13 90.58
86.25 8.16
48.52 12.97
2.84 32.35
14.77 92.13
3.77 54.96
55.06 38.6
23.02 56.26
17.99 66.36
96.73 63.68
33.02 68.56
17.64 52.59
93.93 55.13
37.66 45.64
61.52 93.98
34.05 99.89
51.24 3.98
50.34 35.58
45.79 43.17
21.42 97.56
77.01 40.46
32.2 69.09
40.22 18.73
80.94 61.51
55.97 14.69
19.89 62.57
3.88 58.63
70.03 37.62
56.09 97.96
99.88 28.01
71.56 72.27
45.16 23.96
80.58 56.14
38.98 34.85
52.81 17.38
9.57 55.46
90.77 79.33
15.26 23.64
84.91 94.81
10.39 74.1
95.41 54.14
81.38 88.23
24.53 41.24
34.29 40.17
0.05 9.12
5.08 60.6
44.21 22.87
20.47 45.98
61.34 35.13
8.22 47.32
61.36 76.16
65.95 19.73
24.63 12.66
23.11 79.33
44.27 0.34
48.07 76.53
26.15 31.02
58.08 91.93
12.34 24.77
84.09 38.1
1.89 69.99
18.8 22.53
24.05 66.33
35.59 48.75
27.05 83.92
83.44 89.55
25.1 23.42
