51.12 32.72
58.56 99.31
1.62 63.78
44.11 38.03
13.84 29.21
88.91 15.05
39.84 13.94
1.89 80.91
90.4 15.88
73.08 79.59
97.11 87.65
77.2 73.03
61.05 5.95
14.16 32.34
87.91 88.15
58.57 64.75
48.14 71.85
59.27 87.58
89.82 70.4
56.51 9.19
4.46 80.32
0.7 88.29
33.1 6.18
52.78 92.96
14.86 98.3
50.14 47.75
97.33 26.36
39.7 5.57
66.44 43.8
55.64 68.2
82.92 67.94
23.77 62.82
87.49 18.38
40.79 53.72
51.28 87.47
53.06 64.4
61.2 33.74
59.01 10.79
33.64 0.73
51.91 26.83
1.84 49.29
93.18 98.45
8.46 78.13
2.56 89.07
61.18 19.04
40.95 10.8
9.09 83.21
12.61 22.92
65.09 21.85
57.93 25.97
10.89 77.64
44.72 97.34
84.92 68.75
97.19 25.99
48.43 86.33
76.64 87.73
66.8 70.53
34.44 16.91
46.08 67.36
8.4 0.73
18.79 9.99
0.11 24.37
27.94 3.63
53.34 25.28
5.18 36.08
20.36 29.54
85.68 82.42
71.88 7.11
4.84 7.35
14.21 18.92
21.21 58.24
23.06 47.89
70.44 78.73
16.39 12.97
45.65 97.32
84.67 16.96
24.15 82.33
45.65 14.75
20.84 50.1
48.27 0.22
60.32 29.96
75.69 3.54
74.12 66.87
10.63 53.65
50.79 3.53
19.27 71.58
43.28 35.28
16.69 51.07
29.5 22.63
64.08 10.37
34.75 22.51
22.16 53.51
35.11 33.74
83.43 40.11
5.93 39.32
63.09 38.86
66.75 87.4
54.07 11.73
77.59 74.89
21.85 2.31
