36.75 47.61
10.39 76.43
38.88 90.28
83.8 31.91
22.25 61.62
17.8 18.57
89.45 26.78
43.12 16.8
96.12 77.11
8.79 80.55
56.56 20.26
76.33 35.61
44.75 35.1
55.37 12.14
10.53 23.92
67.02 97.19
45.59 1.93
5.23 85.42
40.44 71.65
14.7 1.46
60.79 17.89
69.82 52.18
30.93 49.35
80.49 78.95
12.36 97.55
6.36 37.83
20.61 85.86
99.32 98.95
2.38 60.35
87.81 25.45
99.14 95.5
69.21 24.87
97.73 40.44
77.55 59.26
19.95 55.34
83.73 15.02
15.28 71.57
42.86 65.93
23.81 8.26
64.8 15.3
11.78 95.84
22.25 40.01
88.87 66.78
32.48 75.8
0 13.45
54.75 36.39
53.12 19.46
2.71 8.39
92.92 1.16
39.91 37.71
18.59 22.88
89.84 68.36
35.73 60.84
4.37 84.07
94.26 62.33
35.5 27.85
42.6 64.52
49.98 5.39
43.68 91.76
9.97 11.65
82.97 50.98
13.07 11.59
65.17 10.29
39.91 46.38
0.2 58.87
94.47 89.96
21.42 67.16
91.68 12.12
52.13 88.33
72.97 60.28
90.83 37.07
36.35 56.51
67 71.37
61.95 71.01
89.75 90.15
97.95 89.97
82.89 21.65
43.17 8.74
78.11 93.84
23.62 64.69
2.54 35.91
83.87 3.94
35.88 81.68
62.94 34.85
36.08 76.52
90.82 66.95
50.56 30.96
81.5 23.77
99.46 37.9
9.43 3.36
92.61 19.63
22.25 76.74
56.01 21.7
76.65 70.32
95.54 13.53
11.68 82.44
35.21 91.39
84.98 69.32
13.23 88.3
36.95 7.68
