56.86 66.44
53.2 67.4
6.74 30.62
23.38 22.3
52.85 0.4
89.73 62.22
50.05 43.67
4.28 23.44
44.24 99.21
17.22 57.95
24.87 27.96
61.9 91.77
14.75 27.43
16.34 21.56
91.02 66.81
75.08 82.89
8.6 62.16
5.08 19.05
52.01 34.13
13.27 2.38
95 21.03
59.24 47.87
13.48 85.33
4.05 13.91
99.06 92.72
54.64 10.11
52.64 55.19
39.34 16.09
75.84 36.21
86.51 54.48
30.88 96.8
46.32 94.14
23.16 31.63
93.66 76.13
89.81 78.31
64.84 50.89
9.92 6.06
32.02 23.52
73.46 20.72
6.46 95.79
70.83 10.89
80.79 24.85
16.96 31.94
46.01 74.81
16.62 1.9
25.61 21.45
84.6 9.53
85.69 52.04
83.04 9.32
63.49 59.19
68.04 90.6
11.59 38.48
95.3 72.04
6.4 20.78
61.74 91.84
50.49 0.21
82.04 51.24
29.69 54.41
32.33 68.99
59.11 79.85
10.94 12.6
2.18 4.94
14.34 11.14
28.94 48.2
67.67 83.48
38.03 7.52
23.12 9.8
57.45 18.34
18.1 89.31
31.9 73.01
87.85 69.01
24.04 79.25
41.39 58.81
86.52 25.12
46.35 77.8
98.55 25.68
74.23 59.26
74.39 61.52
4.67 63.81
26.89 12.13
53.45 17.53
36.54 62.15
41.53 20
38.34 9.28
69.9 3.38
36.92 4.6
22.09 78.55
13.11 39.86
9.94 15.44
87.69 37.38
67.4 98.12
26.98 72.39
63.53 14.28
40.87 66.47
56.3 30.33
45.36 28.24
3.03 39.4
57.18 82.85
70.54 71.98
32.9 29.62
