47.03 26.37
21.57 54.11
89.47 7.64
57.62 86.04
32.64 28.33
79.57 29.64
31.07 46.59
52.6 36.9
31.36 17.2
77.32 27.58
70.6 60.89
87.11 77.03
68.92 36.18
2.89 9.43
31.08 11.6
17.28 31.21
19.23 80.14
49.38 73.37
90.13 41.37
20.68 28.45
69.84 44.03
3.84 65.95
80.59 35.97
5.82 96.83
28.36 86.64
87.9 64.62
2.73 7.41
28.6 78.39
14.42 77.87
62.61 92.8
34.45 88.26
17.62 61.28
3.37 44.46
61.71 18.29
14.63 18.14
89.5 55.17
27.89 9.81
33.68 67.13
1.41 47.61
49.86 26.67
20.55 10.98
90.88 25.43
88.34 29.81
90.62 90.64
52.64 65.06
16.59 96.77
65.95 10.74
23.71 82.92
75.7 34.13
68.4 30.53
64.49 53.71
54.09 33.47
69.92 7.53
94.77 99.66
3.7 49.9
67.7 21.08
95.2 21.03
92.73 44.81
38.87 24.8
3.32 0.77
21.6 42.45
23.31 17.09
37.19 36.88
33.23 85
51.5 51.3
17.2 4.12
22.67 15.03
50.84 8.39
42.71 6.37
6.09 99.31
89.76 45.5
44.03 18.53
12.57 17.99
82.5 65.25
47.2 1.92
9.35 11.87
21.53 14.44
34.52 1.84
68.89 31.07
17.93 17.21
91.34 40.87
66.12 19.27
75.01 37.23
90.24 30.42
21.39 73.63
13.78 43.43
54.08 32.87
82.32 24.55
33.53 35.06
87.14 87.78
26.05 4.91
14.7 4.84
74.75 17.45
1.51 13.03
1.62 81.24
40.61 34.65
11.76 79.7
83.39 80.88
16.47 89.67
29.17 10.83
