55.33 29.88
49.04 26.44
74.09 23.46
98.93 87.4
29.04 40.87
31.57 41.52
30.54 31.21
59.73 38.86
91.62 59.03
39.82 14.8
2.47 60.88
13.89 71.71
32.63 45
59.4 14.63
81.85 16.23
3.04 6.7
14.61 98.35
91.63 86.17
68.85 57.56
54.9 19.51
57.1 26.98
13.05 96.07
3.99 31.15
37.89 98.49
12.5 70.56
52.74 81.92
2.88 54.33
18.22 2.74
4.26 41.06
39.98 23.39
48.85 71.52
7.13 74.14
6.14 17.43
74.18 18.3
92.62 93.58
16.81 88.04
85.51 6.46
9.79 74.1
9.92 8.06
44.97 8.79
19.9 19.3
14.47 55.08
61.64 38.85
12.7 50.07
32.91 3.65
46.6 72.77
99.41 27.66
92.5 95.34
9.67 29.78
78.38 53.47
7.74 64.87
66.5 57.07
42.35 60.01
61.57 10.55
53.05 46.66
8.73 23.78
16.78 5.99
87.8 0.13
18.49 4.77
97.55 39.54
22.99 35.4
47 69.11
7.21 62.5
69.15 66.85
51.37 66.51
75.83 65.06
76.02 1.76
50.29 58.84
2.09 73.81
64.14 72.39
76.02 0.96
21.41 20.97
7.87 81.42
19.23 70.27
23.43 67.04
65.18 92.82
91.38 61.35
37.27 78.4
83.84 78.51
11.56 19.49
31.47 8.82
4.86 86.09
80.29 48.47
62.03 4.46
30.26 67.13
13.9 96.98
59.37 21.9
95.09 1.39
88.93 57.2
0.51 6.06
9.03 54.54
27.83 10.49
62.95 39.66
41.82 53.99
23.47 75.14
41.73 79.88
24.3 43.36
21.37 36.98
30.52 1.58
76.98 11.63
