57.58 9.65
51.16 18.45
82.19 11.46
52.76 33.66
80.92 58.55
57.19 71.91
5.4 79.38
71.36 5.66
45.96 20.6
92.3 90.5
14.85 29.28
88.36 24.26
50.6 38.92
16.7 41.73
95.71 91.68
79.93 45.45
24.3 22.13
73.54 55.36
48.92 94.88
37.62 22.24
12.55 14.06
85.84 64.74
99.4 59.7
93.19 8.78
59.9 15.25
64.49 78.28
77.12 30.69
65.17 54.62
38.03 45.29
59.49 19.64
41.19 48.28
14.67 56.88
10.61 18.57
5.17 74.92
19.56 38.7
52.46 87.28
54.02 5.47
70.31 20.96
49.02 57.32
4.38 64.61
65.8 0.77
57.66 26.83
58.4 77.5
66.39 19.07
22.54 11.44
91.27 57.78
11.93 54.23
75.13 80.58
14.99 96.16
25.66 20.23
74.37 84.12
55.61 52.68
15.51 73.5
59.66 92.31
14.82 6.41
84.38 65.87
78.12 15.65
72.2 33.81
92.2 61.8
80.76 5.69
21.82 83.2
18.05 26.29
85.61 3.04
51.96 9.58
12.55 17.71
83.87 71.22
44.77 18.76
66.18 70.7
22.21 24.46
27.57 78.09
19.28 15.21
7.33 78.24
71.03 91.65
5.48 72.11
7.87 66.71
30.11 75.52
68.59 44.34
25.82 70.55
91.11 17.68
13.55 65.26
31.87 28.57
97.98 55.34
85.74 4.27
8.73 21.89
14.35 19.55
6.26 42.05
97.67 93.71
35.89 23.4
6.04 87.72
51.8 96.06
41.34 4.78
41.72 0.97
10.61 88.86
31.46 72.71
53.14 12.14
16.78 69.61
50.45 84.35
83.11 64.49
3.42 21.08
40.94 15.13
