48.31 64.13
96.34 48.7
78.44 63.6
88.84 34.04
4.11 73.67
16.11 77.17
5.85 74.34
22.07 15.75
64.53 26.51
37.06 64.54
10.17 8.92
43.96 66.4
54.33 25.79
38.89 53.49
13.64 24.03
99.2 37.23
91.61 7.98
84.68 15.85
60.28 1.04
50.72 10.27
62.32 36.13
83.98 97.41
83.27 34.93
54.81 0.83
29.6 21.19
41.41 50.57
62.41 81.71
77.07 75.66
17.9 3.41
12.33 37.83
18 12.31
38.65 82.01
10.4 32.38
88.81 35.66
94.86 48.08
41.87 30.68
25.9 91.96
88.06 64.58
76.58 45.79
98.36 7.08
81.1 96.13
31.01 2.57
13.03 48.95
8.93 53.16
83.33 45
78.81 14.08
44.2 71.69
1.28 60.31
47.17 47.17
16.47 11.41
54.26 98.09
19.49 60.96
18.1 19.32
82.01 54.9
60.42 92.59
77.61 31.06
66.61 90.47
87.4 13.28
76.52 42.87
69.37 8.24
32.17 77.2
18.9 56.41
17.76 45.93
31.48 48.55
82.32 76.12
67.6 97.57
56.97 49.86
41.42 26.46
6.39 21.02
11.68 57.42
55.82 11.09
28.78 56.69
43.97 95.64
56.57 71.24
3.03 28.83
99.61 37.63
39.2 51.29
16.02 7.14
10.62 28.88
74.28 10.47
95.76 67.62
61.95 44.47
95.55 35.31
21.51 67.6
6.82 52.17
42.76 95.42
30.22 80.9
61.08 27.57
25.91 89.33
76.67 71.59
99.85 77.64
86.12 97.73
51.07 87.84
90.43 87.47
41.08 19.81
30.74 52.56
16.06 11.67
83.76 64.35
8.95 91.81
57.26 39.8
