39.45 44.5
89.03 54.21
26.84 91.77
18.14 92.16
18.41 73.93
7.6 71.31
15.16 4.32
95.63 40.06
65.29 11.16
70.68 28.38
82.62 10.21
9.62 56.89
11.01 78.11
72.76 44.02
10.09 65.87
8.87 8.23
40.31 82.55
0.36 7.91
10.16 24.44
56.9 11.67
14.27 54.8
60.08 56.63
80.88 55.71
33.58 49.05
23.14 6.37
9.08 15.93
29.97 54.01
22.34 94.03
24.72 76.32
26.66 9.37
10.44 67.77
87.47 23.24
34.47 71.75
20.48 48.54
92.82 78.59
77.12 15.1
28.81 40.76
24.63 12.91
5.88 68.13
54.85 19.56
34.17 50.22
77.1 49.67
39.89 79.01
78.34 89.84
29.15 57.58
27.41 18.52
3.24 36
63.69 34.07
26.16 81.31
23.7 7.39
35.23 61.19
29.14 78.03
0.19 43.9
57.67 97.51
72.33 77.01
52.02 11.2
7.74 96.54
22.81 22.62
87.52 58.74
28.24 80.55
59.1 54.77
13.63 99.07
66.16 64.11
38.87 46.22
2.18 49.7
76.5 66.94
27.23 39.99
46.95 80.38
32.16 62.53
7.74 18.98
81.1 6.27
90.6 9.32
35.77 40.78
58.79 6.71
22.06 27.51
34.05 0.49
59.6 14.7
71.5 40.54
78.65 6.39
98.06 14.18
14.94 57
37.52 33.19
32.73 88.19
65.19 0.17
55.69 47.29
15.58 92.46
34.84 57.59
64.43 3.62
3.44 30.69
62.07 69.69
66.79 25.08
30.74 15.98
58.25 8.8
23.96 0.6
11.18 11.9
99.27 62.83
99.4 35.61
57.55 91.02
34.37 12.11
2.18 47.38
