0 0.0963021
0.001 0.0940663
0.002 0.093762
0.003 0.0937969
0.004 0.0937396
0.005 0.0936692
0.006 0.0936271
0.007 0.0935983
0.008 0.0935693
0.009 0.0935384
0.01 0.0935062
0.011 0.0934726
0.012 0.0934368
0.013 0.0933985
0.014 0.0933572
0.015 0.0933126
0.016 0.0932641
0.017 0.0932111
0.018 0.0931531
0.019 0.0930893
0.02 0.0930189
0.021 0.092941
0.022 0.0928544
0.023 0.0927579
0.024 0.0926499
0.025 0.0925288
0.026 0.0923925
0.027 0.0922385
0.028 0.0920639
0.029 0.0918652
0.03 0.0916382
0.031 0.0913779
0.032 0.091078
0.033 0.0907313
0.034 0.0903288
0.035 0.0898594
0.036 0.0893101
0.037 0.088665
0.038 0.0879052
0.039 0.087009
0.04 0.0859519
0.041 0.0847082
0.042 0.0832534
0.043 0.0815693
0.044 0.0796497
0.045 0.0775078
0.046 0.0751801
0.047 0.0727233
0.048 0.0702033
0.049 0.067678
0.05 0.0651836
0.051 0.0627289
0.052 0.0602996
0.053 0.0578688
0.054 0.0554089
0.055 0.0529034
0.056 0.0503534
0.057 0.0477776
0.058 0.0452029
0.059 0.0426511
0.06 0.0401307
0.061 0.0376381
0.062 0.0351675
0.063 0.0327219
0.064 0.0303186
0.065 0.0279886
0.066 0.0257687
0.067 0.0236928
0.068 0.0217844
0.069 0.020054
0.07 0.0185001
0.071 0.0171125
0.072 0.0158763
0.073 0.0147751
0.074 0.0137925
0.075 0.0129136
0.076 0.0121252
0.077 0.0114157
0.078 0.010775
0.079 0.0101946
0.08 0.00966714
0.081 0.00918619
0.082 0.0087463
0.083 0.00834278
0.084 0.00797156
0.085 0.00762912
0.086 0.00731241
0.087 0.00701877
0.088 0.00674587
0.089 0.00649169
0.09 0.00625444
0.091 0.00603254
0.092 0.00582461
0.093 0.00562942
0.094 0.00544586
0.095 0.00527296
0.096 0.00510985
0.097 0.00495575
0.098 0.00480995
0.099 0.00467183
0.1 0.00454081
0.101 0.00441637
0.102 0.00429805
0.103 0.00418542
0.104 0.00407809
0.105 0.00397571
0.106 0.00387796
0.107 0.00378453
0.108 0.00369516
0.109 0.0036096
0.11 0.00352761
0.111 0.00344898
0.112 0.00337353
0.113 0.00330106
0.114 0.0032314
0.115 0.00316441
0.116 0.00309994
0.117 0.00303785
0.118 0.00297802
0.119 0.00292033
0.12 0.00286467
0.121 0.00281093
0.122 0.00275904
0.123 0.00270889
0.124 0.0026604
0.125 0.00261349
0.126 0.0025681
0.127 0.00252414
0.128 0.00248156
0.129 0.00244029
0.13 0.00240028
0.131 0.00236146
0.132 0.0023238
0.133 0.00228724
0.134 0.00225174
0.135 0.00221724
0.136 0.00218372
0.137 0.00215113
0.138 0.00211943
0.139 0.00208859
0.14 0.00205858
0.141 0.00202936
0.142 0.00200091
0.143 0.00197319
0.144 0.00194618
0.145 0.00191985
0.146 0.00189418
0.147 0.00186914
0.148 0.00184472
0.149 0.00182088
0.15 0.00179762
0.151 0.0017749
0.152 0.00175272
0.153 0.00173105
0.154 0.00170988
0.155 0.00168918
0.156 0.00166896
0.157 0.00164918
0.158 0.00162983
0.159 0.00161091
0.16 0.0015924
0.161 0.00157428
0.162 0.00155655
0.163 0.00153918
0.164 0.00152218
0.165 0.00150553
0.166 0.00148922
0.167 0.00147323
0.168 0.00145757
0.169 0.00144222
0.17 0.00142717
0.171 0.00141241
0.172 0.00139793
0.173 0.00138374
0.174 0.00136981
0.175 0.00135615
0.176 0.00134274
0.177 0.00132958
0.178 0.00131666
0.179 0.00130397
0.18 0.00129151
0.181 0.00127928
0.182 0.00126726
0.183 0.00125546
0.184 0.00124386
0.185 0.00123246
0.186 0.00122126
0.187 0.00121025
0.188 0.00119942
0.189 0.00118878
0.19 0.00117832
0.191 0.00116802
0.192 0.0011579
0.193 0.00114794
0.194 0.00113814
0.195 0.0011285
0.196 0.00111902
0.197 0.00110968
0.198 0.00110049
0.199 0.00109145
0.2 0.00108254
0.201 0.00107377
0.202 0.00106513
0.203 0.00105663
0.204 0.00104825
0.205 0.00104
0.206 0.00103187
0.207 0.00102386
0.208 0.00101597
0.209 0.00100819
0.21 0.00100053
0.211 0.000992973
0.212 0.000985526
0.213 0.000978184
0.214 0.000970946
0.215 0.000963809
0.216 0.000956771
0.217 0.000949831
0.218 0.000942985
0.219 0.000936233
0.22 0.000929573
0.221 0.000923002
0.222 0.000916518
0.223 0.000910122
0.224 0.000903809
0.225 0.00089758
0.226 0.000891432
0.227 0.000885363
0.228 0.000879373
0.229 0.00087346
0.23 0.000867622
0.231 0.000861858
0.232 0.000856167
0.233 0.000850547
0.234 0.000844997
0.235 0.000839515
0.236 0.000834101
0.237 0.000828754
0.238 0.000823471
0.239 0.000818252
0.24 0.000813097
0.241 0.000808002
0.242 0.000802969
0.243 0.000797995
0.244 0.00079308
0.245 0.000788222
0.246 0.00078342
0.247 0.000778675
0.248 0.000773984
0.249 0.000769346
0.25 0.000764762
0.251 0.000760229
0.252 0.000755748
0.253 0.000751317
0.254 0.000746935
0.255 0.000742602
0.256 0.000738317
0.257 0.000734078
0.258 0.000729886
0.259 0.00072574
0.26 0.000721639
0.261 0.000717582
0.262 0.000713568
0.263 0.000709597
0.264 0.000705668
0.265 0.00070178
0.266 0.000697934
0.267 0.000694127
0.268 0.000690361
0.269 0.000686633
0.27 0.000682943
0.271 0.000679291
0.272 0.000675677
0.273 0.000672099
0.274 0.000668558
0.275 0.000665052
0.276 0.000661581
0.277 0.000658145
0.278 0.000654742
0.279 0.000651374
0.28 0.000648038
0.281 0.000644735
0.282 0.000641464
0.283 0.000638225
0.284 0.000635017
0.285 0.00063184
0.286 0.000628694
0.287 0.000625577
0.288 0.00062249
0.289 0.000619432
0.29 0.000616402
0.291 0.000613401
0.292 0.000610428
0.293 0.000607483
0.294 0.000604564
0.295 0.000601673
0.296 0.000598808
0.297 0.000595969
0.298 0.000593155
0.299 0.000590368
0.3 0.000587605
0.301 0.000584867
0.302 0.000582153
0.303 0.000579464
0.304 0.000576798
0.305 0.000574156
0.306 0.000571537
0.307 0.00056894
0.308 0.000566367
0.309 0.000563816
0.31 0.000561286
0.311 0.000558779
0.312 0.000556293
0.313 0.000553828
0.314 0.000551384
0.315 0.000548961
0.316 0.000546558
0.317 0.000544175
0.318 0.000541812
0.319 0.000539469
0.32 0.000537145
0.321 0.000534841
0.322 0.000532555
0.323 0.000530288
0.324 0.00052804
0.325 0.00052581
0.326 0.000523598
0.327 0.000521404
0.328 0.000519227
0.329 0.000517068
0.33 0.000514926
0.331 0.000512802
0.332 0.000510694
0.333 0.000508602
0.334 0.000506527
0.335 0.000504469
0.336 0.000502426
0.337 0.000500399
0.338 0.000498388
0.339 0.000496393
0.34 0.000494413
0.341 0.000492448
0.342 0.000490498
0.343 0.000488563
0.344 0.000486642
0.345 0.000484736
0.346 0.000482845
0.347 0.000480967
0.348 0.000479104
0.349 0.000477254
0.35 0.000475418
0.351 0.000473596
0.352 0.000471787
0.353 0.000469992
0.354 0.000468209
0.355 0.00046644
0.356 0.000464683
0.357 0.000462939
0.358 0.000461208
0.359 0.000459489
0.36 0.000457783
0.361 0.000456088
0.362 0.000454406
0.363 0.000452736
0.364 0.000451077
0.365 0.000449431
0.366 0.000447795
0.367 0.000446172
0.368 0.000444559
0.369 0.000442958
0.37 0.000441368
0.371 0.000439789
0.372 0.00043822
0.373 0.000436663
0.374 0.000435116
0.375 0.00043358
0.376 0.000432054
0.377 0.000430538
0.378 0.000429033
0.379 0.000427538
0.38 0.000426053
0.381 0.000424577
0.382 0.000423112
0.383 0.000421656
0.384 0.000420211
0.385 0.000418774
0.386 0.000417347
0.387 0.00041593
0.388 0.000414521
0.389 0.000413122
0.39 0.000411732
0.391 0.000410351
0.392 0.000408979
0.393 0.000407616
0.394 0.000406261
0.395 0.000404915
0.396 0.000403578
0.397 0.00040225
0.398 0.000400929
0.399 0.000399617
0.4 0.000398314
0.401 0.000397018
0.402 0.000395731
0.403 0.000394452
0.404 0.00039318
0.405 0.000391917
0.406 0.000390661
0.407 0.000389414
0.408 0.000388174
0.409 0.000386941
0.41 0.000385716
0.411 0.000384499
0.412 0.000383289
0.413 0.000382086
0.414 0.00038089
0.415 0.000379702
0.416 0.000378521
0.417 0.000377347
0.418 0.00037618
0.419 0.00037502
0.42 0.000373867
0.421 0.000372721
0.422 0.000371582
0.423 0.000370449
0.424 0.000369323
0.425 0.000368203
0.426 0.00036709
0.427 0.000365984
0.428 0.000364884
0.429 0.00036379
0.43 0.000362703
0.431 0.000361622
0.432 0.000360547
0.433 0.000359479
0.434 0.000358416
0.435 0.00035736
0.436 0.00035631
0.437 0.000355265
0.438 0.000354227
0.439 0.000353194
0.44 0.000352167
0.441 0.000351146
0.442 0.000350131
0.443 0.000349121
0.444 0.000348117
0.445 0.000347119
0.446 0.000346126
0.447 0.000345138
0.448 0.000344156
0.449 0.00034318
0.45 0.000342208
0.451 0.000341242
0.452 0.000340282
0.453 0.000339326
0.454 0.000338376
0.455 0.000337431
0.456 0.000336491
0.457 0.000335556
0.458 0.000334626
0.459 0.000333701
0.46 0.000332781
0.461 0.000331866
0.462 0.000330956
0.463 0.000330051
0.464 0.00032915
0.465 0.000328254
0.466 0.000327363
0.467 0.000326477
0.468 0.000325595
0.469 0.000324718
0.47 0.000323845
0.471 0.000322977
0.472 0.000322113
0.473 0.000321254
0.474 0.000320399
0.475 0.000319549
0.476 0.000318703
0.477 0.000317862
0.478 0.000317024
0.479 0.000316191
0.48 0.000315363
0.481 0.000314538
0.482 0.000313718
0.483 0.000312901
0.484 0.000312089
0.485 0.000311281
0.486 0.000310477
0.487 0.000309677
0.488 0.000308881
0.489 0.000308089
0.49 0.000307301
0.491 0.000306517
0.492 0.000305736
0.493 0.00030496
0.494 0.000304187
0.495 0.000303418
0.496 0.000302653
0.497 0.000301892
0.498 0.000301134
0.499 0.00030038
0.5 0.00029963
0.501 0.000298883
0.502 0.00029814
0.503 0.0002974
0.504 0.000296664
0.505 0.000295932
0.506 0.000295203
0.507 0.000294477
0.508 0.000293755
0.509 0.000293037
0.51 0.000292322
0.511 0.00029161
0.512 0.000290901
0.513 0.000290196
0.514 0.000289495
0.515 0.000288796
0.516 0.000288101
0.517 0.000287409
0.518 0.00028672
0.519 0.000286034
0.52 0.000285352
0.521 0.000284673
0.522 0.000283997
0.523 0.000283324
0.524 0.000282654
0.525 0.000281987
0.526 0.000281323
0.527 0.000280662
0.528 0.000280005
0.529 0.00027935
0.53 0.000278698
0.531 0.000278049
0.532 0.000277403
0.533 0.00027676
0.534 0.00027612
0.535 0.000275483
0.536 0.000274849
0.537 0.000274217
0.538 0.000273588
0.539 0.000272962
0.54 0.000272339
0.541 0.000271719
0.542 0.000271101
0.543 0.000270486
0.544 0.000269874
0.545 0.000269264
0.546 0.000268658
0.547 0.000268053
0.548 0.000267452
0.549 0.000266853
0.55 0.000266256
0.551 0.000265663
0.552 0.000265071
0.553 0.000264483
0.554 0.000263897
0.555 0.000263313
0.556 0.000262732
0.557 0.000262153
0.558 0.000261577
0.559 0.000261003
0.56 0.000260432
0.561 0.000259863
0.562 0.000259297
0.563 0.000258733
0.564 0.000258171
0.565 0.000257612
0.566 0.000257055
0.567 0.000256501
0.568 0.000255948
0.569 0.000255398
0.57 0.000254851
0.571 0.000254305
0.572 0.000253762
0.573 0.000253221
0.574 0.000252683
0.575 0.000252146
0.576 0.000251612
0.577 0.00025108
0.578 0.00025055
0.579 0.000250023
0.58 0.000249497
0.581 0.000248974
0.582 0.000248453
0.583 0.000247934
0.584 0.000247417
0.585 0.000246902
0.586 0.000246389
0.587 0.000245878
0.588 0.00024537
0.589 0.000244863
0.59 0.000244358
0.591 0.000243856
0.592 0.000243355
0.593 0.000242857
0.594 0.00024236
0.595 0.000241865
0.596 0.000241373
0.597 0.000240882
0.598 0.000240393
0.599 0.000239906
0.6 0.000239421
0.601 0.000238938
0.602 0.000238457
0.603 0.000237978
0.604 0.000237501
0.605 0.000237025
0.606 0.000236551
0.607 0.00023608
0.608 0.00023561
0.609 0.000235141
0.61 0.000234675
0.611 0.00023421
0.612 0.000233748
0.613 0.000233287
0.614 0.000232827
0.615 0.00023237
0.616 0.000231914
0.617 0.00023146
0.618 0.000231008
0.619 0.000230557
0.62 0.000230108
0.621 0.000229661
0.622 0.000229216
0.623 0.000228772
0.624 0.00022833
0.625 0.000227889
0.626 0.000227451
0.627 0.000227014
0.628 0.000226578
0.629 0.000226144
0.63 0.000225712
0.631 0.000225281
0.632 0.000224852
0.633 0.000224425
0.634 0.000223999
0.635 0.000223574
0.636 0.000223151
0.637 0.00022273
0.638 0.000222311
0.639 0.000221892
0.64 0.000221476
0.641 0.000221061
0.642 0.000220647
0.643 0.000220235
0.644 0.000219825
0.645 0.000219415
0.646 0.000219008
0.647 0.000218602
0.648 0.000218197
0.649 0.000217794
0.65 0.000217392
0.651 0.000216992
0.652 0.000216593
0.653 0.000216195
0.654 0.000215799
0.655 0.000215405
0.656 0.000215011
0.657 0.00021462
0.658 0.000214229
0.659 0.00021384
0.66 0.000213452
0.661 0.000213066
0.662 0.000212681
0.663 0.000212298
0.664 0.000211915
0.665 0.000211534
0.666 0.000211155
0.667 0.000210777
0.668 0.0002104
0.669 0.000210024
0.67 0.00020965
0.671 0.000209277
0.672 0.000208905
0.673 0.000208534
0.674 0.000208165
0.675 0.000207797
0.676 0.000207431
0.677 0.000207065
0.678 0.000206701
0.679 0.000206338
0.68 0.000205977
0.681 0.000205616
0.682 0.000205257
0.683 0.000204899
0.684 0.000204542
0.685 0.000204187
0.686 0.000203832
0.687 0.000203479
0.688 0.000203127
0.689 0.000202777
0.69 0.000202427
0.691 0.000202079
0.692 0.000201731
0.693 0.000201385
0.694 0.00020104
0.695 0.000200697
0.696 0.000200354
0.697 0.000200013
0.698 0.000199672
0.699 0.000199333
0.7 0.000198995
0.701 0.000198658
0.702 0.000198322
0.703 0.000197987
0.704 0.000197654
0.705 0.000197321
0.706 0.00019699
0.707 0.000196659
0.708 0.00019633
0.709 0.000196002
0.71 0.000195674
0.711 0.000195348
0.712 0.000195023
0.713 0.000194699
0.714 0.000194376
0.715 0.000194054
0.716 0.000193733
0.717 0.000193414
0.718 0.000193095
0.719 0.000192777
0.72 0.00019246
0.721 0.000192144
0.722 0.00019183
0.723 0.000191516
0.724 0.000191203
0.725 0.000190892
0.726 0.000190581
0.727 0.000190271
0.728 0.000189962
0.729 0.000189654
0.73 0.000189348
0.731 0.000189042
0.732 0.000188737
0.733 0.000188433
0.734 0.00018813
0.735 0.000187828
0.736 0.000187527
0.737 0.000187226
0.738 0.000186927
0.739 0.000186629
0.74 0.000186332
0.741 0.000186035
0.742 0.00018574
0.743 0.000185445
0.744 0.000185151
0.745 0.000184858
0.746 0.000184567
0.747 0.000184276
0.748 0.000183985
0.749 0.000183696
0.75 0.000183408
0.751 0.000183121
0.752 0.000182834
0.753 0.000182548
0.754 0.000182263
0.755 0.000181979
0.756 0.000181696
0.757 0.000181414
0.758 0.000181133
0.759 0.000180852
0.76 0.000180573
0.761 0.000180294
0.762 0.000180016
0.763 0.000179739
0.764 0.000179462
0.765 0.000179187
0.766 0.000178912
0.767 0.000178638
0.768 0.000178365
0.769 0.000178093
0.77 0.000177822
0.771 0.000177551
0.772 0.000177281
0.773 0.000177012
0.774 0.000176744
0.775 0.000176476
0.776 0.00017621
0.777 0.000175944
0.778 0.000175679
0.779 0.000175415
0.78 0.000175151
0.781 0.000174888
0.782 0.000174626
0.783 0.000174365
0.784 0.000174105
0.785 0.000173845
0.786 0.000173586
0.787 0.000173328
0.788 0.000173071
0.789 0.000172814
0.79 0.000172558
0.791 0.000172303
0.792 0.000172048
0.793 0.000171795
0.794 0.000171542
0.795 0.000171289
0.796 0.000171038
0.797 0.000170787
0.798 0.000170537
0.799 0.000170287
0.8 0.000170039
0.801 0.000169791
0.802 0.000169543
0.803 0.000169297
0.804 0.000169051
0.805 0.000168806
0.806 0.000168561
0.807 0.000168318
0.808 0.000168074
0.809 0.000167832
0.81 0.00016759
0.811 0.000167349
0.812 0.000167109
0.813 0.000166869
0.814 0.00016663
0.815 0.000166392
0.816 0.000166154
0.817 0.000165917
0.818 0.000165681
0.819 0.000165445
0.82 0.00016521
0.821 0.000164975
0.822 0.000164742
0.823 0.000164508
0.824 0.000164276
0.825 0.000164044
0.826 0.000163813
0.827 0.000163582
0.828 0.000163352
0.829 0.000163123
0.83 0.000162895
0.831 0.000162666
0.832 0.000162439
0.833 0.000162212
0.834 0.000161986
0.835 0.00016176
0.836 0.000161536
0.837 0.000161311
0.838 0.000161087
0.839 0.000160864
0.84 0.000160642
0.841 0.00016042
0.842 0.000160199
0.843 0.000159978
0.844 0.000159758
0.845 0.000159538
0.846 0.000159319
0.847 0.000159101
0.848 0.000158883
0.849 0.000158666
0.85 0.000158449
0.851 0.000158233
0.852 0.000158018
0.853 0.000157803
0.854 0.000157588
0.855 0.000157375
0.856 0.000157161
0.857 0.000156949
0.858 0.000156737
0.859 0.000156525
0.86 0.000156314
0.861 0.000156104
0.862 0.000155894
0.863 0.000155685
0.864 0.000155476
0.865 0.000155268
0.866 0.00015506
0.867 0.000154853
0.868 0.000154646
0.869 0.00015444
0.87 0.000154235
0.871 0.00015403
0.872 0.000153826
0.873 0.000153622
0.874 0.000153418
0.875 0.000153215
0.876 0.000153013
0.877 0.000152811
0.878 0.00015261
0.879 0.000152409
0.88 0.000152209
0.881 0.000152009
0.882 0.00015181
0.883 0.000151611
0.884 0.000151413
0.885 0.000151215
0.886 0.000151018
0.887 0.000150822
0.888 0.000150625
0.889 0.00015043
0.89 0.000150234
0.891 0.00015004
0.892 0.000149846
0.893 0.000149652
0.894 0.000149459
0.895 0.000149266
0.896 0.000149074
0.897 0.000148882
0.898 0.00014869
0.899 0.0001485
0.9 0.000148309
0.901 0.000148119
0.902 0.00014793
0.903 0.000147741
0.904 0.000147553
0.905 0.000147365
0.906 0.000147177
0.907 0.00014699
0.908 0.000146804
0.909 0.000146618
0.91 0.000146432
0.911 0.000146247
0.912 0.000146062
0.913 0.000145878
0.914 0.000145694
0.915 0.000145511
0.916 0.000145328
0.917 0.000145145
0.918 0.000144963
0.919 0.000144782
0.92 0.0001446
0.921 0.00014442
0.922 0.000144239
0.923 0.00014406
0.924 0.00014388
0.925 0.000143701
0.926 0.000143523
0.927 0.000143345
0.928 0.000143167
0.929 0.00014299
0.93 0.000142813
0.931 0.000142637
0.932 0.000142461
0.933 0.000142285
0.934 0.00014211
0.935 0.000141936
0.936 0.000141761
0.937 0.000141588
0.938 0.000141414
0.939 0.000141241
0.94 0.000141069
0.941 0.000140897
0.942 0.000140725
0.943 0.000140553
0.944 0.000140383
0.945 0.000140212
0.946 0.000140042
0.947 0.000139872
0.948 0.000139703
0.949 0.000139534
0.95 0.000139365
0.951 0.000139197
0.952 0.00013903
0.953 0.000138862
0.954 0.000138695
0.955 0.000138529
0.956 0.000138363
0.957 0.000138197
0.958 0.000138031
0.959 0.000137867
0.96 0.000137702
0.961 0.000137538
0.962 0.000137374
0.963 0.00013721
0.964 0.000137047
0.965 0.000136885
0.966 0.000136722
0.967 0.00013656
0.968 0.000136399
0.969 0.000136238
0.97 0.000136077
0.971 0.000135916
0.972 0.000135756
0.973 0.000135597
0.974 0.000135437
0.975 0.000135278
0.976 0.00013512
0.977 0.000134961
0.978 0.000134804
0.979 0.000134646
0.98 0.000134489
0.981 0.000134332
0.982 0.000134176
0.983 0.00013402
0.984 0.000133864
0.985 0.000133708
0.986 0.000133553
0.987 0.000133399
0.988 0.000133244
0.989 0.00013309
0.99 0.000132937
0.991 0.000132783
0.992 0.000132631
0.993 0.000132478
0.994 0.000132326
0.995 0.000132174
0.996 0.000132022
0.997 0.000131871
0.998 0.00013172
0.999 0.00013157
