10.0153 -6.93438
10.8792 -1.39071
11.3063 -5.97644
11.2579 -2.14934
10.9256 -5.42097
10.9973 -1.57909
6.83056 -4.18655
11.866 -3.75435
7.26107 -3.45208
11.3487 -2.46757
11.7769 -3.03375
11.5164 -5.49646
11.0232 -1.6741
10.7066 -6.99771
11.0811 -1.73738
10.8993 -5.47847
9.73859 -7.27893
11.0265 -6.4979
6.85428 -4.15144
11.6759 -2.70635
11.2478 -6.09428
11.0597 -6.4409
11.7849 -3.06706
11.7188 -4.87703
11.8659 -3.85174
6.70494 -4.38757
10.3514 -7.47409
11.3333 -2.40369
11.1404 -6.29767
10.3792 -6.41737
10.7256 -6.9701
10.836 -1.32823
11.8425 -3.39464
11.2393 -1.92769
10.9598 -1.51615
11.7106 -2.80429
10.9785 -1.54715
11.2641 -1.96022
11.5789 -2.47774
10.8965 -1.41671
11.7779 -4.62463
11.7425 -4.78282
11.4362 -3.32595
10.2203 -6.65339
11.3203 -4.26065
10.3094 -6.52329
11.6996 -2.77195
5.68548 -3.71342
11.8363 -4.27271
11.2246 -4.62517
10.4638 -6.28405
11.01 -6.52588
11.8238 -3.2633
7.44988 -3.01433
11.3641 -4.04523
7.38912 -3.17955
11.6842 -5.00265
11.8386 -3.36294
10.4333 -7.37021
11.4269 -3.54641
11.2466 -2.11691
11.037 -5.1599
11.3627 -2.53146
11.2233 -2.05319
11.4323 -3.45191
11.7845 -4.59232
11.5398 -5.43534
11.6657 -5.06519
11.7714 -4.65598
11.5628 -2.44462
11.4337 -3.42032
11.1872 -4.74556
11.806 -3.16521
6.60755 -4.49334
11.2508 -4.53484
11.3347 -5.91715
7.11045 -3.73567
10.5725 -7.18577
11.8654 -3.88513
10.8725 -5.53574
11.387 -2.65925
11.4388 -3.25026
11.5468 -2.41248
7.20239 -3.56674
9.9964 -6.95907
11.7574 -4.71948
6.81879 -4.20378
11.0831 -1.73653
10.2472 -7.60199
10.9766 -5.3053
10.781 -6.88843
11.4356 -3.35712
10.6114 -7.1323
6.70906 -4.3588
9.77926 -7.23048
10.8171 -5.65025
9.71842 -7.30268
11.4301 -3.04084
11.3849 -3.92108
7.48112 -2.96003
7.50477 -2.89961
11.609 -2.54304
7.34482 -3.27768
11.4922 -5.55736
11.829 -3.29663
11.3335 -2.05622
11.3692 -2.56294
11.3184 -5.97013
11.4101 -2.81832
11.3252 -2.37221
11.5953 -5.28207
10.562 -6.12144
10.9201 -5.4222
10.4969 -6.23011
11.4246 -3.57741
11.137 -4.89453
10.7749 -5.73395
10.7313 -5.81776
6.90107 -4.08068
11.5736 -5.34371
10.2921 -6.549
11.6563 -5.09592
10.9888 -5.27667
11.052 -1.70524
9.87914 -7.10841
11.8579 -4.04683
11.422 -3.6093
11.8338 -3.32899
11.4163 -3.67209
11.0603 -5.10119
10.7978 -6.86729
11.4173 -2.88209
11.3165 -2.33981
7.31393 -3.33313
10.8341 -1.48587
10.6688 -7.05179
10.688 -7.02446
11.3921 -2.69067
11.4347 -3.38919
10.8712 -6.75063
11.2178 -6.1523
6.59503 -4.51001
11.2027 -6.18158
7.05739 -3.82793
11.8278 -4.3371
9.84039 -7.15576
11.3525 -4.1071
11.8646 -3.68901
10.9416 -6.63881
9.95767 -7.00914
11.4355 -3.16797
11.0247 -5.19089
11.2353 -2.08551
10.5532 -7.21201
11.1084 -6.35534
11.6505 -2.64081
10.5939 -6.06672
10.4807 -6.25672
10.6913 -5.88757
7.41489 -3.12034
7.15197 -3.66089
7.47294 -2.98048
6.84262 -4.16876
6.80622 -4.22095
10.8315 -5.6208
10.7311 -1.39321
9.91859 -7.05892
7.32662 -3.31677
10.2564 -6.60133
11.4231 -2.94498
10.9928 -1.64209
7.08938 -3.77285
11.4258 -2.97719
5.67464 -3.72804
11.5626 -5.37401
10.1836 -7.67761
11.094 -5.01318
10.3926 -7.42234
10.7015 -5.87361
10.9638 -5.33472
11.4318 -3.07218
11.8599 -4.0139
11.0132 -5.21839
11.8593 -3.64212
11.2331 -6.12316
11.1443 -1.86332
11.0486 -5.131
10.331 -7.49958
10.5776 -6.09485
6.72131 -4.342
11.3772 -2.12075
7.17238 -3.62324
11.2774 -6.03548
10.0913 -6.83301
10.9066 -6.69486
11.4801 -5.58729
11.2675 -4.47411
11.1348 -5.31813
11.8662 -3.81961
10.8591 -5.56388
11.0152 -1.61015
11.853 -4.11164
7.48899 -2.94012
11.1564 -6.26832
11.8183 -4.40153
11.4138 -2.84974
6.87779 -4.11615
10.4926 -7.29487
7.01377 -3.90117
11.4204 -2.91349
11.1583 -1.89461
11.3898 -5.79785
10.1839 -6.70516
10.1489 -6.753
10.5297 -6.17591
11.5265 -5.12427
9.85957 -7.13268
11.3626 -5.85762
11.2153 -4.65578
7.10008 -3.75399
9.89919 -7.08334
9.927 -7.07596
10.8175 -6.83336
10.8035 -5.67749
10.8675 -1.51732
11.7906 -4.5609
10.6713 -5.92921
11.5847 -5.31247
6.746 -4.30772
10.4737 -7.31778
10.744 -6.94322
11.1629 -1.83229
7.00288 -3.91911
11.0742 -6.42437
11.3401 -4.16882
6.95812 -3.99148
10.1658 -6.73057
11.3465 -4.13752
6.9354 -4.0274
11.1087 -1.76865
6.64632 -4.44318
10.7657 -1.42371
11.1576 -4.83491
11.3749 -3.98322
6.63339 -4.4602
10.8452 -5.59279
7.25138 -3.47166
6.68404 -4.39279
10.2263 -7.62702
11.3111 -2.02438
7.12107 -3.71677
11.2888 -2.2445
11.8556 -3.52582
7.40644 -3.13992
11.1962 -4.71851
7.46495 -3.00033
11.4675 -5.61804
11.6465 -5.12752
11.4579 -2.25029
10.1613 -7.70469
6.94695 -4.0092
11.2988 -4.35212
7.43183 -3.08048
11.8437 -4.20819
7.02492 -3.88266
7.39784 -3.16019
11.5126 -2.34732
11.1709 -1.9238
11.1294 -1.83112
6.98062 -3.95538
7.37154 -3.21903
9.81959 -7.18173
11.2835 -4.4132
11.4132 -3.70297
6.92412 -4.04503
11.8232 -4.36877
6.77048 -4.27326
10.0727 -6.85806
7.1604 -3.64053
11.8024 -4.497
11.8528 -3.49257
10.9627 -1.61107
11.7879 -3.1038
11.7221 -2.83882
11.0716 -5.07219
11.4099 -3.74442
11.7688 -3.00136
11.8502 -4.14354
10.4332 -6.33049
11.6878 -2.73866
9.69754 -7.32712
6.83483 -3.3422
10.7458 -5.79016
9.75927 -7.25438
10.3723 -7.44791
6.9067 -4.11992
11.05 -1.67328
10.4133 -7.39593
11.6232 -2.57533
10.2024 -6.67893
10.8582 -1.3599
10.3273 -6.4964
10.3622 -6.44352
10.9586 -6.61082
11.4061 -3.76558
11.5511 -5.4052
11.4965 -2.31758
11.4765 -2.28228
7.19254 -3.58543
11.3813 -2.62681
11.7317 -2.86995
10.8354 -6.80613
7.03569 -3.86464
10.5332 -7.23896
11.2685 -2.18069
11.8602 -3.59132
6.65882 -4.42659
7.52029 -2.85895
11.394 -3.85879
11.8617 -3.9819
10.1406 -7.72787
11.6367 -5.15817
10.6499 -7.07852
11.862 -3.62359
11.4421 -5.67747
7.3537 -3.25836
11.4367 -3.26263
11.4186 -2.18544
10.5923 -7.15868
11.7967 -4.5285
7.24175 -3.49047
11.8183 -3.23093
11.8456 -4.16881
10.5136 -7.26505
11.8133 -4.43296
6.73386 -4.32462
11.3338 -4.19916
11.3266 -4.23533
11.4333 -3.10443
11.4307 -3.48342
10.8536 -6.778
10.2047 -7.65273
7.28015 -3.41354
10.3446 -6.47038
11.3755 -2.59534
11.1145 -1.79987
11.7268 -4.84598
7.18234 -3.60463
10.8997 -1.54833
10.8007 -1.45521
10.2893 -7.55094
11.1472 -4.86519
11.2911 -4.38313
10.976 -6.58248
11.7511 -2.93565
11.0925 -6.38364
11.1263 -4.92465
10.6253 -6.01175
6.79475 -4.23861
10.9384 -5.39253
10.7163 -5.84611
11.1718 -6.23976
11.6265 -5.18767
10.9514 -5.36325
7.07885 -3.79104
11.2062 -4.68546
7.36278 -3.23843
11.455 -5.64786
11.3799 -3.9524
11.8556 -4.07878
10.4135 -6.36409
11.3407 -2.43449
7.2705 -3.43311
11.8322 -4.30445
10.4473 -6.31054
11.594 -2.50993
11.1158 -4.95396
11.3061 -4.32197
10.7606 -5.76167
10.8892 -6.72237
7.13133 -3.69836
7.30816 -3.35571
11.3485 -5.88787
10.0348 -6.90871
11.2754 -4.44401
7.33561 -3.29753
11.4382 -2.21737
11.7103 -4.90906
11.764 -4.68432
11.4017 -2.75451
11.4345 -3.13573
6.9908 -3.93656
11.3069 -2.28729
11.76 -2.96802
10.1287 -6.78193
11.4193 -3.64025
10.6094 -6.03967
11.1158 -4.92935
11.3895 -3.89041
10.8141 -1.29751
7.49703 -2.91958
10.9204 -1.45336
11.7349 -4.81396
11.1247 -6.32611
11.3761 -5.8282
11.1398 -1.80526
11.1675 -4.80547
7.44852 -3.04048
11.3982 -3.82806
11.7922 -3.09948
11.8644 -3.91687
7.22219 -3.52869
11.2629 -6.06448
11.2875 -1.99186
11.406 -2.76006
11.4293 -5.7082
11.2334 -4.5954
11.1855 -1.95817
10.0535 -6.8838
11.8497 -3.46026
6.62078 -4.47669
6.75845 -4.29026
10.9928 -6.55463
11.2112 -2.02181
11.403 -5.76832
7.28945 -3.39449
11.7019 -4.93993
11.2147 -1.89615
11.0332 -1.6423
10.6406 -5.98457
11.4361 -3.19922
11.8663 -3.78652
7.42352 -3.10014
11.6164 -5.22022
6.91247 -4.06316
11.858 -3.55811
11.3077 -2.30835
