3.84413 -6.12093
1.74747 -6.28738
5.91038 -4.34424
4.55818 -10.6301
0.749022 -3.28182
2.23983 -10.9563
3.03069 -1.82317
8.42702 -9.04014
-1.23217 -2.48949
10.0305 -7.49652
-1.67978 -10.3859
-2.92411 -4.91844
7.54435 -0.944064
3.72099 0.776462
11.5008 -4.61696
-3.93802 -3.70377
11.0292 -2.01601
-2.74691 -0.0663563
6.66618 2.15073
-5.64402 -7.80424
-2.10125 1.47842
1.71689 3.61003
11.3033 -13.7904
5.82735 3.95068
-5.08414 0.105428
-7.55854 -5.17623
0.096322 4.4232
-2.41997 3.86792
-4.88427 2.15876
-8.07737 -11.9455
2.54467 6.39366
-8.86812 -2.30386
-6.97999 -14.89
-9.13533 0.53901
-0.685722 7.80355
13.2581 5.10594
-7.63026 4.44443
-4.83795 7.09345
-6.05869 6.27237
6.60523 9.7532
