7.86 15.97
18.89 24.03
17.61 10.84
17.53 34.09
4.81 11.96
13.68 29.38
23.33 19.46
22.77 12.01
26.59 20.09
16.98 27.53
12.65 13.05
13.19 11.28
10.9 17.39
24.67 21.79
13.98 4.45
22.44 14.32
10.44 31.07
23.11 29.5
13.53 12.78
26.14 24.07
14.13 10.42
20.47 16.55
5.34 34.81
24.64 10.11
26.38 13.78
21.23 27.95
11.51 27.13
11.82 7.64
5.93 22.65
14.3 4.01
12.73 29.88
13.95 21.33
22.73 8.18
6.35 30.57
18.6 23.23
18.92 6.49
17.18 16.01
26.39 24.66
19.22 24.82
18.45 4.37
14.73 39.94
6.87 17.69
4.62 18.98
20.48 34.2
16.84 13.43
11.23 33.09
21.39 26.49
20.71 9.12
19.06 11.45
3.2 11.59
23.16 33.92
16.67 10.59
22.35 16.45
18.55 16.32
7.41 4.14
12.95 15.89
18.68 13.46
5.37 12.3
23.55 7.19
15.35 17.5
27.68 12.05
23.2 34.27
18.28 38.85
11.88 8.65
16.51 39.64
14.92 20.88
16.44 19.99
28.97 25.63
9.66 37.84
22.43 18.41
24.16 9.23
26.58 33.45
17.52 27.79
7.19 13.77
6.34 26.52
22.38 23.06
23.36 30.59
14.48 11.68
11.07 31.38
27.15 29.55
7.91 15.16
4.74 27.98
16.05 4.68
7.73 22.6
19.02 29.28
19.02 31.81
4.36 27.65
17.14 12.58
11.81 5.94
5.83 30.74
11.53 25.34
29.66 35.67
5.37 6.96
11.84 16.24
16.53 19.01
22.03 33.91
28.86 13.82
3.44 11.02
26.57 37.69
13.07 12.88
