11.7879 -3.1038
11.76 -2.96802
10.6178 -1.04983
11.4345 -3.13573
11.3165 -2.33981
10.9598 -1.51615
11.1398 -1.80526
11.8593 -3.64212
11.6232 -2.57533
11.1583 -1.89461
11.7714 -4.65598
10.5056 -1.20926
11.3692 -2.56294
10.3574 -0.77604
11.8386 -3.36294
11.8456 -4.16881
11.3921 -2.69067
11.0152 -1.61015
11.4101 -2.81832
11.3487 -2.46757
11.8363 -4.27271
11.609 -2.54304
11.406 -2.76006
10.8997 -1.54833
10.768 -1.23529
11.2393 -1.92769
11.8528 -3.49257
10.5361 -0.958296
10.8007 -1.45521
11.8602 -3.59132
11.4231 -2.94498
10.8965 -1.41671
11.4323 -3.45191
10.4985 -0.917451
11.3252 -2.37221
11.8579 -4.04683
11.4163 -3.67209
11.3111 -2.02438
11.8238 -3.2633
10.7311 -1.39321
10.299 -1.059
11.8183 -3.23093
11.8322 -4.30445
10.836 -1.32823
11.4258 -2.97719
11.8425 -3.39464
10.9785 -1.54715
11.3407 -2.43449
11.2875 -1.99186
11.2888 -2.2445
11.1145 -1.79987
11.5468 -2.41248
11.5126 -2.34732
10.5836 -1.27022
11.4193 -3.64025
11.4382 -2.21737
11.4061 -3.76558
11.0332 -1.6423
11.1087 -1.76865
10.72 -1.17326
11.5789 -2.47774
11.8599 -4.0139
11.2466 -2.11691
10.8141 -1.29751
11.3772 -2.12075
11.8133 -4.43296
10.2287 -0.657296
11.4204 -2.91349
11.7769 -3.03375
10.6445 -1.08106
11.7106 -2.80429
11.8437 -4.20819
11.7688 -3.00136
10.6587 -1.33154
11.8556 -4.07878
11.6878 -2.73866
11.8662 -3.81961
11.8617 -3.9819
11.8654 -3.88513
11.8278 -4.3371
11.2233 -2.05319
11.1629 -1.83229
10.1666 -0.970258
10.2611 -0.686294
11.0811 -1.73738
11.7906 -4.5609
11.7849 -3.06706
11.4965 -2.31758
10.8792 -1.39071
11.806 -3.16521
11.4355 -3.16797
10.4787 -0.89728
11.7779 -4.62463
10.7657 -1.42371
11.7967 -4.5285
11.3627 -2.53146
11.0831 -1.73653
10.6299 -1.30941
10.4249 -1.14868
11.764 -4.68432
11.4132 -3.70297
11.3333 -2.40369
10.384 -1.11898
10.1241 -0.56712
11.8646 -3.68901
11.8659 -3.85174
10.1202 -0.940322
11.3069 -2.28729
11.866 -3.75435
11.4318 -3.07218
11.4388 -3.25026
9.94052 -0.420469
11.2147 -1.89615
11.594 -2.50993
11.4356 -3.35712
11.7574 -4.71948
11.4099 -3.74442
11.052 -1.70524
9.956 -0.430339
10.5455 -1.24015
11.2353 -2.08551
10.9973 -1.57909
11.4362 -3.32595
11.4337 -3.42032
11.0232 -1.6741
11.1709 -1.9238
11.4579 -2.25029
11.4017 -2.75451
10.9204 -1.45336
11.1294 -1.83112
10.1597 -0.597229
11.5628 -2.44462
10.8675 -1.51732
11.8663 -3.78652
11.2112 -2.02181
11.8502 -4.14354
11.8497 -3.46026
11.4138 -2.84974
11.3813 -2.62681
10.389 -0.80669
9.90249 -0.391727
10.1937 -0.626547
11.4173 -2.88209
10.4662 -1.17937
11.6759 -2.70635
10.5913 -1.01956
11.2641 -1.96022
11.4347 -3.38919
11.3335 -2.05622
11.8338 -3.32899
11.4361 -3.19922
10.3261 -0.746346
10.6699 -1.11144
11.4367 -3.26263
11.2685 -2.18069
11.4307 -3.48342
11.1855 -1.95817
10.089 -0.537964
11.3895 -3.89041
11.7922 -3.09948
10.9627 -1.61107
11.3982 -3.82806
11.8024 -4.497
11.4269 -3.54641
11.858 -3.55811
11.2579 -2.14934
11.387 -2.65925
11.862 -3.62359
11.4333 -3.10443
10.4496 -0.867303
10.8582 -1.3599
10.6958 -1.14303
11.394 -3.85879
11.7317 -2.86995
11.4246 -3.57741
11.6505 -2.64081
11.7845 -4.59232
11.8183 -4.40153
11.1443 -1.86332
11.7221 -2.83882
10.8341 -1.48587
10.0159 -0.479039
11.829 -3.29663
11.4186 -2.18544
11.05 -1.67328
11.422 -3.6093
11.8556 -3.52582
11.853 -4.11164
10.211 -0.999441
11.4301 -3.04084
10.4191 -0.836524
10.2556 -1.02924
11.3755 -2.59534
10.9928 -1.64209
11.8232 -4.36877
11.3077 -2.30835
11.4765 -2.28228
11.6996 -2.77195
11.8644 -3.91687
11.7511 -2.93565
