3.73491 -5.34255
3.96549 -5.2221
-0.745924 -10.7318
1.57438 -11.1467
0.545607 -6.91721
6.19984 -4.97031
0.954886 -6.9477
4.61831 -6.18236
9.02225 -8.03218
1.40293 -6.96642
0.589909 -6.91121
4.16111 -5.10843
2.46802 -11.1697
3.24182 -5.55573
1.58816 -10.6227
2.89498 -5.66885
6.21437 -4.95489
3.83767 -6.53891
2.55966 -6.87958
3.42518 -10.5767
4.34843 -10.4295
4.80413 -10.8937
3.48299 -5.45866
6.33351 -10.4154
1.91207 -11.1614
10.562 -6.12144
10.2472 -7.60199
11.3347 -5.91715
9.81959 -7.18173
2.25671 -6.92158
5.00691 -5.9543
10.1613 -7.70469
4.03252 -11.0421
7.17646 -9.37946
4.41015 -4.94679
9.29987 -7.76649
4.77926 -6.09232
1.33981 -10.6045
11.01 -6.52588
1.15319 -10.587
2.58557 -10.6375
2.40329 -11.1699
4.53161 -10.3898
5.0662 -4.41278
3.03883 -6.78382
0.408375 -6.88564
2.66474 -11.166
6.60755 -4.49334
2.84012 -6.82801
2.41189 -5.79524
2.89976 -6.81544
1.81045 -6.95834
3.23671 -6.73349
7.66023 -9.77118
1.52546 -10.6187
3.49869 -5.45187
7.25754 -9.9922
4.45186 -10.9687
-0.0658615 -10.9078
4.25702 -10.4479
10.5923 -7.15868
-1.65682 -9.91942
5.13554 -10.2336
-0.8016 -10.2054
6.70517 -9.62627
5.90375 -9.97484
3.87588 -6.5243
1.32128 -6.96515
9.43019 -8.46487
5.81151 -10.6078
0.225071 -6.86169
6.9908 -3.93656
9.40179 -7.65489
3.80582 -11.0748
5.90413 -10.576
8.72573 -9.05941
3.51042 -6.65283
3.1459 -10.6045
1.83777 -10.6352
6.55622 -4.55939
0.0442742 -10.4156
4.89941 -10.8712
5.99066 -9.9411
3.57782 -5.41678
3.4159 -11.1195
1.74876 -11.1538
4.83218 -6.06136
3.98094 -5.21352
1.03635 -6.95324
9.87552 -8.02206
6.59503 -4.51001
10.8315 -5.6208
4.95955 -4.51367
6.76133 -9.59857
3.02719 -5.77753
6.87313 -9.54208
4.95371 -10.2904
10.7015 -5.87361
0.307806 -6.86987
0.965942 -11.0839
7.03569 -3.86464
4.29121 -10.9989
7.58009 -9.14059
3.27426 -5.54345
3.09865 -6.76934
7.31578 -9.9617
3.07853 -6.7743
5.37977 -5.69773
4.54785 -10.9495
5.19546 -5.8294
9.40649 -8.48661
3.97064 -6.48644
8.62041 -9.13903
3.58814 -6.62753
8.5974 -8.40658
2.92753 -11.1549
9.38033 -7.67744
9.77926 -7.23048
2.51934 -6.88598
4.09728 -11.0319
6.83056 -4.18655
5.04151 -5.93197
10.1406 -7.72787
2.08825 -11.1744
3.70356 -6.58796
10.2263 -7.62702
10.5725 -7.18577
0.428752 -6.889
1.87928 -11.1599
1.05775 -11.0969
6.3546 -4.80064
2.70016 -6.85529
6.54564 -10.3279
0.914172 -6.9446
7.01377 -3.90117
2.05423 -6.94192
4.4364 -6.27698
9.60498 -8.28741
10.7749 -5.73395
7.91391 -9.61931
1.38265 -6.96417
-1.23193 -10.5903
5.54338 -5.57281
9.18122 -7.87953
0.529491 -6.90332
-0.0468559 -10.3963
1.43278 -10.612
0.16675 -10.4403
8.20197 -8.7166
5.02675 -10.8397
10.0535 -6.8838
3.64172 -10.5499
3.4668 -5.4656
4.88034 -4.58362
-1.13902 -10.6203
4.25821 -11.0049
5.12152 -10.8152
6.15086 -10.4864
10.3094 -6.52329
8.3769 -8.58367
7.74498 -9.72158
6.04889 -9.91793
8.59438 -9.1583
3.07905 -5.61391
3.16066 -5.58546
9.84039 -7.15576
10.8452 -5.59279
10.1287 -6.78193
6.44998 -4.68957
2.4961 -5.77723
9.75927 -7.25438
6.24235 -10.4513
-1.56909 -9.9523
7.12165 -9.40988
7.9981 -8.86363
-1.01015 -10.1426
5.62449 -10.6692
6.27281 -4.89738
7.77369 -9.7045
6.42267 -9.75891
4.80451 -10.3242
4.00277 -10.4961
9.9964 -6.95907
10.5136 -7.26505
7.11155 -10.0666
1.07711 -6.95566
8.16314 -9.45992
8.64576 -8.36623
11.3761 -5.8282
7.02492 -3.88266
3.15774 -6.75439
6.70906 -4.3588
6.06905 -5.10446
4.80027 -4.65157
3.41905 -5.4857
1.32407 -11.1226
2.3674 -10.6423
3.33477 -6.70608
4.622 -4.79358
3.54925 -10.5619
-0.168747 -10.3693
3.49118 -6.66397
2.14918 -10.6426
5.81643 -10.0078
5.55182 -10.102
4.74596 -4.69616
4.23501 -5.06257
4.04252 -10.4878
3.5305 -5.43794
1.95278 -6.94982
8.04937 -8.82743
10.4638 -6.28405
0.998375 -10.5701
7.4601 -9.884
2.71473 -5.72392
2.23894 -11.1697
10.6253 -6.01175
3.38696 -5.49891
3.98095 -10.4984
0.126615 -10.948
10.4969 -6.23011
4.78655 -4.66295
7.55381 -9.15696
2.71994 -6.8516
5.11371 -4.3692
4.1217 -6.42366
0.792771 -6.93385
2.32723 -5.81205
6.36552 -9.78442
0.781914 -10.5426
-0.983685 -10.6689
4.9549 -5.98687
2.91089 -11.0451
-0.651988 -10.2477
7.0817 -10.0814
1.19353 -11.1099
10.7313 -5.81776
7.68605 -9.07336
7.99722 -9.56718
10.3446 -6.47038
-0.289007 -10.857
0.642129 -11.039
2.59917 -11.1676
0.158291 -10.9543
6.084 -5.08952
-0.950571 -10.161
10.8035 -5.67749
6.91247 -4.06316
4.20545 -5.08111
2.66469 -5.73694
8.10807 -9.49604
10.4135 -6.36409
3.7926 -5.3152
3.68456 -6.59464
0.772158 -6.93181
5.96602 -10.5542
9.78418 -8.11776
9.1353 -8.72771
11.3485 -5.88787
0.706973 -11.0488
4.76121 -6.10273
6.3944 -10.3909
2.76258 -11.1629
0.670975 -6.92096
2.37824 -6.90641
-0.447596 -10.818
-0.888761 -10.6972
0.350919 -10.4747
2.78159 -5.70576
0.381222 -10.48
-0.00178255 -10.9216
8.6695 -8.34624
4.54589 -6.2209
10.0727 -6.85806
0.136564 -10.4343
4.77318 -4.67396
3.54637 -11.1061
1.21955 -6.96224
4.79676 -6.08216
5.49258 -10.122
11.2629 -6.06448
8.05276 -9.5318
5.07575 -4.40584
5.87359 -10.5866
10.0093 -7.87673
1.55238 -11.1414
6.47684 -4.65732
3.30106 -10.59
3.9199 -5.24704
1.65005 -11.148
7.66002 -9.09006
9.24806 -7.8131
4.71859 -4.71818
7.7633 -9.02345
2.15555 -6.93251
10.6713 -5.92921
3.81882 -6.546
6.04041 -5.1355
3.64594 -6.60802
10.2893 -7.55094
-0.228512 -10.3553
10.2921 -6.549
10.7458 -5.79016
5.12653 -4.35666
4.473 -6.2585
-0.605593 -10.7769
-1.18793 -10.0856
6.40951 -4.73733
7.39295 -9.25465
6.80622 -4.22095
6.98062 -3.95538
10.4926 -7.29487
6.22239 -9.84639
5.7346 -5.41406
11.0742 -6.42437
6.65745 -9.64758
8.88165 -8.93744
6.9067 -4.11992
0.610464 -6.91377
11.2774 -6.03548
5.68705 -5.45454
4.59251 -10.3759
-0.352698 -10.8416
2.61725 -10.6365
-0.525872 -10.2852
10.4332 -6.33049
1.09105 -10.5805
7.11045 -3.73567
5.31131 -10.7633
6.11969 -10.4981
5.11039 -5.88688
2.03451 -6.93583
9.45489 -8.4416
4.77123 -10.9014
6.6364 -10.2888
4.49153 -6.24905
-0.921192 -10.1699
4.03361 -5.18672
10.7066 -6.99771
1.78976 -6.95933
8.49988 -8.48625
0.752147 -6.92978
-0.993124 -10.1497
-0.668804 -10.7597
-1.15817 -10.0954
-1.48178 -9.98418
1.22663 -11.1132
2.63111 -5.74539
7.08938 -3.77285
1.90022 -10.6374
0.247759 -6.85958
-0.531505 -10.2802
4.84862 -6.04798
4.97235 -4.50215
10.3723 -7.44791
-1.33537 -10.0358
5.04497 -10.2596
-1.27642 -10.056
5.08832 -4.39379
5.67144 -5.4677
1.3621 -6.96591
7.19911 -10.0223
2.86596 -10.6248
3.93515 -5.2387
10.8171 -5.65025
9.09063 -7.96743
5.56194 -10.6888
4.59405 -4.81474
4.46694 -4.90745
8.00001 -8.84763
5.22934 -5.80594
9.62149 -8.28173
1.30117 -6.96469
-0.129858 -10.8937
5.49464 -5.61045
7.28625 -9.97723
2.76005 -6.844
2.49234 -10.6401
4.1343 -10.4713
9.69151 -8.21215
1.97284 -6.94838
1.28047 -6.96416
3.33248 -10.5868
6.81879 -4.20378
6.30346 -10.4274
4.02622 -5.18798
4.56334 -6.20991
10.1836 -7.67761
10.0348 -6.90871
2.54718 -5.76557
4.58216 -6.20175
3.84328 -5.2877
10.3514 -7.47409
4.58042 -10.9428
5.40126 -10.1635
7.60319 -9.80395
7.51765 -9.85217
4.30766 -6.33947
1.84654 -11.1586
3.99591 -5.20514
2.95913 -11.1539
3.85847 -5.27976
1.91204 -6.95256
10.5297 -6.17591
2.00991 -11.1649
2.93965 -6.80671
5.7031 -5.44099
3.35409 -6.70037
11.1084 -6.35534
1.25352 -10.5957
0.373105 -10.4934
3.26763 -6.085
8.40143 -8.56447
10.0757 -7.80232
6.49418 -4.64755
6.70494 -4.38757
3.70367 -5.3578
2.47962 -5.78082
-0.731912 -10.7423
5.29667 -5.75833
2.697 -11.1651
2.64801 -10.6353
0.711548 -6.92549
4.22046 -5.07173
4.215 -6.38231
2.21612 -6.9265
-1.80162 -9.86338
2.29725 -6.91677
1.02878 -10.5736
10.7978 -6.86729
9.57311 -7.46901
6.56908 -4.54314
0.658233 -10.5249
2.96402 -5.65161
3.83879 -11.0703
6.27993 -9.8218
2.79802 -5.70116
4.66348 -4.76164
4.1592 -6.40725
-1.85942 -9.84037
4.37946 -10.423
4.07127 -5.162
10.781 -6.88843
0.105499 -10.4281
6.16471 -9.87061
1.86854 -10.6363
0.287066 -10.9789
6.47966 -9.73304
10.4473 -6.31054
2.49136 -10.7789
1.46387 -6.96674
9.85248 -8.04646
5.96208 -9.95229
2.45909 -6.89508
4.48447 -10.4032
10.3273 -6.4964
5.22496 -10.207
1.12257 -10.5839
4.10402 -10.4769
6.9354 -4.0274
-0.410645 -10.3113
4.91993 -6.00849
-1.29402 -10.5697
3.85763 -10.5185
5.78668 -10.0188
8.99885 -8.05404
4.07282 -10.4825
4.34465 -6.32187
-1.25425 -10.5796
2.69823 -5.72827
8.85975 -8.18088
6.42292 -4.72162
8.94463 -8.10695
-1.09887 -10.1146
2.8976 -10.6228
3.20813 -10.599
-1.36437 -10.0258
4.32644 -6.33057
7.73873 -9.0392
9.25948 -8.61958
2.27414 -10.643
4.35572 -10.9871
7.92098 -8.91715
1.62716 -6.96495
-0.711535 -10.231
6.39556 -4.75332
5.6562 -10.6591
-0.259508 -10.3482
10.331 -7.49958
6.67743 -9.63979
6.52996 -4.59223
7.40235 -9.91545
4.22664 -11.0103
-0.198725 -10.3624
4.65332 -10.3615
-0.511053 -10.8018
4.06538 -11.037
2.47899 -6.89214
6.171 -5.00045
1.12831 -11.1029
10.744 -6.94322
6.87779 -4.11615
3.88893 -10.5135
3.56845 -6.63404
6.93435 -10.1529
3.81237 -5.30365
2.94724 -5.65687
3.95202 -6.49439
11.1404 -6.29767
7.44678 -9.22245
2.37796 -5.80214
9.55167 -7.49286
6.79475 -4.23861
3.37399 -6.69465
1.16139 -11.1065
2.64767 -5.74125
4.5521 -4.84597
4.39535 -4.9572
4.5095 -6.23982
3.2167 -6.73889
4.26493 -5.04956
7.80152 -9.68785
2.80011 -6.83613
6.08938 -10.5094
4.64458 -10.9292
2.5548 -10.6385
2.13553 -6.93449
1.17876 -6.96065
0.975545 -6.9492
4.51618 -10.956
4.86799 -10.8787
3.32254 -5.52472
3.28904 -5.53814
9.89919 -7.08334
4.10133 -5.14434
5.12514 -5.86979
9.87914 -7.10841
2.20663 -11.1693
10.2203 -6.65339
9.95767 -7.00914
3.019 -10.615
5.25576 -10.1974
8.21799 -9.42342
3.1877 -11.1391
9.63571 -7.39838
-1.07662 -10.6401
-0.574413 -10.7852
0.489052 -6.89774
2.99065 -10.6167
1.37049 -10.6071
1.71293 -10.6297
4.14019 -6.41562
-1.62742 -9.93054
10.0972 -7.77782
6.31311 -4.84735
8.2726 -9.38656
4.49545 -4.88715
1.27757 -10.5991
2.8646 -5.68196
6.25686 -4.90924
2.59994 -6.87293
5.37436 -10.7452
4.13012 -11.0266
5.33012 -5.73419
-0.225225 -10.872
0.738941 -11.0534
0.289462 -10.4636
7.79119 -9.00469
1.26036 -6.96359
8.90702 -8.91711
9.63003 -7.41721
6.05448 -5.11891
2.09489 -6.93833
5.34439 -10.1701
3.05898 -6.77905
1.03105 -11.0918
7.97266 -8.88142
5.98012 -5.19126
5.01536 -10.2679
3.54932 -6.6403
5.34655 -5.72221
7.63316 -9.10716
10.6499 -7.07852
10.2564 -6.60133
2.1184 -10.6422
8.97608 -8.07516
6.36443 -10.403
8.93308 -8.89608
-1.06961 -10.1239
3.4324 -6.67714
3.78136 -5.31941
1.80612 -10.6339
5.69896 -10.0507
4.84046 -4.6178
5.46194 -5.63572
5.75006 -5.40071
7.06665 -9.43993
1.71553 -11.1519
-0.637674 -10.7682
-0.621463 -10.2561
0.348084 -6.87647
6.81532 -10.2086
5.77835 -10.6198
7.21799 -10.0192
0.222642 -10.9668
8.64727 -9.1189
2.39817 -6.9037
1.64727 -6.96447
1.13797 -6.95883
6.92876 -9.51328
3.05685 -11.1482
6.28508 -4.8784
10.6913 -5.88757
4.6911 -4.74
3.11817 -6.76446
11.1247 -6.32611
3.0462 -5.62496
3.74065 -11.0833
6.1568 -5.01534
9.23508 -8.64113
8.29942 -9.36827
3.57977 -10.558
3.01328 -5.63581
10.9586 -6.61082
1.97762 -11.1639
2.93094 -5.66193
3.51329 -11.1096
3.45111 -11.1147
2.68122 -5.73269
3.93571 -11.0567
1.65053 -10.6264
5.16143 -5.85263
-0.320206 -10.3336
3.12797 -5.59703
6.9936 -10.1245
3.59386 -5.40947
3.25308 -11.134
0.0940141 -10.9414
5.07551 -10.2509
6.84558 -10.1946
2.71044 -10.6328
5.18489 -10.7983
8.02543 -9.54928
2.77284 -10.6298
7.60702 -9.12369
5.58097 -10.0921
3.01926 -6.78852
2.02358 -10.6408
8.95832 -8.87557
8.10048 -8.79083
4.17609 -5.09913
-0.857813 -10.7063
3.68788 -5.36538
9.89781 -7.99828
6.53649 -9.70679
3.33891 -5.51825
6.43667 -4.70538
3.3506 -11.1256
7.37382 -9.93081
4.93329 -4.53717
5.39145 -5.67427
2.30453 -11.1702
10.1658 -6.73057
5.43322 -10.1416
0.0142087 -10.4093
6.02478 -5.14809
8.40768 -9.29308
10.5332 -7.23896
5.46826 -10.7175
3.79608 -10.5279
5.44578 -5.64809
2.61977 -6.86956
8.88288 -8.16015
2.07426 -6.94017
4.58024 -4.8251
1.42304 -6.96658
3.78048 -6.56023
-0.384043 -10.8339
2.52188 -10.6396
9.52656 -8.37378
6.72605 -10.2491
6.68404 -4.39279
6.75013 -10.2416
0.448646 -6.89194
9.03427 -8.8131
10.7256 -6.9701
4.67616 -10.9224
3.20932 -5.56781
3.52959 -6.64669
5.78132 -5.37346
9.08498 -8.77048
1.89135 -6.95404
4.72555 -6.12313
4.68325 -10.3543
0.0283284 -10.9284
5.09027 -10.8234
8.71747 -8.30539
0.627798 -10.5203
8.46145 -9.25495
2.2932 -5.81842
6.66603 -10.2758
-1.5403 -9.9629
3.35479 -5.51192
8.2771 -8.6603
2.33776 -6.91171
4.89477 -10.3007
4.0464 -6.45575
5.41285 -5.67302
10.1489 -6.753
1.45476 -11.1339
4.81357 -4.64047
4.38154 -6.30402
8.54877 -8.44658
3.05296 -10.6121
-0.350078 -10.3263
8.54124 -9.19734
0.267566 -6.86304
2.92 -6.81104
5.05903 -5.92062
1.50469 -6.96665
-0.681608 -10.2395
1.09719 -6.95676
0.650996 -6.91864
4.47063 -10.4034
3.64092 -5.38769
7.31223 -9.30206
8.15134 -8.75389
10.0153 -6.93438
2.27642 -5.82149
0.228071 -10.4521
6.5035 -4.62488
6.29892 -4.86313
7.10967 -9.41276
3.64363 -11.0951
6.73368 -9.61227
3.87409 -5.27154
8.32712 -8.62215
7.55589 -9.14835
-1.10738 -10.6304
9.66848 -8.2352
0.318898 -10.9847
8.47569 -8.50568
1.72888 -6.96189
-0.193735 -10.8792
7.42028 -9.23836
8.25236 -8.67897
1.30824 -10.6018
3.71907 -5.35031
1.68808 -6.9633
4.90265 -6.01905
0.89413 -6.94295
-0.951495 -10.6785
2.59747 -5.75364
6.19779 -9.85582
2.57951 -6.87633
8.82994 -8.97845
6.60585 -10.3021
1.49509 -10.6166
10.4737 -7.31778
4.99848 -4.47826
4.0841 -6.43982
11.0265 -6.4979
11.3626 -5.85762
2.74029 -6.84779
10.5776 -6.09485
8.62125 -8.38675
4.27038 -6.35601
9.06008 -8.79143
0.512618 -11.0184
4.1957 -10.4598
6.746 -4.30772
-0.0646483 -10.3995
5.42909 -5.66075
0.609251 -11.0339
10.8175 -6.83336
11.2478 -6.09428
-0.741655 -10.2226
6.45514 -10.3659
10.8536 -6.778
2.97948 -6.79774
2.681 -6.82714
4.38747 -10.9811
8.83587 -8.20214
1.11788 -6.95784
6.62078 -4.47669
5.75776 -10.0294
2.7928 -10.6209
3.08364 -10.6097
8.5684 -8.4319
11.1718 -6.23976
-0.831096 -10.1968
5.17871 -5.84087
1.93099 -10.6383
9.53077 -7.51594
3.76543 -10.5324
0.674069 -11.0439
6.87492 -10.181
2.92832 -10.6209
3.89522 -6.51681
10.9928 -6.55463
8.78876 -8.24358
11.2178 -6.1523
-1.42314 -10.0051
9.28452 -8.59732
5.02446 -5.94293
4.19661 -6.3906
4.31828 -10.4357
2.26966 -10.6389
1.0567 -6.95344
0.843831 -10.5509
1.55743 -10.6208
2.41868 -6.90087
11.1564 -6.26832
2.4357 -11.17
8.4342 -9.27434
3.74207 -6.57421
3.48115 -11.113
7.36636 -9.27039
8.48784 -9.23602
6.72131 -4.342
5.21267 -5.81753
8.02411 -8.84533
2.07548 -11.1667
1.3894 -11.1285
3.51331 -10.567
3.95047 -5.23038
10.0534 -7.82746
10.6094 -6.03967
1.75801 -10.6297
8.45073 -8.52559
2.85983 -6.82524
10.9416 -6.63881
3.60723 -6.62115
8.42642 -8.54484
7.94224 -9.6011
1.58634 -6.96576
5.61094 -10.0817
9.47862 -8.4193
2.83523 -10.6265
2.89363 -11.1573
0.260351 -10.4579
2.91415 -5.66708
9.29246 -7.76819
6.90018 -9.52822
0.504391 -10.5009
11.2027 -6.18158
5.84211 -10.5974
6.98422 -9.48413
3.85707 -6.53152
5.27841 -10.773
3.45106 -5.47228
6.02777 -10.532
5.55957 -5.55925
2.01354 -6.94527
-1.45922 -9.99324
6.57614 -10.3149
5.71864 -5.42775
1.83054 -6.95732
-0.380816 -10.3187
-0.107842 -10.383
3.54396 -5.43272
6.05821 -10.5208
10.4333 -7.37021
9.33368 -8.55316
6.02028 -9.92936
7.96978 -9.58448
7.33821 -9.28709
2.14105 -11.1682
2.42988 -10.6414
3.17009 -5.57415
10.7606 -5.76167
3.72311 -6.58101
9.73859 -7.27893
7.1405 -10.0521
9.06813 -7.98888
2.79583 -11.1616
1.56562 -6.96617
10.3926 -7.42234
4.11654 -5.13531
2.30495 -10.6428
4.32302 -5.00575
1.6198 -10.6246
6.51657 -4.60882
5.47855 -5.62293
6.65882 -4.42659
-0.471121 -10.2959
0.867397 -6.96321
3.57848 -11.1026
2.36122 -5.80546
2.11492 -6.93647
2.98029 -5.64644
10.3622 -6.44352
4.53775 -4.85652
5.7493 -10.6287
8.17393 -8.73801
-0.890886 -10.179
1.77534 -10.6326
10.0913 -6.83301
2.80364 -10.6282
5.68695 -10.6491
6.32686 -4.83198
3.48724 -10.5695
10.8892 -6.72237
0.933884 -11.0799
10.9066 -6.69486
3.47145 -6.66511
1.60645 -6.96539
5.81241 -5.34599
0.720047 -10.5339
3.39329 -6.68894
4.45285 -4.91738
10.4807 -6.25672
9.11054 -8.74883
2.3991 -10.6419
3.82721 -10.5232
2.34801 -5.80698
0.447957 -11.0076
2.42908 -5.79166
2.62159 -5.74567
6.45056 -9.74634
1.61782 -11.1459
5.31317 -5.74647
5.14462 -5.86399
8.35367 -9.33086
2.17334 -11.1688
4.96313 -10.8557
9.15869 -7.90149
3.25612 -6.7282
4.52384 -4.86666
11.0925 -6.38364
10.5939 -6.06672
0.995612 -6.95059
2.50129 -11.1694
1.0962 -11.0993
5.8585 -5.30458
1.06045 -10.5772
0.936342 -10.5627
6.78975 -9.58438
-1.01412 -10.6594
4.98975 -5.96502
4.74019 -10.9082
7.01147 -9.46963
0.934828 -6.94619
5.16508 -10.2249
4.02779 -6.46351
5.1051 -10.2424
10.6406 -5.98457
-0.137859 -10.3763
9.69754 -7.32712
6.56443 -9.69373
0.80387 -11.0626
0.541662 -11.0242
3.19327 -5.57369
4.40957 -10.4166
3.09522 -5.60839
9.927 -7.07596
8.8126 -8.22271
7.575 -9.81996
1.78103 -11.1555
5.79712 -5.36088
4.85558 -4.60385
6.81731 -9.57051
0.900885 -11.0756
3.3946 -10.5801
3.91399 -6.50947
4.43831 -4.92755
1.42099 -6.59253
3.19726 -6.74406
6.51572 -10.3406
11.2331 -6.12316
5.53102 -10.6984
3.43488 -5.47908
6.09848 -5.07496
4.16545 -10.4655
0.287977 -6.86653
6.84262 -4.16876
5.01164 -4.46612
9.9428 -7.94977
5.34239 -10.7544
8.92962 -8.11782
9.57418 -8.32792
-0.416297 -10.8259
3.75026 -5.33496
10.8712 -6.75063
5.60762 -5.52045
0.0753494 -10.422
10.8354 -6.80613
0.566066 -10.5108
6.75845 -4.29026
1.54552 -6.96633
5.5918 -5.53331
4.41831 -6.28594
7.05267 -10.0958
1.94436 -11.1627
4.59998 -6.19222
4.25225 -6.36531
5.9949 -5.17706
1.21536 -10.5932
9.978 -7.88809
4.88482 -6.02987
8.6999 -9.07913
6.94695 -4.0092
4.86748 -6.04032
7.20339 -9.36434
1.93211 -6.95124
-1.38648 -10.5383
0.836005 -11.067
2.5336 -11.1689
11.0597 -6.4409
10.0317 -7.85179
5.96485 -5.20582
4.865 -10.3085
4.70791 -6.13299
2.44577 -5.78814
5.59367 -10.6789
5.31414 -10.1796
3.61121 -10.5539
3.91932 -10.5086
6.90107 -4.08068
6.42524 -10.3783
2.37012 -11.1703
4.74392 -10.3394
0.569962 -6.90866
-1.5987 -9.9413
3.29548 -6.71726
7.71707 -9.73803
10.5532 -7.21201
2.25913 -5.82459
4.323 -10.9931
5.52173 -10.1122
3.06239 -5.61954
-0.794916 -10.7244
5.73044 -10.0389
4.4944 -10.9553
1.35649 -11.1255
1.23965 -6.96298
9.18533 -8.6846
1.99345 -10.64
2.27221 -11.17
9.00934 -8.83367
1.4216 -11.1312
6.85428 -4.15144
6.07833 -9.90607
3.28527 -11.1313
0.731713 -6.92711
4.67751 -4.75068
4.48272 -4.90897
3.02888 -5.63088
3.80084 -6.56261
0.874354 -10.5549
4.2894 -6.34806
2.8978 -5.67205
6.63339 -4.4602
2.99139 -11.1521
7.54593 -9.83634
6.30822 -9.80955
2.24234 -5.82756
4.56598 -4.83571
0.577343 -11.0289
5.02439 -4.4543
4.35212 -4.98642
10.6114 -7.1323
4.45498 -6.26761
5.82766 -5.33238
6.95812 -3.99148
3.56222 -5.42381
5.28473 -10.1887
5.91966 -5.24835
-1.21735 -10.0759
3.67234 -5.37285
5.26308 -5.78225
-0.480581 -10.8099
2.83134 -5.69166
10.2024 -6.67893
9.48809 -7.56257
3.36309 -10.5835
2.82812 -11.1603
9.22607 -7.8351
4.29379 -5.02489
5.64002 -10.0716
4.63679 -4.78173
9.85957 -7.13268
4.74365 -6.11277
9.71842 -7.30268
9.13607 -7.92364
4.8356 -10.8864
3.70873 -11.0872
8.22683 -8.6981
-1.16971 -10.6105
2.21166 -10.6429
4.89383 -4.57191
6.10687 -9.89445
3.21984 -11.1366
7.86908 -8.95253
3.88924 -5.2635
10.976 -6.58248
9.91859 -7.05892
7.12107 -3.71677
7.83011 -9.6706
4.00058 -11.047
4.00861 -6.47143
4.33737 -4.99625
9.73801 -8.16512
9.59386 -7.44577
4.95512 -10.2845
11.3063 -5.97644
3.11523 -10.6071
6.95611 -9.49897
4.17764 -6.39908
9.21416 -8.65444
6.25076 -9.83432
6.73386 -4.32462
-1.68562 -9.90847
0.38336 -10.9963
5.40538 -10.7361
2.27728 -6.91917
7.81695 -8.98756
3.98995 -6.47907
4.67205 -6.15297
9.50976 -7.53871
0.534677 -10.5058
3.61154 -11.0988
6.18568 -4.98522
-0.161356 -10.8866
7.25791 -9.33338
0.442775 -10.4906
10.1839 -6.70516
9.67724 -7.35068
8.76517 -8.26422
10.7163 -5.84611
3.31842 -11.1284
-1.20128 -10.6003
4.10634 -6.44974
10.688 -7.02446
4.77449 -10.3317
5.37374 -10.1608
9.4238 -7.63159
0.416123 -11.0021
2.0867 -10.6418
2.51342 -5.7733
0.0623769 -10.935
0.754445 -10.5382
4.62248 -10.3689
7.84342 -8.96983
2.33662 -10.6426
0.596472 -10.5155
3.22582 -5.56171
9.71514 -8.18833
11.3184 -5.97013
7.3444 -9.94653
4.63608 -6.17272
5.94997 -5.21991
8.38169 -9.31011
2.81493 -5.69637
6.77048 -4.27326
5.88916 -5.27657
5.24816 -10.781
3.17737 -6.75187
-0.441362 -10.3035
4.64982 -4.77223
-0.700815 -10.7509
0.812417 -10.5467
0.35156 -10.9907
2.78038 -6.84004
8.19016 -9.44203
9.8065 -8.09509
6.92412 -4.04503
-1.39421 -10.0154
2.56379 -5.76168
1.44375 -6.96669
9.4451 -7.60888
-1.83012 -9.85208
9.35778 -8.53128
5.88145 -5.21598
10.2047 -7.65273
5.05014 -4.43016
7.02296 -10.1101
4.08654 -5.15306
8.67323 -9.09935
6.50768 -9.72015
4.16199 -11.0213
2.39517 -5.79867
4.05643 -5.17062
10.4133 -7.39593
9.83002 -8.07007
3.60941 -5.40234
7.14869 -9.39492
2.65999 -6.86255
9.04489 -8.01089
-0.0974015 -10.9009
4.83433 -10.3165
5.27975 -5.77075
6.62101 -9.66694
5.05807 -10.8317
5.15369 -10.8067
3.7036 -10.5413
2.23673 -6.92386
2.74819 -5.71495
9.64469 -8.25883
10.3792 -6.41737
2.88009 -6.81965
4.36642 -4.97683
5.84528 -9.99702
9.30878 -8.57561
3.77379 -11.079
2.53006 -5.76952
5.63961 -5.49418
7.5004 -9.18988
0.63043 -6.9162
3.41314 -6.68298
1.70883 -6.95867
7.05739 -3.82793
3.17676 -5.57967
5.84333 -5.3183
4.28759 -10.4418
3.27032 -10.593
8.80605 -8.99475
1.76967 -6.96023
2.76431 -5.71064
6.12773 -5.04526
7.00288 -3.91911
2.35887 -6.89358
-0.861442 -10.1878
1.48697 -11.1365
9.50298 -8.39625
2.73029 -11.164
8.07533 -8.80891
5.52718 -5.58496
1.68327 -11.15
0.388399 -6.88285
8.85545 -8.95829
4.42416 -4.93739
6.54292 -4.57608
0.469141 -6.89491
5.07602 -5.90954
6.22844 -4.93988
6.64632 -4.44318
3.87079 -11.0659
7.07885 -3.79104
1.25878 -11.1164
4.30819 -5.0155
9.33655 -7.72297
4.40872 -6.32922
6.18109 -10.4749
4.90689 -4.56049
8.77797 -9.01911
2.43859 -6.89805
4.86721 -4.59495
5.57546 -5.5465
5.10122 -4.38134
4.13127 -5.12648
3.12229 -11.1438
2.19615 -6.92831
-0.591795 -10.2641
9.35814 -7.7006
0.328235 -6.87325
3.66495 -6.60123
2.53919 -6.88353
6.26951 -10.4424
-1.12897 -10.1049
3.30662 -5.53095
1.74898 -6.9611
7.66982 -9.77869
-1.74369 -9.88608
5.93459 -5.23432
3.97343 -11.0486
-1.35599 -10.5488
3.0246 -11.1502
5.64519 -5.45887
4.61204 -10.9361
0.853451 -6.93947
6.7859 -10.2221
4.26446 -5.04383
-1.41784 -10.5275
7.85782 -9.65376
6.38215 -4.76909
0.319735 -10.4691
8.24492 -9.40531
4.75934 -4.68531
4.56161 -10.383
-0.220932 -10.8595
10.8591 -5.56388
0.868851 -11.0714
4.98567 -4.48999
5.01527 -10.8324
0.812793 -6.93576
6.90509 -10.1668
4.19084 -5.09018
-0.920601 -10.6877
2.05592 -10.6413
1.8713 -6.95506
7.10008 -3.75399
10.6688 -7.05179
9.20336 -7.85768
7.48891 -9.86782
3.8276 -5.29582
7.23107 -9.34868
9.98745 -7.90094
