2.61009 -2.3299
2.28816 1.99828
3.12011 1.07401
0.862008 -3.07804
2.52738 3.51007
3.47164 0.711063
2.81698 1.11313
3.34326 -1.23975
0.467911 -3.07993
3.32553 -1.28477
3.24794 -1.46101
3.23544 -1.48677
4.34852 1.65367
1.94859 3.13991
3.47651 2.37129
2.71909 2.338
3.81969 -1.77139
3.2003 -2.64378
2.82138 3.22137
3.53845 0.286095
1.79191 -2.85753
3.55421 -0.174467
1.24379 -3.0264
2.91126 -2.90532
1.38916 3.53154
3.56082 -0.221342
1.71656 3.31739
3.04249 1.83983
3.86857 1.59945
1.88459 -3.46596
2.36423 -3.26216
2.08644 3.02826
3.051 -2.78625
2.98012 -2.85536
2.80923 -2.12573
3.0878 -1.75208
2.9076 3.12788
2.47921 -2.44384
2.09984 1.19575
3.02563 1.86985
3.52964 -0.491048
3.82478 -1.76109
0.781445 -3.08259
2.01413 -3.41702
3.74637 -1.91101
3.54472 -2.23181
2.19915 -2.64537
-0.155802 2.22612
3.17397 -1.60516
1.11081 -3.05027
1.8988 -2.80984
2.72798 -2.21407
1.05448 3.71252
1.80849 -2.85048
3.21407 -1.52942
-0.267189 1.34634
3.53838 -2.24071
2.37878 -2.5222
1.84153 -2.83605
2.92153 -1.99004
1.34017 -3.00519
2.58721 -3.13506
2.60343 -2.33606
3.28985 1.31454
2.8395 -2.09081
2.64632 2.43226
3.10771 1.71822
2.55629 2.54244
2.79166 -2.99699
1.83317 -2.83975
3.44721 2.418
3.41838 -2.39886
4.16925 0.459756
2.88699 -2.03363
2.91058 1.90784
2.88862 3.14884
1.97661 3.11686
3.55268 -0.215824
2.3331 3.67881
3.5026 0.551335
1.96708 3.95697
2.16808 1.18848
4.12804 0.747381
4.06218 1.01299
4.17398 0.422256
3.94795 1.38858
1.71324 2.07207
3.30332 -1.33842
3.23567 2.7264
2.75353 2.29115
3.55549 -0.0902861
3.40223 2.48763
2.38121 2.73821
4.17691 0.397164
3.02752 2.98962
-0.021557 1.34279
3.14379 1.64664
0.10933 1.33932
3.45252 -2.3558
2.50972 2.59675
3.55056 0.128094
1.427 -2.98312
3.55008 -0.267196
4.19995 0.110397
2.67716 -3.07703
4.27633 1.66793
3.48601 -2.31212
2.51766 2.58761
3.53293 0.338717
4.08996 0.899834
3.69052 -2.00802
3.51675 -2.26497
2.42066 3.60473
2.40956 1.98144
4.14517 0.623036
3.48365 2.35974
3.67829 2.01494
3.48905 0.625776
2.75672 -3.02218
3.41649 0.934305
1.82353 4.05355
1.50398 3.4609
2.52818 -2.40287
3.64686 2.07502
3.6079 2.14696
3.46936 0.721568
3.48925 0.601843
3.55543 -0.122758
3.70317 1.96655
3.85414 -1.70003
4.23188 0.909094
3.03132 -1.83877
2.50025 -2.42646
0.530572 -3.08303
3.8297 -1.75106
3.13405 2.85941
3.55452 -0.164294
2.78782 2.24347
3.58271 -2.17708
1.27005 -3.02096
3.54076 -0.389701
4.16766 0.47248
3.34833 2.56801
1.76708 -2.86786
3.20532 -1.54641
2.15318 -2.67368
2.18523 2.93303
1.18593 3.64568
4.31261 0.89576
4.19735 0.160173
3.3406 2.57929
1.05824 -3.05781
3.06476 1.79935
-0.489546 1.34565
3.35509 -1.19953
3.80953 -1.79162
3.01407 1.89004
0.611242 -3.08514
2.86341 -2.0624
1.15334 3.66275
3.25633 1.39806
3.30805 1.84343
1.62977 -3.54076
2.27841 -3.30524
3.41033 -2.40605
2.611 3.43231
3.63402 2.09905
2.75819 -2.18316
2.73445 -2.20731
3.29958 -1.34718
4.1783 0.384807
2.09376 -3.38784
4.11733 0.773824
1.68682 3.33851
3.16955 -2.67467
3.72083 1.9303
4.1839 0.0437862
3.61352 -2.13095
2.63905 2.44142
1.79923 4.06926
3.82224 1.7104
3.02693 -2.808
2.11419 2.99815
3.53211 -0.470848
2.95439 3.07526
2.8515 -2.07665
2.38387 3.63
3.49275 -2.30315
2.1064 -2.70128
1.97487 -3.43417
3.52839 -0.500972
0.269384 2.20609
1.33615 3.55991
2.61689 -2.32359
2.85493 -2.07476
3.66714 0.997142
3.91652 1.47566
2.62535 1.92668
4.19035 0.259632
2.96754 1.09401
2.12305 2.99017
1.0261 1.29129
3.53946 0.275658
1.90733 -2.81451
3.22981 1.46067
2.83356 -2.09776
1.55752 -3.55813
1.22933 3.62243
3.38933 -1.11149
3.70883 1.95458
4.04547 1.07572
4.04206 1.08811
3.04315 -2.79361
2.9056 2.06876
1.5962 3.40074
1.87253 3.20066
3.28581 1.32489
3.84523 -1.72136
1.19089 -3.03659
3.55479 -0.153744
1.41845 -2.98542
2.5716 2.52419
3.50911 -0.630927
3.14635 -2.69744
3.25219 2.70393
4.19661 0.172448
4.08898 0.94803
3.00476 -1.87731
3.35018 -1.22157
1.60729 -2.9279
2.59425 2.49684
3.72669 1.91832
2.6622 3.38307
3.18329 1.56416
2.20282 2.91648
3.44969 0.806841
1.13804 -3.04579
2.30606 2.81571
1.41023 3.51892
3.54578 0.201773
2.95545 -1.94547
2.06426 -3.39982
1.38367 -2.99449
4.06512 1.70869
2.86952 3.16971
3.42732 -0.989668
3.09273 -1.74418
3.15403 -2.68995
2.16873 2.01444
3.0288 -1.85252
1.25144 3.61049
3.39472 2.49902
3.55448 0.0336712
4.15894 0.535141
4.0205 1.16351
0.42717 2.19586
1.16413 3.65714
3.67327 -2.03714
2.35488 -3.26701
1.32267 -3.00929
2.91691 3.11752
1.88246 -2.81748
3.37391 2.53387
3.11663 2.88138
1.45215 3.49336
2.72168 -2.22062
4.10947 0.811814
1.35764 -3.00098
3.60196 2.1588
3.55589 -0.0602959
1.73367 -2.88133
3.85594 1.74767
2.8543 2.14706
3.51133 0.498243
4.19872 0.135273
3.82747 1.69827
2.86091 2.13718
2.63028 -2.31102
2.11064 2.02214
3.59558 0.475332
0.629204 -3.08532
2.6324 -3.10642
2.17108 -3.35004
1.46165 -2.97351
3.34018 1.18228
1.81485 3.24502
4.20407 -0.0257886
3.07017 1.78935
3.36947 -2.45811
4.07185 0.975038
3.29011 -2.54872
3.32913 1.20927
1.73639 3.30311
1.29361 3.58689
1.51598 -3.56738
4.11982 0.761409
3.44183 0.838649
3.68468 -2.01777
2.99137 3.03266
3.11193 -2.74427
0.200331 1.33633
3.55571 -0.101964
3.46977 -0.829367
4.20422 -0.0379636
3.44065 -0.942263
1.9577 3.14354
3.54047 0.26492
3.54074 0.248944
3.55503 -0.143524
1.70165 -3.52182
2.0143 3.92374
3.57645 -2.18652
3.49105 0.615273
3.54143 0.254484
1.56773 -3.55577
3.43275 -0.970691
2.97204 -1.92302
2.22907 2.00633
0.709898 -3.08482
2.54204 -2.39092
2.76736 2.27208
0.193524 2.21051
3.45732 0.774751
2.86036 -2.9454
1.96334 1.20983
2.40588 2.71194
3.9524 1.37591
3.98882 1.26361
1.94729 -2.78644
3.31935 -2.51609
0.390474 1.32867
3.52508 0.402665
3.91931 1.46314
3.59537 1.78347
1.42115 3.51239
3.241 -2.62978
0.912868 1.29914
0.347256 2.20121
3.16834 2.8152
3.05221 -1.80749
3.54998 0.138473
3.43998 0.847519
3.87319 -1.6587
3.35699 -1.20334
3.14141 -1.663
1.57328 -2.93934
3.40751 0.966052
3.40747 -1.0555
3.83796 1.67361
2.16866 -2.66427
2.44641 2.66793
2.6235 -2.31741
3.52298 -0.541192
2.21091 -3.33699
0.294036 1.33279
4.04525 1.14844
4.15128 0.58546
2.43624 -2.4784
3.3637 -1.18503
1.95485 -3.44146
0.997364 2.14894
3.13658 -1.67133
4.18827 0.284623
2.3315 2.78988
3.28484 2.65878
1.98472 -3.43052
3.5062 0.530031
1.53904 -2.95035
1.04323 3.718
2.73274 3.31307
3.30478 -2.53246
3.3854 1.04025
3.55501 0.0127139
3.42493 2.4527
3.37646 1.83195
3.52545 -2.25871
1.67406 3.34669
3.27627 -1.40014
3.98925 0.947813
3.5363 0.30729
3.39359 1.01593
2.22979 -2.62576
3.2162 1.49173
0.682754 -3.08525
0.550313 2.18698
1.95786 3.13233
0.155161 1.33787
3.20083 -1.55508
0.691939 -3.08512
2.45112 1.15703
0.960291 -3.06955
3.41329 -1.03673
1.77529 -2.86448
3.39247 -1.10206
0.512625 -3.08228
3.23403 1.45058
3.66731 -2.04631
2.1588 2.95758
1.04224 -3.05719
3.13879 1.65677
2.82143 -2.11179
1.94468 -3.44517
4.20474 -0.0506603
3.50792 0.519538
2.07797 3.03032
0.548523 -3.08369
1.14216 1.28277
1.30447 3.58075
2.40206 -3.24218
3.20965 -1.53805
2.2592 -3.31468
2.75268 3.29282
1.43123 3.50619
3.3511 1.1462
3.50744 -0.640714
4.01686 1.17588
2.4639 3.56712
1.66054 -3.53286
2.65041 -3.09472
3.53737 0.296846
3.39052 -2.43294
3.49285 -0.719764
0.772603 -3.08296
4.12477 0.736209
0.894521 -3.07416
1.76773 2.06552
2.08295 -2.71467
3.26803 -2.57278
3.39549 -1.09289
2.97302 1.95996
3.54817 -0.297862
1.93159 3.98146
0.308624 2.20367
3.43369 0.870443
2.40787 -2.50026
1.54699 -3.56052
1.88372 4.01386
1.12033 3.6797
3.22748 2.73744
2.74647 2.30081
3.7444 1.88161
3.40134 0.987309
3.27457 1.05314
2.1331 -3.37135
-0.417495 1.34647
2.94888 1.99974
3.55173 -0.236456
2.01384 3.08566
3.47423 -0.80765
2.69706 2.36691
0.969959 1.29524
3.48281 -0.768646
3.53878 -0.410044
3.54517 -0.338833
0.879921 -3.07674
2.66854 1.13138
1.91074 3.17047
3.40153 -1.07423
2.53226 -3.16852
2.8673 2.12757
0.591664 1.31868
3.21835 -1.52103
4.19458 -0.156925
2.10349 -3.38392
2.74438 1.1217
2.86006 3.17997
3.5473 0.180655
2.92427 2.03934
2.46754 -3.2061
2.29021 -2.58548
0.489675 1.32398
1.07603 -3.05532
2.97796 1.89685
1.79537 3.25969
3.43641 0.859952
1.12904 -3.04726
4.08706 0.912248
3.07534 -2.76449
1.68326 -2.90074
2.37385 -3.25714
2.81531 -2.11876
0.949545 2.15341
0.476747 -3.08045
1.93934 -2.79035
2.68999 2.37617
1.26104 1.27355
3.52637 2.28917
3.36031 -1.19431
2.79085 -2.14638
0.0839638 2.21628
3.54807 0.169826
1.56955 1.24744
3.29684 -1.34945
2.43965 -3.2217
2.48053 2.63075
2.4294 -2.48362
-0.305367 1.3465
4.13188 0.698598
3.49092 -0.72945
2.76036 2.28176
2.30839 1.17317
2.01952 -2.7494
1.61651 3.38707
-0.206929 2.23468
1.55618 -2.9449
2.84786 2.15665
2.65013 -2.29209
3.05916 1.80963
2.5047 -3.18476
4.56189 1.6105
3.53667 -0.43035
3.93474 1.42583
1.86438 -3.47268
-0.146631 1.34511
3.17448 1.86543
3.26058 1.38776
3.3146 -1.31154
1.38273 1.26362
3.05368 1.81961
3.70408 -1.95922
0.642939 1.31584
3.18752 -1.58016
3.10266 -1.7281
1.53676 -3.56282
-0.283102 2.22957
3.34025 1.17776
2.44375 -2.47236
3.35472 1.13547
1.62415 -2.92211
2.55682 3.47975
3.54596 -0.32877
3.53091 -0.480801
1.06701 -3.0566
3.7489 1.85701
2.07491 -2.7192
2.16081 -2.66905
3.94362 1.40088
3.53162 0.349719
2.98208 1.94313
2.45433 2.6592
3.45229 0.796029
2.22076 -3.33247
0.754654 -3.08363
2.73045 -3.04067
4.39597 0.881792
3.55223 -0.225993
1.81664 -2.84697
1.32582 3.56857
1.48492 -3.57394
3.51927 0.445192
1.58629 3.40739
0.557368 -3.08397
4.186 0.309644
1.36624 -2.99886
1.99564 -2.76193
0.858123 1.30276
3.49208 2.34802
4.06863 0.987816
2.05972 3.04628
1.27896 -3.01905
2.81753 -2.97789
3.47857 -0.788172
3.36696 -1.176
2.70883 -2.23384
3.72995 -1.94029
3.47204 -0.817225
2.35515 3.66045
1.44371 1.25846
3.00041 3.02212
3.64969 -2.07464
3.51227 2.31275
3.37993 -1.13915
4.13859 0.660659
3.50239 -0.675059
4.1493 0.59786
1.89168 3.18562
3.77958 -1.79021
1.22617 -3.02991
3.0573 -1.79973
4.20387 -0.0132441
3.00255 -2.82926
2.255 2.86633
2.1314 -2.686
3.09185 1.74868
2.22028 2.90267
3.75013 1.86959
1.52186 -2.9557
3.04246 1.08427
1.83278 3.23097
3.46913 2.38316
2.05422 -3.40382
3.09711 1.73863
3.51558 -0.591087
3.29685 -2.53993
2.48615 -3.19549
2.18186 -3.35009
-0.227248 1.34605
1.97958 -2.7702
3.36169 1.11443
3.64365 -2.08422
3.50397 -0.660545
3.15385 1.62607
3.42996 -0.981502
2.38957 2.72937
3.62569 -2.11227
3.79544 1.77169
3.08107 1.76903
2.92807 -2.89174
4.18102 0.359737
2.97294 3.054
2.97777 3.06997
2.52318 -3.17391
0.835255 -3.07979
4.15519 0.560296
2.86902 -2.93869
3.6152 -2.11637
2.93632 -2.885
3.04694 -1.81548
2.695 -3.06503
1.06538 3.70718
2.25526 3.74208
3.64555 2.04999
1.75862 -2.87132
3.50569 -0.650785
2.76968 2.26357
1.08475 2.14239
3.73269 1.90597
2.54845 3.49078
2.46245 2.65018
2.03029 1.20298
0.566477 -3.08423
2.44887 -3.21658
3.07264 2.9358
4.1797 0.372086
4.2005 0.0981497
3.5557 -0.0291301
2.02458 -3.41542
2.98303 -1.90786
2.26349 2.85803
1.48743 -2.96606
3.41352 0.944858
2.83477 -2.96494
0.826022 -3.08038
3.40623 -1.03952
3.50439 0.540839
1.08479 -3.05406
3.04181 -1.82317
3.19599 1.06384
1.49377 3.46737
3.69669 1.97883
3.54883 -0.287748
2.24498 -2.61584
3.54498 0.212183
3.25312 -2.58877
3.59462 2.17084
3.52158 -0.551074
2.96095 -1.93809
2.96101 1.97987
2.16234 -3.35871
1.85398 -3.47487
3.50984 0.508285
2.06717 -2.72351
1.82941 1.22314
2.54087 2.56061
3.01865 3.00066
0.494683 -3.08141
2.2826 -2.59068
3.42808 0.891739
2.4529 3.57665
3.4458 -0.92315
3.55262 0.0860076
3.35136 1.04251
2.20653 1.2056
0.374581 2.20304
3.29398 1.30389
2.94546 -1.9634
2.80185 3.24194
3.58121 2.19468
3.15983 2.82648
1.16447 -3.04132
4.49136 1.62493
1.59934 -3.56155
3.20782 -2.6361
1.70677 3.32439
2.82742 -2.10489
2.39336 -2.51128
1.15394 3.65736
0.924537 -3.07302
1.08458 1.2871
3.17847 -1.59693
3.86348 1.612
2.43014 -3.22694
1.33632 3.56253
2.25548 -2.60756
2.47436 3.55772
2.77844 -2.1601
2.19166 -2.65004
2.40051 -2.50586
2.81483 2.20496
3.52467 2.23892
4.20195 0.0607245
2.31676 -3.28637
0.539572 1.32144
3.55233 0.0780699
4.15328 0.572692
3.60124 -2.14952
3.55541 -0.00822005
4.11472 0.786611
2.9789 1.95013
3.58885 -2.16801
3.30087 2.63608
3.32649 -2.50799
3.19647 -1.56332
1.80352 -3.4921
1.28304 3.59283
1.34196 2.11417
3.84937 -1.71015
2.56941 3.47139
2.22161 3.76872
2.99423 -2.83644
0.736701 -3.08419
2.84835 1.91696
3.57015 -2.19542
4.16006 0.546742
3.80068 1.75959
2.96695 1.97006
3.4727 -2.32978
2.72167 3.32244
2.12314 -3.37558
3.19288 1.54344
2.59027 3.4519
3.17693 2.80433
2.43026 2.68561
3.92474 1.735
3.82728 0.973087
2.04445 -3.40768
2.66835 -3.0829
3.37029 -1.16667
3.80451 -1.80158
1.74648 3.2958
2.07401 -3.39589
2.41145 -3.23756
3.99372 1.25116
3.40992 2.4759
3.54673 -0.318365
3.90667 0.960896
2.92646 3.10683
2.02761 -2.74509
2.19417 2.92463
2.67554 2.39493
3.53977 -0.400026
3.13842 -2.70513
2.46075 -2.5574
2.53808 3.5003
2.78221 3.26242
2.36629 3.65109
2.77415 2.26264
3.26493 1.37713
3.53445 -0.450619
3.30594 1.2725
4.13423 0.685816
2.72045 1.93633
2.00467 -3.42304
3.4389 -2.37315
2.05133 -2.73224
2.00444 -2.757
1.67495 -2.90383
3.44308 1.82066
2.78457 -2.15335
2.82141 2.19543
3.27661 2.67025
3.09913 -2.74246
2.1453 -2.67841
2.91179 2.05906
2.5868 2.50588
3.19391 2.78211
3.51241 -2.27661
3.32905 -1.27622
0.897827 -3.07533
3.36393 2.54508
2.46503 -2.45535
2.71276 -3.05291
3.24553 -2.59686
3.43235 2.44127
3.34092 -2.49147
1.95552 -2.78234
3.53327 2.27753
0.986946 -3.06668
3.24761 1.41896
2.24964 -3.31899
3.55121 -2.22262
3.5487 0.159555
3.52574 -0.521102
1.55534 3.42778
3.35821 1.12504
3.3735 -1.1576
1.59875 -2.93085
3.56093 2.23017
0.906651 -3.07459
4.20309 0.0237066
2.53289 1.96388
0.638053 -3.08537
1.92047 3.99
1.46243 3.48699
3.54349 -0.359267
3.5201 -0.56124
2.9195 -2.89853
2.15328 3.8215
1.73224 -3.51326
2.6959 -2.24697
2.50199 2.60561
1.19983 -3.03494
1.90684 -2.80604
2.13764 -2.68298
2.39893 3.62341
2.73914 -3.0346
1.91468 -3.45568
2.19146 -3.34579
2.35253 2.76971
2.62118 3.42263
4.09573 0.874635
1.9077 3.99772
3.58803 2.18259
2.18772 3.7951
4.00539 1.21372
2.43133 3.59549
3.55525 -0.132992
1.20766 3.63412
2.32737 -2.55956
3.74586 0.985406
3.41612 -1.02745
3.19754 1.53325
4.20427 -0.124067
3.57946 1.79712
2.03545 -2.74087
3.49503 0.593957
1.79349 -3.49518
1.48325 3.474
2.59622 1.14006
3.51864 -0.571102
3.93271 -0.630704
3.83958 1.66114
3.42517 -2.3904
3.32529 1.21998
3.52011 0.423001
2.37307 2.74679
3.51079 -0.620837
1.93223 2.0461
4.20442 -0.0626541
2.22031 2.89984
1.78316 -3.49834
3.54031 2.26553
3.53039 0.360178
3.54745 -0.308268
2.72149 -3.0469
2.83469 2.17607
1.63993 -3.53818
2.34217 -2.54899
3.84831 1.64891
1.63276 -2.91909
3.43086 0.881249
4.03502 1.11326
2.61432 -3.118
2.99074 1.93014
2.68254 3.36314
1.20853 -3.03331
1.99074 3.94041
3.18497 -2.65928
3.37645 -2.44983
0.763501 -3.08331
2.52132 -2.40872
3.49803 2.33627
2.7152 -2.22728
3.48692 -0.749072
1.82443 3.23776
3.87856 1.57467
3.36229 -2.46665
2.68289 -2.26
2.89274 -2.02649
3.00968 3.01124
2.97763 -1.91534
1.71691 -2.88791
3.69617 -1.99854
4.19327 0.222335
3.1736 1.58483
4.07492 0.962632
0.72268 2.17334
4.00928 1.20099
3.77853 1.80865
4.16601 0.48486
1.86607 -2.82501
2.91588 -1.99729
3.35626 2.55638
4.20447 -0.0873146
3.38625 -1.12064
0.0129773 2.21961
1.65689 3.35942
0.593231 2.18371
3.81471 -1.78138
3.7732 -1.86168
2.14198 3.83007
3.24806 2.71608
3.24206 1.85437
3.55346 0.0649954
3.44713 0.817341
3.38301 -1.13064
3.57455 2.2064
0.679767 2.17678
2.88095 2.10387
0.575324 -3.08446
1.82384 -3.48576
4.06547 1.00022
1.473 3.48041
3.97757 1.30126
3.53402 0.328498
1.14677 -3.04434
0.673978 -3.08531
3.15135 2.83737
-0.105984 1.34447
2.49332 -2.43223
1.56461 -2.94218
-0.381038 1.3465
1.90139 3.17793
3.76795 -1.87147
0.700787 -3.08499
1.66679 3.35254
2.24624 2.87486
4.10683 0.824231
3.79419 -1.8217
2.57628 -2.36072
3.49888 0.572644
1.13147 3.67402
3.41035 -1.04623
2.85029 3.1905
0.85318 -3.07865
2.57796 -3.14079
-0.187846 1.34565
0.439001 1.32643
0.93361 -3.07218
2.84078 3.20071
3.27235 -1.40877
1.58844 -3.5509
3.9072 1.50054
3.893 1.53763
3.47618 0.689741
1.5817 -2.93657
1.96347 -2.77836
2.56896 -3.14633
1.61578 -2.92502
2.26664 3.73297
3.81683 1.72289
3.16932 -1.61362
1.95539 3.96508
3.78968 1.78414
2.98612 -2.84337
2.21454 -2.63558
4.16255 0.509995
1.87187 4.02176
2.65809 1.9456
2.77211 -2.16703
3.15548 -1.6384
-0.0894692 2.22381
3.01062 -2.82227
3.26825 -1.41781
3.28091 1.3449
3.26858 2.68138
1.39272 2.10869
2.87524 -2.04806
3.37206 1.08267
4.05229 1.05056
0.968831 -3.06872
2.88018 2.10802
3.21901 2.7488
2.52232 1.14877
2.70277 3.34312
2.36414 -2.53302
0.603749 -3.08465
0.485845 -3.08095
1.87994 2.05172
2.91813 2.04906
3.25213 -1.45222
1.72663 3.31016
2.63685 -2.30479
3.99392 1.72235
1.92311 -2.79825
2.96659 -1.93045
3.4105 0.955576
2.14097 2.97392
1.98533 3.10939
3.98172 1.28856
3.55525 0.00202666
3.34755 1.15662
1.56573 3.42096
-0.0561147 2.22252
2.37684 -2.52095
1.04436 2.14446
3.41042 1.04409
2.89294 2.08841
2.28064 2.84111
2.11895 3.84738
3.43807 -0.951659
2.27201 2.84958
3.86373 -1.6794
3.23811 -2.60466
3.4948 -0.709779
2.80022 -2.99072
2.77422 -3.00965
2.953 -2.87124
0.915723 -3.0738
4.20151 0.0733097
2.6005 3.44226
3.28414 -1.38255
2.87741 -2.93215
3.52079 0.434412
1.24056 2.12485
4.16427 0.49761
3.4806 0.668418
3.46056 -0.86549
3.00247 1.91012
1.23998 3.61664
2.49529 -3.19021
3.01005 -1.86974
3.53183 -2.24985
1.81154 4.06128
3.55586 -0.0811431
2.99945 -1.88464
3.53331 -0.46059
1.3905 -2.99324
2.20222 3.77202
3.81153 1.73502
2.9696 -2.85736
1.97165 -2.77423
3.75722 -1.89129
2.87384 2.11766
1.97909 3.94859
3.85851 1.62419
1.78826 -2.86308
2.63168 3.41266
2.79694 -2.13959
4.09291 0.88705
3.55122 -0.24661
1.39986 3.52515
0.817324 -3.08083
3.03677 2.97912
2.34964 1.98978
1.87465 -2.82091
3.51461 0.476954
-0.0212967 2.2211
3.0189 -2.81504
3.46752 -0.836626
1.14226 3.66848
2.41402 2.70322
2.80901 -2.98422
3.25618 -1.44367
1.47893 -2.96854
4.20444 -0.0994531
3.7243 -1.95019
1.65039 -3.5355
1.99425 2.03727
4.18933 0.272302
3.11307 1.70781
2.29769 2.82411
3.23959 -1.47828
4.19137 0.247309
2.74072 -2.20072
2.3443 3.6695
2.6698 -2.27294
2.2303 -3.32805
0.996 -3.06565
-0.454312 1.34604
2.75337 -2.18727
3.22695 -1.50393
4.20237 0.048495
0.247475 1.33468
3.11819 1.69777
2.55991 -3.15272
3.16378 1.60547
3.30887 2.6249
3.30186 1.28312
2.49601 -2.42461
2.47178 -3.18324
3.50846 1.02028
3.31379 1.25144
2.5791 2.51518
1.47024 -2.97103
1.63562 1.2406
2.207 -2.64037
1.84964 -2.83243
1.72215 -3.51612
2.33976 2.7814
3.43539 -0.961323
3.22535 1.47093
2.39767 2.72076
3.26048 -2.58091
2.90435 -2.01193
2.32406 -3.27294
2.91015 -2.0045
2.05072 3.0541
3.48695 0.636592
2.10504 3.00635
3.31824 -1.30272
1.63674 3.37329
3.46193 2.39467
2.94521 3.08571
2.04138 3.06215
1.21748 -3.0316
3.2319 -1.49203
1.40964 -2.98776
4.09834 0.861902
1.96738 3.12449
1.33134 -3.00726
3.27534 -2.56487
2.60297 2.48663
1.19364 -3.03071
4.18713 0.297315
4.17089 0.447362
1.89506 1.21668
3.49926 -2.29441
2.47032 2.64141
3.09907 2.90327
0.0492619 2.21778
3.87347 1.58724
3.55476 0.0230362
3.45327 -0.894467
3.17692 -2.66668
0.844087 -3.07924
1.00479 -3.06462
1.62648 3.3803
2.29999 3.70601
2.10792 3.85612
2.31251 -2.57004
2.13177 2.98216
3.52224 0.423924
3.51709 -0.581047
3.37539 1.07223
1.49518 -3.57181
2.60929 2.47843
3.46603 -2.33835
2.2377 2.88313
2.93293 -1.97527
1.54748 -2.94768
3.1025 1.72828
3.8396 -1.73065
1.02262 -3.06246
2.29761 -3.29587
4.20437 -0.111944
3.98572 1.27622
3.93913 1.41354
2.00269 3.93196
1.65805 -2.91003
3.55216 0.0963704
1.68111 -3.52741
3.10922 1.87599
2.76595 -2.17373
1.99527 3.10131
3.083 -1.75929
3.33623 -1.25786
3.09778 -1.73604
3.16478 -1.62182
3.22072 1.48149
3.39504 1.00856
3.6844 2.00303
3.31083 -1.32061
2.67645 -2.26639
0.459666 -3.07923
1.60423 2.08491
4.19502 0.197381
3.52909 0.370951
1.92971 3.15524
2.66098 2.41363
3.11496 -2.72757
3.85902 -1.68957
4.04845 1.06304
3.45978 0.76421
3.16055 -1.62847
2.73958 2.31018
3.37879 1.06147
2.33585 -3.27675
3.74098 -1.9207
2.99394 -1.89263
3.90255 1.51279
2.65375 2.42284
3.12273 -2.7202
2.70432 2.35735
3.12223 -1.69571
1.04922 -3.05903
2.28919 3.71506
2.33467 -2.55437
2.45802 -2.46099
2.5626 -2.37291
2.42089 -3.232
0.942419 -3.07134
3.27753 1.34587
2.93571 3.09643
3.17839 1.57465
0.903636 2.15761
3.54169 -0.379664
3.47396 0.700245
2.17616 3.80402
3.3836 -2.44128
4.19885 0.147251
3.67898 -2.02721
2.51424 -2.41472
1.50466 -2.96093
3.3248 2.60213
0.620093 -3.08524
2.55583 -2.37888
3.66579 2.03907
2.09613 3.01428
2.69252 3.35329
2.88603 -2.92539
3.31762 1.24106
1.82439 2.0586
1.6602 -2.91122
1.35757 3.55018
3.14608 -1.6549
3.03118 1.86
2.95487 1.98996
3.55749 -2.21366
2.45079 -2.46677
3.40439 0.976837
1.80956 -3.26545
3.5278 0.381416
2.51907 3.19784
4.02784 1.13839
4.20103 0.0855447
1.08747 3.69624
2.41499 -2.49479
3.33283 1.19888
3.76292 -1.88196
2.71269 3.33323
1.44434 -2.97837
3.5124 -0.611029
3.52792 -0.51994
2.56955 -2.36674
2.34523 -3.27196
4.20365 -0.00105488
3.55589 -0.0708739
1.70863 -2.89111
1.8959 4.00569
1.69119 -3.52406
3.55585 -0.0500154
1.1095 3.68519
1.30516 -3.01329
3.419 -1.01789
0.799387 -3.08177
3.28028 -1.39122
4.05895 1.0254
2.38597 -2.51682
3.06359 2.94682
3.47882 0.678069
2.12205 -2.69218
1.50721 1.25296
2.65586 -2.28707
2.01165 -2.75356
2.64548 2.42376
2.55064 -3.15749
2.53319 2.56958
1.86307 3.20804
2.86925 -2.05535
3.20223 2.77113
1.60912 -3.54589
2.49571 3.53868
2.92732 -1.98256
2.14277 -3.36721
3.71712 1.77279
4.06873 0.935461
1.26155 3.60479
3.3652 1.10386
0.15688 2.21252
0.593282 -3.08486
0.749119 1.30962
3.05929 -2.7791
3.46463 0.74289
3.54657 0.191057
1.29024 2.11966
3.18803 1.55397
2.20134 -3.34134
3.8328 1.68576
4.10135 0.849434
3.59515 -2.15864
2.80802 2.21475
1.96472 -3.43789
3.06252 -1.79172
3.4045 -2.41595
3.88254 -1.63792
1.52622 -3.56483
2.7828 -3.00337
1.28761 -3.01718
4.14089 0.648218
3.1489 1.63621
2.28816 -3.3005
3.08321 -2.75725
3.55113 0.117411
3.95661 1.36361
3.78537 1.76051
2.70428 -3.06044
2.89437 -2.9188
2.51381 -3.17943
3.23877 1.43983
1.84413 -3.47928
3.07431 1.78074
3.47645 -0.797773
0.635432 2.18042
1.88225 3.19304
2.58989 -2.34844
3.12698 -1.68772
3.62103 2.12303
2.80138 2.22424
2.06113 3.89004
3.71881 -1.9598
3.64037 2.08722
3.7354 -1.93065
3.13187 -1.6794
3.09039 2.91403
1.04044 -3.06019
4.03851 1.10087
3.45083 -0.903983
1.64668 3.36647
1.89453 -3.4626
2.52535 2.57872
2.38318 -3.25223
3.38861 1.02979
3.46289 -0.855976
2.66333 -2.27928
3.29192 -1.3649
3.55165 0.107041
0.748612 -3.08309
3.63775 -2.0935
3.2185 1.50048
3.62745 2.11122
2.32296 2.7986
2.09583 3.86458
1.78722 4.07696
2.62423 2.45996
3.54327 0.233326
2.00994 3.90351
4.18358 0.334682
3.11249 -1.71195
3.20693 1.51251
1.84379 3.22295
2.87858 3.15887
3.42235 0.913026
2.29758 -2.58041
1.37875 3.53772
1.69181 -2.89752
3.78421 1.79622
3.70755 -1.97921
2.59617 -3.12946
3.77857 -1.85157
2.0907 -2.71027
2.07261 3.88166
2.26756 -2.60085
3.79768 0.546289
3.01975 1.88014
1.32403 3.66642
3.91194 1.48792
1.74218 -2.87786
3.19254 -2.65165
3.65554 -2.06531
1.07758 3.70139
4.20412 -0.136539
1.71175 -3.51903
3.22302 -2.62043
1.75613 3.28874
4.13646 0.673405
0.656016 -3.08539
1.54523 3.43438
3.2928 2.64761
1.89052 -2.81373
2.03437 -3.41162
1.81383 -3.4889
3.06756 -1.78393
3.01548 -1.86191
1.6193 -3.54339
0.449983 -3.07881
3.26431 -1.42626
2.44229 3.58595
3.49308 0.604479
3.51777 0.455674
4.11215 0.799028
2.37709 3.64198
3.43215 -2.38166
-0.220333 2.22804
2.35647 2.76413
3.33272 -1.26676
3.14259 2.84856
3.51924 2.30114
3.54717 2.25388
4.19582 0.185095
2.11345 -3.37966
2.09867 -2.70572
1.49617 -2.96347
0.698033 1.311
4.00157 1.22608
4.12957 0.711011
3.12855 1.67729
3.76163 1.84517
3.4889 -0.739308
1.80498 3.25248
2.79222 3.25205
2.50619 3.52926
1.34878 -3.00313
2.0844 3.87301
2.71135 2.34806
3.11548 2.89462
3.54685 -0.36659
2.17653 2.94115
3.29796 1.29353
3.77299 1.82071
3.9735 1.31359
1.82503 -2.84332
1.25153 -3.02507
2.26893 -3.30981
2.51695 3.51954
2.17626 -2.6596
3.78376 -1.84173
3.24384 -1.46953
0.0654781 1.3406
4.18386 0.346541
3.47944 -2.3208
0.23176 2.20832
3.53768 -0.419966
3.21076 2.75981
3.48489 0.647096
2.93663 2.01956
1.315 3.57476
3.37939 2.52208
2.72552 2.32915
3.9257 1.45076
2.84435 -2.9611
1.87434 -3.46938
3.4548 0.785527
3.55053 -0.256317
4.14722 0.610632
4.41879 1.63962
1.93478 -3.44864
2.78511 1.9266
3.96513 1.33861
3.63164 -2.10303
2.76245 3.28281
3.07773 -1.76804
2.94423 -1.96042
3.35525 -2.47484
3.55351 -0.195161
1.44577 2.10282
3.38206 1.05101
0.718745 -3.08464
2.02295 3.07792
2.82843 2.18536
2.34944 -2.54374
1.77579 3.27426
3.65315 2.06317
2.63154 2.45083
3.42178 -1.00859
3.41735 2.46448
3.05477 2.9575
1.75269 -3.50736
0.539377 -3.08338
1.21835 3.62837
3.30715 -1.3294
-0.0615643 1.34038
4.01302 1.18862
2.22228 -2.63061
3.45575 -0.884763
1.18216 -3.03819
0.812075 2.16575
3.50038 -0.680331
2.3222 3.68781
3.73848 1.89397
2.50735 -2.42053
0.509153 2.19003
2.65926 -3.08891
0.978151 -3.06765
3.02073 -1.8543
3.08139 2.92508
3.55417 0.0440047
2.1649 3.81265
2.54841 -2.38564
1.40107 -2.99001
3.49667 -0.700071
3.25192 1.40867
1.57581 3.41431
2.85194 -2.95187
3.31197 -2.52441
2.19893 3.78642
3.33981 -1.24868
3.1307 -2.71256
1.1203 -3.04866
2.3197 -2.56505
1.26139 -3.02278
2.94479 -2.87803
2.03231 3.06993
3.06721 -2.77192
2.64127 -3.10064
1.64112 -2.91613
3.15821 1.61653
2.31464 2.80704
3.26912 1.36683
1.14136 2.13494
2.93069 2.02917
3.51618 0.466469
1.77311 -3.50133
3.32152 1.23037
-0.251495 2.22885
3.0082 1.90023
2.64175 3.4029
3.88331 1.56245
2.27519 -2.5957
2.26012 -2.60582
2.88104 -2.04096
3.45814 -0.875274
2.63269 -2.68332
2.03776 3.90695
2.77249 3.27247
1.49739 2.09711
4.08107 0.937442
1.50882 3.45636
1.69813 1.23567
2.16755 2.94949
1.52464 3.44769
2.4862 2.62355
1.84775 4.03772
1.7001 -2.89438
1.10255 -3.05141
-0.313391 2.23019
1.7504 -2.87465
0.790548 -3.08219
2.24418 3.7509
4.20642 1.68158
3.69065 1.99075
1.52705 -2.95508
2.27767 3.7241
