-0.096235 3.67055
-2.1699 1.19365
-2.46308 -4.88881
11.7393 -3.35776
-2.87423 3.84389
-3.10459 4.02101
-2.23622 1.1469
0.832003 7.32743
-1.2036 7.68007
1.02547 4.52364
-3.51965 -9.05832
11.3017 -4.73789
-3.91712 2.89854
-2.88386 0.228592
-8.5834 -3.2638
-2.05733 1.18834
-3.48286 7.60475
14.39 6.13
-4.9627 2.0198
13.75 -14.7
-5.33197 -7.96469
-3.70847 3.76849
-2.91306 -4.74995
4.11464 5.06559
0.102588 3.24358
-1.48452 7.71134
-2.44587 -1.31868
-5.11642 -0.573573
-8.2151 3.8224
10.9497 -14.5997
3.85737 -0.287656
-5.1567 -1.85215
9.02284 -0.96898
2.91767 -10.6544
5.78337 4.37971
-0.890872 4.34418
5.93866 -3.5321
-4.79957 -3.06466
-1.83335 -10.2293
11.2458 -5.81796
9.57004 -7.601
4.52251 5.20312
-5.88908 -7.50819
0.645974 7.24143
11.1 6.21
5.60575 -10.4265
3.47835 -0.287961
3.77303 -0.850716
-3.84608 -3.10983
1.93292 -3.25255
10.3157 -6.79614
3.63332 -1.13766
-1.06839 -3.02408
7.35317 -9.54723
-7.4502 4.65713
3.34863 -10.8543
4.00625 -5.33516
-5.7651 6.29016
4.69588 -5.51917
-8.81587 -1.38892
-5.22676 1.2987
-3.34615 -9.22775
3.93321 -0.608474
7.30726 0.88575
-9.05311 0.222653
6.93691 -2.74465
3.32307 -1.24148
4.03923 0.82928
-7.06 -14.56
-0.583492 -6.48481
-4.92414 7.05924
3.1514 2.23054
0.726533 -10.7934
-2.01625 -2.29286
7.05028 1.84667
-2.0149 -2.29018
4.57052 -5.56255
13.82 -12.68
-0.070771 -10.4898
5.9222 2.88487
10.4514 -1.13597
-8.6573 -2.99941
1.90579 -3.26412
-6.71197 5.66388
2.2497 3.27153
-8.96174 1.65768
0.596065 -4.21072
1.10454 -6.16088
-2.58355 -1.30814
-1.0977 -5.48526
-2.09619 7.70653
2.8059 6.67342
-7.57428 -5.4794
9.00297 -8.8138
-5.60669 0.91331
7.71214 -0.00203516
-7.11832 -5.90865
3.11243 2.1849
2.52778 -6.82128
9.43 9.77
