22.39 25.83
6.49 8.63
5.28 15.9
13.14 22.72
28.18 6.64
12.22 16.78
15.5 9.42
5.05 15.28
3.65 7.05
6.99 10.27
20.84 26.04
16.2 8.22
8.77 33.47
12.53 4.94
18.52 6.12
11.55 16.23
13.97 13.15
22.69 5.37
16.83 19.53
20.49 9.97
21.63 17.05
19.47 13.08
3.61 32.95
29.57 9.7
20.78 13.48
17.44 16.6
10.7 19.69
8.69 15.28
16.98 26.31
27.61 10.06
23.47 5.12
27.23 13.57
9.46 12.44
28.79 32.7
20.85 36.61
15.87 16.16
8.37 15.98
6.17 19.25
19.39 15.76
10.97 31.16
4.47 19.03
23.38 19.12
17.24 20.84
8.44 16.28
25.17 15.36
19.51 25.54
12.57 12.07
16.75 33.64
7.24 25.86
6.91 20.02
15.76 12.21
16.75 24.62
20.46 9
18.87 25.61
14.43 33.57
26.12 23.48
6.28 14.2
17.06 7.06
11.67 37.46
10.41 34.03
10.18 14.99
20.26 14.84
4.72 15.97
24.56 20.65
9.35 13.14
7.36 37.28
9.92 29.56
9.85 12.18
24.63 21.25
23.95 8.28
3.23 27.36
24.55 26.42
24.83 21.25
16 34.5
14.83 30.11
11.12 9.34
27.97 25.7
25.29 30.68
3.07 17.52
13.82 9.75
18.92 5.24
20.5 20.53
12.08 22.13
11.44 7.3
4.9 24.51
21.37 11.61
15.21 5.67
3.04 22.26
9.84 4.25
7.51 11.12
30 9.44
16.67 10.87
13.58 30.18
25.36 24.76
13.24 24.66
22.46 25.73
19.14 37.9
