16.19 7.89
25.67 31.28
9.56 9.51
12.29 13.74
11.6 22.14
12.46 22.32
8.86 13.65
20.03 12.63
12.54 29.9
10.16 8.41
10.87 20.58
27.1 24.39
24.64 21.52
9.17 8.7
27.15 22.01
20.5 15.24
24.59 21.91
22.44 39.18
12.93 7.82
3.34 7.64
22.56 21.87
18.56 5.93
14.51 11.41
10.76 14.6
14.99 25.77
17.98 11.24
4.32 25.79
15.97 13.07
16.77 5.08
23.33 25
27.48 35.86
16.84 8.64
24.43 7.54
5.22 31.74
19.33 34.82
7.5 8.01
27.42 24.47
23.65 25.23
23.3 14.32
3.69 12.12
22.13 14.99
11.98 36.15
10.67 9.18
7.03 20.67
16.38 30.7
23.58 23.15
21.13 6.55
18.99 37.58
29.49 10.75
25.17 39.9
7.26 16.15
23.04 19.52
13.66 19.58
20.25 23.9
19.19 23.33
7.53 16.7
3.12 30.69
25.52 21.98
17.4 14.54
19 19.2
10.15 13.27
26.03 15.53
5.9 19.06
23.87 13.28
8.61 17.77
23.67 26.46
19.64 17.37
16.62 9.61
23.29 25.11
6.38 27.92
17.95 23.63
13.48 14.92
13.13 6.66
23.28 36.61
8.43 8.01
6.9 38.12
16.29 24.16
25.1 11.96
15.77 13.9
16.55 15.73
12.26 19.76
17.59 9.93
21.8 28.53
10.48 9.43
12.35 21.65
4.82 19.39
16.81 20.39
5.53 16.19
15.15 24.15
6.87 15.81
13.82 32.66
25.36 16.99
10.59 15.29
5.23 4.31
22.84 27.43
5.21 15.29
