-0.105984 1.34447
-2.08642 1.92223
-5.00743 2.74787
-7.85409 3.92252
-2.53301 -0.265051
-2.35363 1.71136
-2.9244 -0.781039
-3.01218 0.0560494
-8.58891 3.40128
-3.00539 -0.264853
-8.50561 3.58452
-4.60844 1.60335
-2.41286 4.71924
-2.53635 -0.219387
-2.29307 0.840491
-2.49669 4.69343
-3.00605 -0.255713
-3.01236 -0.130284
-4.49112 3.42315
-4.5616 3.34477
-9.19947 1.26806
-1.4044 1.27838
-1.24626 2.19188
-2.29613 -1.17164
-2.76292 1.12345
-5.61872 1.31829
-1.86334 1.1571
-2.62135 4.65183
-1.79003 1.18461
-5.78693 0.039113
-2.91485 0.710825
-3.15995 4.42463
-9.06628 1.96594
-5.27073 2.27327
-2.4153 0.626954
-5.75349 0.575868
-4.86261 2.96412
-4.87918 0.481678
-2.40167 -0.899784
-0.459645 2.23166
-2.4284 1.63357
-2.43251 3.86068
-8.66203 1.76186
-4.85969 0.635326
-2.87083 0.855124
-8.76076 2.97794
-0.816404 1.33608
-3.01356 0.209862
-2.40944 0.640357
-1.76027 2.07685
-2.95 -0.59367
-8.9545 2.39276
-4.89675 0.283979
-2.4691 0.47698
-2.94295 -0.69932
-4.90416 -0.234332
-2.29966 1.76501
-8.46992 2.47776
-4.14915 3.75825
-4.12456 2.50786
-2.82514 0.979913
-4.84482 2.98899
-1.66291 4.09172
-2.31124 0.815486
-0.692182 1.3411
-2.36973 -0.990875
-1.56625 2.13381
-2.53238 -0.27256
-3.76537 4.06224
-4.28183 2.26857
-2.97211 -0.544871
-4.90267 0.098974
-3.01304 -0.103596
-8.51614 3.56202
-0.986754 1.32589
-5.58953 1.42756
-1.98003 1.10302
-4.3559 3.56405
-8.87084 2.66371
-3.0598 3.53097
-2.33656 0.777466
-4.48755 1.88586
-2.97201 0.453676
-2.52453 4.68447
-4.53184 1.7888
-4.33501 2.1785
-2.46672 3.8463
-8.77849 2.92999
-9.15188 1.55514
-2.54065 -0.120981
-4.58381 1.66573
-2.5256 -0.341157
-1.98654 1.97935
-4.37986 2.09819
-2.83795 -1.07952
-2.31965 3.90464
-3.30551 3.35787
-2.51364 -0.432815
-2.34777 1.7172
-2.54017 0.00641671
-4.31364 2.20708
-3.76617 2.94392
-9.08952 1.86382
-5.77735 0.327181
-8.35044 2.82409
-2.48145 -0.608966
-3.84915 4.00148
-2.27276 1.78553
-0.0615643 1.34038
-3.20467 3.43237
-2.14192 3.96803
-2.63826 1.35292
-2.51247 -0.440594
-8.6726 1.71299
-2.68398 1.27585
-3.74094 4.0787
-3.30316 4.35007
-2.02109 1.96071
-3.17328 4.41796
-0.675755 2.23047
-2.82823 0.972087
-4.66913 3.21791
-2.37735 1.68783
-2.94359 0.596034
-3.88491 3.9746
-8.1582 3.29354
-2.02941 1.95605
-4.03586 3.85512
-8.70244 1.5664
-4.74048 1.20418
-3.09419 4.45677
-4.86736 0.579574
-4.2009 2.39234
-8.66728 1.7378
-1.51679 1.25775
-4.876 0.509775
-4.00147 3.88321
-4.82777 0.828177
-2.31575 -1.12664
-4.64986 3.24133
-4.81447 0.896251
-2.2708 3.92361
-1.60533 2.12392
-1.55167 1.25041
-3.01311 0.0206764
-4.32855 2.18973
-2.54001 -0.143775
-3.00472 -0.273733
-2.51266 1.53316
-7.61414 4.29417
-4.72169 1.26978
-4.53714 1.77674
-3.71295 2.99889
-2.95609 0.537804
-3.43856 3.25395
-4.14676 2.47634
-8.73376 3.04922
-2.99705 0.274278
-9.17028 1.45101
-2.99211 0.317302
-2.51528 0.270962
-2.52267 1.52024
-2.37402 0.713023
-1.09866 2.20811
-4.47064 3.44526
-2.71527 1.21869
-2.41881 -0.846441
-2.45544 3.85108
-3.92776 2.76284
-4.70986 1.30922
-8.61689 1.95606
-0.021557 1.34279
-3.00291 0.213655
-2.40649 0.644511
-4.83516 0.785279
-2.81286 4.58015
-5.38044 2.0301
-2.51902 -0.394611
-2.86276 0.878706
-4.68953 1.37401
-2.26612 1.79118
-3.75722 2.95332
-4.41905 3.49973
-2.42351 -0.831147
-1.86838 4.04638
-4.64603 1.5021
-4.8617 0.621205
-2.11759 1.90227
-8.75839 1.24401
-8.56842 3.44732
-2.70313 3.73618
-8.38383 3.83228
-2.3288 3.90198
-1.03929 2.2132
-8.73837 1.36834
-1.95993 1.99296
-2.47628 -0.632208
-1.64873 1.22725
-9.11157 1.76118
-3.88624 2.81154
-1.4432 1.27174
-2.41663 -0.853663
-3.45284 3.23951
-1.69154 2.09939
-7.9486 3.72352
-3.7308 2.98069
-1.56841 1.24672
-1.60149 1.23906
-2.71914 1.21134
-5.61462 1.33423
-2.2546 -1.26086
-2.98802 -0.436217
-2.34959 -1.04383
-2.29946 -1.16409
-3.532 4.2171
-2.84003 4.56919
-4.9052 -0.205187
-9.21079 1.18945
-3.01247 0.0473541
-3.00783 -0.228842
-3.78949 4.04504
-1.13709 2.20439
-1.71151 4.08201
-2.50379 -0.494189
-4.01669 2.65287
-2.46549 -0.678064
-2.99388 0.34598
-8.09788 3.42457
-1.86502 2.03658
-4.6978 1.34807
-8.10824 3.40252
-2.52647 0.191036
-2.94314 3.60368
-4.1616 2.45475
-4.90028 0.226941
-8.20654 3.1835
-3.38481 3.29563
-7.76315 4.05428
-2.6475 3.76383
-2.31993 0.802879
-2.59856 1.41444
-8.57376 2.12394
-2.74868 1.15306
-4.84245 0.74572
-2.97534 -0.526628
-4.75128 1.16468
-4.63145 1.54635
-2.41728 1.64579
-4.60365 1.61572
-2.63646 3.76919
-2.54627 3.81138
-3.00056 0.239611
-4.08675 2.56026
-2.4258 -0.823609
-4.90681 0.0552037
-8.5272 2.29017
-2.27878 0.85897
-5.30424 2.20262
-8.64003 1.85921
-2.74511 1.16032
-2.52727 -0.325871
-3.61305 3.09655
-3.15344 3.46834
-4.42919 2.00466
-5.78734 0.0050734
-4.87438 0.523598
-2.84601 3.65997
-2.52102 -0.379297
-2.77329 1.10119
-0.344148 2.23074
-5.22077 1.56924
-3.70484 4.1044
-4.54158 3.36739
-3.23509 3.41043
-8.39509 3.81019
-2.57562 1.44796
-5.30471 -0.0100043
-0.774632 2.22783
-4.45562 3.44872
-2.21461 0.931345
-3.68038 4.12103
-2.70761 1.23317
-4.90247 0.184255
-5.75527 0.559527
-2.92778 0.661793
-2.50253 1.54601
-2.49135 0.392403
-8.23466 3.11737
-2.26885 0.871257
-2.5218 0.22742
-8.38382 2.73248
-1.83889 2.03838
-8.57884 3.42408
-8.36727 2.77836
-4.22636 2.35725
-1.32255 1.29146
-4.65937 3.22981
-4.90575 0.0981726
-4.85561 0.663202
-2.46745 -0.666332
-2.48165 -0.839812
-2.26385 0.877282
-7.81105 3.97257
-8.65836 3.23838
-2.42372 0.606852
-5.78322 0.174768
-2.50365 0.335626
-2.85161 0.910121
-7.65209 4.235
-4.15434 2.4653
-2.81592 1.00286
-2.99745 -0.354859
-5.07196 2.64258
-2.03549 4.00103
-0.700663 2.22995
-2.19655 0.94875
-5.6736 1.08085
-2.9903 -0.418091
-9.07805 1.91495
-2.94928 -0.671782
-2.43178 0.586758
-4.84921 0.704484
-3.50068 3.19846
-1.8202 4.05802
-2.50639 -0.478839
-2.48957 3.83648
-3.01358 -0.0679066
-5.27744 2.25936
-4.49884 1.86174
-2.54129 -0.0609274
-1.1145 1.30316
-4.21939 2.36805
-2.58021 1.44137
-8.40803 2.6637
-4.9023 -0.27789
-2.92563 0.670092
-2.96128 4.51783
-8.48403 3.63004
-4.77517 1.07159
-3.64369 4.14554
-2.38758 0.686757
-2.9844 -0.463292
-2.8242 3.6721
-4.99931 2.76069
-8.4291 3.74272
-5.24997 2.31566
-2.98589 3.5777
-8.33335 2.86966
-2.53876 -0.17412
-5.78747 -0.0117134
-1.30147 1.29384
-2.13281 1.89214
-3.01177 -0.148188
-2.42294 1.6396
-3.53863 3.16493
-3.00126 4.5
-2.47456 -0.639776
-2.87353 0.847083
-2.42916 0.593322
-5.36201 2.0735
-2.53727 -0.204192
-2.46358 -0.685849
-2.03791 1.95122
-4.10948 2.52897
-2.75233 1.14557
-4.26105 2.30259
-4.09429 2.54995
-4.37708 3.54276
-1.19092 2.19739
-5.44497 1.86838
-3.6683 4.12916
-7.62672 4.27469
-0.559339 1.34454
-3.00632 0.170162
-0.305367 1.3465
-2.58491 1.43456
-4.88772 0.397072
-9.12723 1.68424
-2.26883 -1.23113
-2.86819 0.86292
-2.65526 1.32509
-5.76202 0.493034
-5.77432 0.342808
-2.21913 1.82939
-2.97898 0.411355
-1.53413 1.25416
-2.94102 -0.708282
-5.58076 1.45864
-2.52002 -0.387065
-2.88872 -0.916893
-4.94069 2.85071
-3.0127 -0.0149139
-2.54129 -0.0683368
-2.16971 1.86644
-2.35597 0.745434
-5.13377 2.53569
-2.62085 1.38048
-4.20513 2.3899
-2.80962 1.01816
-2.17709 3.9564
-2.67082 1.29622
-0.70278 1.99198
-2.14433 0.995079
-2.05925 3.99394
-2.13606 1.00898
-3.58537 3.1224
-2.48212 0.418049
-5.69267 0.984329
-2.96269 -0.599408
-1.18904 1.30762
-5.5194 1.65822
-2.84096 -1.07063
-4.52098 1.81321
-8.82146 2.80974
-2.90343 0.751248
-8.75057 1.29397
-2.53823 4.68
-4.52143 3.38987
-2.04372 1.06656
-2.54103 -0.0308978
-2.92357 0.678182
-2.28842 0.846609
-4.84472 0.732124
-2.54091 -0.0235125
-2.95093 0.562774
-2.49465 -0.541951
-8.72982 1.41802
-2.94172 0.6042
-2.29283 -1.17901
-2.16549 3.96027
-1.22842 2.19414
0.0654781 1.3406
-4.61806 1.57817
-3.32897 4.33595
-3.27727 4.36403
-2.40669 -0.884523
-1.99903 1.09274
-4.86361 0.607478
-1.77128 2.07317
-3.26448 4.37084
-3.72429 2.99813
-1.66423 1.22313
-8.66817 3.21453
-2.77995 3.6963
-2.53831 0.0511486
-5.57181 1.48964
-3.83534 2.86914
-3.49447 4.24013
-5.45053 1.85374
-4.28946 3.623
-2.20524 1.84012
-2.9816 0.394312
-2.35198 3.89304
-2.73655 3.71904
-5.34945 2.10243
-8.60471 2.00626
-2.87311 3.63833
-2.97344 0.44533
-4.08077 2.56646
-3.56669 3.13956
-2.38876 -0.937774
-2.50768 1.5395
-4.8986 0.255483
-2.93084 -0.753631
-2.94731 0.579425
-1.96395 4.02139
-4.34163 2.16691
-2.52895 0.169163
-2.54107 -0.0984597
-2.53285 0.134182
-2.27916 1.78003
-3.9783 3.90186
-1.49771 2.14947
-3.85242 2.85006
-2.56623 1.46128
-2.25963 1.79663
-2.49297 0.385416
-4.90606 -0.176073
-3.01482 4.49586
-8.98244 2.29221
-4.23351 2.3461
-8.44009 3.72054
-4.92357 2.87618
-8.56078 2.17166
-2.99514 0.291563
-5.53425 1.61274
-2.34364 -1.05892
-8.75192 3.00151
-2.96597 0.487461
-2.3093 -1.14166
-1.04 1.32179
-8.69662 3.14413
-5.42208 1.92763
-5.01575 2.73463
-8.90989 2.54131
-2.50247 -0.501753
-3.46234 3.23147
-3.60394 3.1051
-7.79956 3.99188
-3.29041 4.35697
-3.07015 3.52424
-2.88886 0.799492
-2.93389 0.637245
-8.58024 2.09966
-3.48156 3.21503
-3.0137 -0.0323024
-2.89379 -0.898752
-2.96594 -0.581225
-5.24337 2.351
-2.44773 -0.747007
-2.42098 0.613499
-5.39258 2.0009
-5.11091 2.57595
-4.2266 3.6883
-4.81284 0.959446
-2.30557 3.91077
-1.52572 2.14332
-2.61831 -0.916883
-4.70742 3.17162
-2.57971 4.66667
-2.16464 0.978035
-2.36688 -0.998574
-3.55745 3.14796
-8.59921 3.37775
-3.0107 -0.174947
-3.58195 4.18566
-3.51971 3.18176
-2.88609 -0.926096
-8.86263 2.68773
-2.46099 1.59643
-9.16123 1.50314
-2.98052 -0.490646
-5.56267 1.52054
-2.32836 0.790205
-8.85467 2.71254
-4.72548 1.25685
-2.34023 3.89759
-4.31534 2.21243
-3.65583 4.13751
-2.02623 1.07715
-4.73676 1.21706
-5.17863 2.45392
-4.24042 2.33525
-3.09109 3.51047
-3.33557 3.33467
-2.79922 4.58659
-2.44977 -0.739451
-5.50928 1.6886
-5.45615 1.83859
-4.55167 3.35659
-3.01291 0.0296585
-3.00985 -0.192895
-2.94491 -0.69009
-3.66801 3.04368
-1.34386 1.28783
-2.95588 -0.635782
-1.81403 2.05714
-8.98957 2.26832
-8.08776 3.44594
-1.89241 4.04033
-2.71439 3.73045
-5.78451 0.140956
-0.454312 1.34604
0.10933 1.33932
-5.64188 1.22405
-1.81402 4.06445
-8.5674 2.14749
-2.87612 0.839262
-2.92223 -0.789998
-4.90483 0.126909
-3.94421 2.74309
-4.79986 3.05041
-2.97626 0.428361
-2.1402 1.88709
-4.9063 2.90153
-5.26378 2.28757
-5.61059 1.34968
-2.96104 -0.60837
-4.90314 0.169724
-3.06767 4.46936
-2.3189 -1.11923
-8.39188 2.70982
-2.41235 0.633757
-4.85354 0.676784
-3.00175 -0.309815
-1.82764 1.17103
-2.95788 0.529348
-8.45486 2.52447
-2.22034 0.925497
-0.267189 1.34634
-8.06702 3.48918
-3.67728 3.03433
-4.26816 2.29091
-0.657313 1.33589
-2.93786 0.620744
-5.22903 2.35736
-2.46623 1.59027
-8.40011 2.68644
-4.21217 2.37914
-3.01759 3.55794
-4.3924 2.07496
-2.98285 0.385901
-2.98994 0.334504
-4.63045 3.26461
-0.750078 2.22861
-2.92872 -0.762853
-4.42306 2.01658
-3.6928 4.11261
-5.71271 0.871102
-3.01084 0.0913214
-5.73505 0.724166
-2.34835 0.758331
-2.39136 -0.930271
-2.51236 3.82652
-4.88888 2.92674
-0.381038 1.3465
-5.78394 0.15764
-2.76645 1.11619
-0.677546 2.24395
-3.21479 3.42509
-1.7768 1.18914
-2.78686 1.07116
-2.95296 3.59807
-2.53869 0.0435984
-4.74456 3.12318
-2.32411 0.796675
-4.46422 1.93535
-8.69255 1.61946
-2.8488 0.917828
-4.73535 3.13501
-1.98667 4.02579
-2.6296 1.36673
-4.37364 2.10959
-2.49926 0.356958
-8.78735 2.92359
-3.01326 -0.0945191
-4.11426 3.78575
-4.88504 0.425325
-4.3609 2.13266
-5.04 2.69548
-2.95413 -0.644744
-2.28229 3.91941
-3.00889 -0.21086
-2.05237 1.06114
-9.17462 1.42529
-4.43511 1.99303
-4.28852 2.25753
-2.84588 0.925743
-4.5938 1.64077
-2.91317 -0.826356
-5.55336 1.55135
-4.6109 3.28774
-3.02796 4.48784
-0.955757 2.21915
-5.73041 0.756993
-4.32406 3.59555
-2.53739 1.50082
-2.03518 1.07179
-2.54256 -0.0995655
-1.33048 2.18
-0.89029 2.22292
-1.3642 1.28477
-2.92982 0.653701
-2.2326 -1.30526
-4.84007 0.759701
-3.283 3.37614
-2.44085 4.71081
-2.43037 -0.808303
-0.931681 1.32993
-2.84698 -1.05257
-4.61334 1.59058
-4.90709 0.0405796
-3.79228 2.91614
-1.95044 1.11813
-2.52383 -0.356451
-2.7864 1.06029
-8.49886 2.3856
-2.97985 -0.447112
-5.69562 0.968406
-2.94766 4.52381
-2.94109 0.613474
-8.6873 3.16741
-2.26525 -1.23868
-4.8545 2.97792
-2.53323 0.125017
-4.08151 3.81682
-2.54127 -0.0759708
-3.34534 3.32702
-2.51693 -0.409932
-5.66348 1.12861
-2.4872 1.56504
-8.27156 3.02757
-2.49973 -0.517108
-5.70721 0.903612
-2.74486 4.6067
-5.0954 2.60278
-8.14974 3.31007
-2.17133 0.972193
-2.51038 0.299811
-1.90411 2.01951
-3.46922 4.25535
-3.58636 3.12652
-7.8694 3.86966
-2.99902 -0.301796
-4.57368 1.6906
-4.42931 3.48904
-9.11681 1.73581
-7.72678 4.11476
-9.18321 1.373
-2.19187 1.85171
-2.91926 0.694527
-5.67831 0.993549
-2.25813 -1.25355
-8.25327 3.07242
-5.77852 0.275568
-2.20861 0.937345
-2.45782 -0.708763
-2.24807 0.895618
-2.73039 1.18963
-4.63686 1.52754
-2.13018 1.00638
-0.417495 1.34647
-3.1862 4.41144
-3.8729 3.98368
-4.79058 3.06277
-4.3346 3.58519
-2.7378 1.175
-1.5116 2.14646
-1.76372 1.19349
-4.67255 1.42538
-2.4617 -0.693413
-4.7652 1.11149
-2.90848 -0.844529
-0.845732 1.33461
-2.37566 -0.975104
-5.2148 2.38515
-8.55428 2.19519
-4.90614 0.0839854
-8.47264 3.65762
-4.72584 3.14716
-4.8577 0.649024
-8.72445 3.07295
-2.53609 0.088159
-2.66769 1.30414
-1.68723 4.08694
-5.74374 0.658311
-4.50115 3.4122
-7.84617 3.91109
-4.07137 2.58108
-2.50109 -0.509543
-2.45164 0.53195
-2.86719 -0.989396
-1.98476 1.9619
-2.81915 0.995443
-4.67857 3.20632
-1.73575 4.07693
-0.626866 1.34302
-2.9319 0.645358
-2.27921 -1.20889
-5.67695 1.06458
-1.92977 1.12809
-5.54386 1.58207
-4.16904 2.44385
-5.73949 0.691272
-3.75346 4.07065
-3.47211 3.22314
-2.44201 0.559388
-2.77677 1.09359
-0.432151 2.23181
-1.21086 2.19627
-2.60256 1.40724
-5.65295 1.17619
-3.97677 2.70323
-2.89632 -0.889802
-8.62909 3.30825
-1.79606 4.06362
-5.78113 0.225245
-9.19149 1.32059
-4.79105 1.00362
-0.725893 2.2293
-3.95503 3.92035
-2.53509 3.81641
-8.71533 3.09676
-9.04184 2.0676
-5.5851 1.44334
-5.05606 2.6691
-2.42813 -0.815845
-1.43954 2.16125
-9.04814 2.04181
-3.00121 3.99926
-1.23534 1.3023
-1.25755 1.29958
-5.76799 0.426302
-4.95766 2.8251
-0.489076 2.23209
-5.06382 2.65595
-4.38624 2.08641
-1.73788 2.08451
-4.90098 -0.144284
-3.00504 0.187638
-2.4688 4.70221
-2.50599 0.295294
-3.37494 3.3035
-3.63148 3.07905
-4.94907 2.8381
-3.00859 0.135134
-2.43955 0.566118
-8.76591 1.19395
-5.50422 1.70354
-1.85615 4.0494
-1.96037 1.11318
-0.798142 2.227
-4.18243 3.72859
-8.94714 2.41797
-4.80018 0.963913
-4.9078 -0.0314168
-2.90008 3.62909
-2.7695 3.70173
-3.39448 3.28781
-2.89382 0.783467
-5.76934 0.409828
-5.33671 2.13125
-4.04747 3.84543
-4.8992 -0.336353
-2.43485 -0.792989
-8.55821 3.47024
-8.76213 1.22685
-8.8787 2.63959
-5.19326 2.42642
-4.39812 3.52132
-3.11196 3.49657
-4.6769 1.41258
-4.10417 3.79745
-5.79041 0.0579562
-2.36559 1.69967
-2.53048 0.154474
-7.93761 3.74427
-2.99637 3.57121
-2.56891 3.80105
-2.8914 0.791374
-8.52035 2.31348
-2.48629 -0.58612
-4.89368 0.326427
-2.47971 -0.616846
-5.72558 0.789752
-4.05586 2.60178
-5.01637 0.0445415
-2.48696 1.5776
-4.90703 -0.132673
-4.34542 3.57449
-8.49469 3.60764
-9.10609 1.78726
-9.06037 1.99102
-5.257 2.30142
-2.53705 0.0733291
-3.04109 4.48178
-5.72056 0.822441
-4.2485 3.66792
-2.53104 -0.287811
-5.70152 0.93605
-4.41706 2.02819
-2.5089 -0.463492
-2.99313 0.308815
-1.80266 1.18017
-5.3978 1.98585
-2.28941 -1.1866
-1.97607 4.01804
-1.87509 2.0323
-2.83177 -1.09756
-8.26258 3.04969
-2.29203 1.76879
-2.88943 3.63527
-2.47803 -0.624415
-2.55776 3.80616
-2.06063 1.05585
-4.59122 3.31072
-3.00329 -0.291767
-2.8312 0.964473
-4.6505 1.48954
-2.61199 1.39415
-2.99835 -0.34595
-5.60652 1.36567
-4.58148 3.322
-2.47099 -0.655136
-4.02452 3.8644
-7.98249 3.65745
-2.48944 -0.570757
-2.53792 0.0584754
-5.29092 2.23105
-3.22507 3.4177
-8.55266 2.17676
-4.90564 -0.190839
-2.51167 0.292521
-2.38648 3.87943
-2.49229 1.55878
-5.63817 1.23966
-1.014 1.32385
-8.04602 3.53225
-3.54423 4.20911
-2.53748 0.0659389
-2.90808 0.735066
-3.1636 3.4613
-1.94168 2.00193
-1.16493 1.3102
-2.93293 -0.744665
-8.59888 2.02801
-5.59378 1.41221
-9.02281 2.14299
-7.91512 3.78625
-7.89238 3.82805
-1.67902 1.21909
-2.17773 0.966498
-2.97644 -0.517752
-1.93252 2.00672
-0.146631 1.34511
-2.45556 1.60277
-2.25862 0.883468
-3.36512 3.31139
-2.24735 -1.27568
-4.818 3.02587
-2.90613 -0.85348
-1.07934 2.20985
-8.52691 3.53881
-5.14145 2.52193
-2.08298 3.98671
-8.11824 3.38107
-2.83716 0.948979
-5.77943 0.258971
-2.93703 -0.726474
-2.00397 1.97009
-1.48065 1.26486
-5.40454 1.97159
-3.52923 3.17321
-2.52357 3.82155
-8.67763 3.19134
-4.90084 -0.307109
-1.63341 1.2312
-3.7292 4.08761
-1.59259 2.12723
-2.52077 0.234804
-8.4066 3.7876
-2.4969 -0.532466
-8.6777 1.68887
-3.94352 3.9294
-8.71186 1.51705
-3.31565 3.3501
-2.43265 -0.800542
-3.12086 3.49117
-4.89771 0.269528
-5.2431 2.32945
-8.54088 2.24275
-3.77481 2.93478
-5.35567 2.0882
-2.48444 0.420675
-4.90179 0.198355
-2.41402 -0.861726
-7.99259 3.63882
-2.53502 0.102964
-7.78722 4.01352
-8.49189 2.40777
-2.15805 0.983684
-5.32381 2.15997
-8.78006 1.0935
-2.3751 3.88396
-3.91961 2.77252
-2.60758 1.40086
-2.57142 1.47934
-2.5296 -0.303072
-2.53445 0.110249
-1.94006 1.12311
-9.0542 2.0168
-2.26175 -1.24601
-2.23516 0.924365
-4.93198 2.86359
-4.34802 2.15563
-3.98472 2.69333
-2.48304 -0.601483
-2.85447 0.902172
-5.70936 0.727039
-2.30228 0.828024
-2.94549 0.587613
-2.54123 -0.0534471
-8.37536 2.75629
-2.64681 1.33904
-8.16788 3.27187
-2.86153 -1.0075
-1.67981 2.10297
-2.67989 1.28305
-8.83821 2.76122
-2.47513 0.455694
-7.71429 4.13525
-4.89141 0.354805
-3.29564 3.36538
-8.78336 1.06869
-3.01367 -0.0235448
-2.87817 -0.953163
-3.61899 4.16176
-4.52635 1.80119
-3.74854 2.96237
-2.39407 0.673539
-3.64078 3.07013
-8.70725 1.54138
-4.71388 1.29596
-2.70374 1.24022
-2.61649 1.38722
-3.43348 3.25575
-3.78369 2.92534
-3.54792 3.15659
-2.67323 4.60896
-5.64565 1.20797
-2.077 1.04503
-3.64979 3.06143
-7.67514 4.20961
-2.01243 1.96547
-4.45004 3.46722
-3.5942 4.17781
-2.48255 4.69789
-2.72531 3.72485
-4.88638 0.411412
-3.01327 0.0119477
-2.07085 1.93256
-3.82688 2.87849
-2.44922 0.533852
-4.25436 2.31313
-3.00693 0.161287
-2.24632 1.80765
-0.723564 1.33999
-5.31739 2.17407
-2.40602 1.65793
-2.40341 0.653709
-4.90158 -0.292711
-3.00957 0.117578
-2.91665 -0.816967
-9.18745 1.34642
-4.64002 3.25314
-2.45025 1.60889
-5.15649 2.49474
-8.97572 2.31835
-4.90674 -0.147018
-2.42074 3.86558
-2.28606 -1.19396
-3.24538 3.4029
-2.47678 1.57769
-2.5937 4.66139
-2.9628 0.504295
-5.53911 1.59717
-2.34659 -1.05148
-4.75832 1.13812
-2.3908 0.680252
-4.6811 1.39987
-2.79349 1.05605
-1.66387 2.10315
-4.88898 0.383133
-2.60733 4.6567
-9.14715 1.58072
-2.79576 3.80341
-2.24745 3.93203
-2.9266 -0.771813
-2.89126 -0.907953
-2.23552 3.93628
-2.81342 3.67803
-2.96455 3.59076
-2.90639 0.743766
-2.45364 4.69513
-8.46219 3.67538
-2.51475 -0.42526
-2.84303 0.93343
-2.45623 0.518164
-7.97072 3.68126
-2.53017 -0.295858
-2.95765 -0.626554
-8.88672 2.61472
-8.13835 3.33739
-5.43361 1.89806
-3.00938 -0.202007
-7.70212 4.15504
-1.36273 2.17487
-5.71584 0.85535
-1.49862 1.26136
-2.43939 1.62127
-2.78012 1.0862
-8.68784 1.63983
-2.99103 0.326036
-2.87273 -0.971284
-1.98784 4.01475
-2.54025 -0.136101
-9.17902 1.39878
-4.59869 1.6283
-1.78416 4.06633
-0.934451 2.22046
-2.75585 1.13828
-8.65118 1.8106
-2.52197 -0.371754
-2.51042 4.68904
-8.43538 2.57272
-3.70412 3.0078
-2.33243 0.783937
-2.33759 -1.07403
-4.71657 3.15892
-3.21238 4.39808
-2.54076 -0.0159127
-2.69216 3.74173
-2.30472 1.75746
-2.51875 0.250202
-2.45974 -0.701201
-1.77189 4.06907
-2.46733 -0.670494
-8.82999 2.78515
-2.8534 4.56373
-1.21205 1.30504
-2.40042 1.66388
-5.65647 1.16051
-2.53256 1.50725
-3.14699 4.43107
-1.39414 2.16955
-2.71149 1.22581
-4.45881 1.94557
-2.52732 1.51357
-1.96879 1.9885
-4.55247 1.74308
-2.54081 -0.113548
-2.0174 1.08233
-4.48074 3.43438
-4.76313 3.09906
-1.53926 2.14022
-2.5381 -0.189011
-3.96856 2.71338
-1.88022 4.04342
-5.63051 1.27127
-4.82522 0.841664
-2.54059 -0.00853747
-5.77652 0.309215
-4.77192 1.08478
-2.50223 0.342676
-2.34051 0.771166
-2.86578 0.871201
-8.44711 2.54808
-2.54121 -0.0459029
-4.56863 1.70282
-2.20059 3.94842
-2.99352 -0.391051
-2.23172 0.913565
-2.45193 -0.731505
-2.39155 -0.920146
-5.77753 0.292645
-2.41812 0.620331
-3.01352 -0.00578693
-8.65657 1.78651
-1.7035 2.09567
-3.13274 3.48252
-2.66986 3.75285
-4.90374 0.155603
-2.73098 4.61197
-2.99971 0.248416
-5.78758 -0.0458184
-8.43952 2.57103
-5.77068 0.392849
-5.67031 1.09663
-2.86442 -0.998316
-4.20457 3.70852
-5.62266 1.30279
-8.24416 3.09446
-3.22617 4.39493
-3.93116 3.93758
-2.11831 3.97563
-1.80363 2.0611
-3.00095 -0.318713
-2.35223 0.75063
-5.75875 0.526311
-4.50998 1.83752
-2.89867 0.767382
-2.97507 3.58435
-1.69955 4.08446
-4.44117 1.98103
-3.55702 4.20146
-2.32961 1.73454
-1.45653 1.44972
-2.50514 -0.486356
-8.22548 3.13906
-2.22404 3.9403
-2.44353 -0.76234
-2.72288 1.20419
-1.95217 4.02461
-2.35975 1.70548
-2.49774 0.36464
-2.18412 1.85595
-3.77762 4.05353
-2.67588 1.29003
-5.5487 1.5665
-2.71747 4.61705
-2.8963 0.775313
-2.74744 3.71336
-2.80648 1.02568
-7.83464 3.93143
-2.53965 0.0213495
-5.31074 2.18857
-3.01028 -0.18405
-4.78166 1.04478
-0.571118 2.23188
-2.25346 0.889455
-2.52294 -0.363966
-2.91088 -0.83531
-5.78552 0.107055
-4.62753 1.5529
-8.81311 2.83359
-2.65099 1.33217
-2.47313 0.462791
-4.90782 -0.0456734
-8.41771 3.76551
-2.37157 1.69367
-2.86729 0.802027
-4.21548 3.69867
-3.03874 3.54453
-1.85515 2.04071
-0.912201 2.22174
-1.88476 2.02811
-4.79715 0.977631
-5.52935 1.62774
-4.12672 3.77793
-2.25287 1.80219
-2.25896 3.9279
-3.695 3.01695
-4.89578 0.298001
-4.9011 0.21319
-2.3809 0.699918
-8.74662 1.31854
-3.01371 -0.0413253
-4.89151 0.333628
-2.52467 0.205654
-8.7695 1.16925
-5.62873 1.25186
-2.09465 3.98309
-4.40845 3.5107
-4.02445 2.64293
-1.83937 1.16856
-2.8324 0.934752
-2.98768 0.351672
-2.93441 4.52957
-1.5794 2.13067
-3.14295 3.47555
-2.23638 -1.29777
-2.98186 -0.481437
-1.90424 4.0373
-2.44464 1.61503
-5.56441 1.50324
-4.13951 2.48664
-2.4808 0.434753
-2.54046 -0.128653
-3.62241 3.08768
-2.54712 1.48771
-4.98271 2.78663
-2.53975 -0.151231
-2.32211 -1.11159
-7.63962 4.25458
-4.00076 2.67316
-2.52806 -0.318343
-3.04916 3.53783
-4.90731 0.0263682
-0.187846 1.34565
-4.82256 0.855535
-2.35834 -1.02121
-5.46716 1.80871
-2.97488 0.436726
-2.36694 0.72607
-2.99553 -0.37295
-3.86121 3.99246
-2.53191 0.139759
-0.489546 1.34565
-2.97356 -0.535919
-2.4925 -0.555396
-2.54039 -0.000944854
-1.71497 2.09203
-3.08079 3.51727
-2.84582 -0.0667824
-9.03563 2.09247
-4.96597 2.81243
-8.74274 3.02573
-9.13227 1.65891
-4.90779 -0.0603643
-2.63495 4.64705
-4.61083 3.26129
-1.75997 4.0717
-1.63075 2.1171
-8.77313 1.14377
-8.58646 2.07604
-2.87846 3.64157
-2.85723 0.89444
-5.74161 0.675041
-1.97043 1.10804
-3.01045 0.0999942
-3.0137 -0.0500934
-3.00862 0.12627
-2.8864 0.807386
-5.57624 1.47438
-0.251495 2.22885
-4.87266 0.537814
-4.28098 3.63722
-2.97052 0.462262
-1.92822 4.03103
-2.57088 1.45474
-2.51757 0.256479
-4.75076 3.05573
-4.88364 0.439809
-4.47612 1.90989
-2.84403 -1.06147
-2.64251 1.34611
-0.373602 2.23118
-3.68612 3.02581
-2.11556 1.01757
-2.96908 -0.563046
-2.378 -0.968201
-4.86878 0.562059
-2.24276 0.90155
-3.44388 4.2704
-2.33145 -1.08911
-4.51543 1.82548
-7.73885 4.09485
-2.45392 0.525158
-1.38477 1.28156
-9.09507 1.83858
-3.38034 4.30719
-2.8777 -0.961872
-0.54442 2.23203
-2.75833 4.60154
-1.48323 2.15253
-2.38421 0.693502
-2.00757 1.09172
-4.2374 3.67828
-2.82626 4.57477
-5.02379 2.72174
-1.74809 4.07418
-2.95934 -0.617594
-2.69003 4.62722
-8.92505 2.49194
-2.20269 0.943151
-3.25536 3.39555
-3.00136 0.231051
-1.73647 1.20221
-4.88219 0.453528
-5.69864 0.952004
-3.0127 0.0383753
-2.88047 4.55252
-2.53533 -0.234596
-3.95333 2.7311
-0.844866 2.2251
-2.49398 -0.547826
-2.50567 3.82784
-8.30734 2.93738
-4.83772 0.773268
-3.96685 3.91099
-2.28364 0.852193
-2.98411 0.377232
-2.50911 0.306923
-8.79594 2.88187
-3.8135 4.02767
-3.01002 0.108918
-8.99629 2.24362
-4.27491 2.27992
-2.37248 -0.983395
-2.47116 0.469672
-2.10213 1.9123
-5.68015 1.04875
-2.52816 0.176389
-2.04717 3.99758
-8.59459 2.46452
-2.23282 1.81856
-0.755343 1.33878
-2.53769 -0.196711
-5.29716 2.21672
-4.9065 0.069396
-3.96055 2.72322
-2.32522 -1.10418
-2.4469 0.545692
-2.24002 -1.29048
-5.78755 -0.0290103
-0.903762 1.33137
-4.65945 1.46397
-2.86776 3.64769
-2.70355 4.62221
-2.79672 1.04859
-3.27555 3.38053
-2.91103 3.6227
-2.95952 0.521089
-2.55673 1.47453
-2.90128 -0.871644
-4.83283 0.800754
-8.73407 1.39339
-1.65556 2.11011
-5.3744 2.04445
-8.80444 2.85812
-4.55828 1.72755
-8.18734 3.22777
-2.85871 -1.01641
-8.64877 3.26148
-2.92075 4.53541
-8.63855 3.29407
-4.74409 1.19116
-2.10819 1.02305
-2.16253 1.87157
-2.59149 3.79058
-9.16466 1.47183
-2.82212 0.9875
-4.13779 3.76825
-2.68794 1.26884
-2.61401 3.77996
-2.98313 -0.472495
-8.61102 1.97984
-0.227248 1.34605
-1.11829 2.20625
-4.77849 1.058
-3.2513 4.37782
-2.52885 -0.310595
-1.87506 1.15229
-2.99248 -0.399974
-1.85176 1.16174
-2.7322 1.18061
-2.48964 0.399589
-2.34058 -1.06659
-2.01168 4.00797
-2.45844 0.511355
-4.5634 1.71538
-2.53903 0.0362604
-2.90747 4.54113
-8.74247 1.34382
-2.15114 0.989486
-3.12063 4.444
-1.17448 2.20045
-3.05458 4.4755
-3.01336 -0.0857409
-2.9612 0.512574
-4.90788 -0.0161156
-2.97008 0.480719
-9.1007 1.81256
-3.36734 4.31455
-4.36698 2.12209
-2.8529 -1.0345
-8.72099 1.4676
-2.54123 -0.0833891
-3.00666 -0.24684
-2.94679 -0.681127
-2.07095 3.9904
-2.38606 -0.945497
-2.80322 1.0334
-2.29778 0.834176
-9.0097 2.19338
-2.33564 1.72884
-3.01261 -0.121471
-8.31599 2.91506
-2.35251 -1.03635
-2.46282 0.497504
-4.11715 2.51827
-2.99471 -0.381821
-8.01421 3.5962
-3.63586 4.16637
-2.41162 -0.869253
-5.07973 2.62948
-3.18418 3.44691
-0.283102 2.22957
-5.6865 1.01658
-0.516538 2.2321
-2.53847 -0.181536
-2.49618 0.371205
-4.04024 2.62236
-0.52524 1.34514
-4.10201 2.53932
-8.89677 2.26022
-1.61728 1.23628
-1.89462 2.02376
-3.01284 -0.1124
-2.15507 1.87682
-2.92165 3.61646
-1.6183 2.12048
-4.05873 3.83602
-1.65094 4.09402
-1.95071 1.99753
-7.60146 4.31343
-2.36408 -1.00605
-3.3547 4.32165
-8.28958 2.98256
-4.99272 2.77604
-3.50688 4.23257
-2.27228 -1.2238
-2.36338 3.88859
-2.53916 -0.166376
-2.48785 -0.578551
-4.48194 1.89771
-9.08333 1.88686
-1.14109 1.31265
-8.02477 3.57513
-8.62861 1.9077
-3.01157 0.0736983
-5.12217 2.56671
-2.65939 1.31819
-0.313391 2.23019
-1.94078 4.02747
-2.24368 -1.28307
-2.51974 0.241965
-2.07858 1.92708
-4.82689 3.01373
-5.66712 1.11303
-8.62287 1.93154
-2.45384 -0.724109
-2.09442 1.91721
-1.26336 2.18964
-3.41845 4.28529
-7.90359 3.80755
-2.38895 1.67589
-5.78505 0.123763
-2.54234 1.49418
-9.20713 1.21543
-2.91776 -0.808179
-5.78264 0.191468
-0.624176 2.23133
-5.71802 0.838519
-2.13136 3.97103
-5.74577 0.642048
-2.15852 1.59182
-3.00435 0.196229
-5.35782 2.13048
-4.70591 1.32205
-1.90838 1.1379
-3.86939 2.83086
-2.40913 -0.877001
-8.30086 2.94909
-2.15354 3.96422
-2.8835 -0.935032
-4.76119 1.14843
-4.90391 -0.247493
-7.92623 3.76559
-8.17778 3.24952
-5.74972 0.60899
-4.76853 1.09836
-2.50074 0.349927
-5.48711 1.74794
-3.91119 2.78247
-2.44561 -0.754787
-1.84431 4.05227
-4.32187 2.20124
-1.92307 2.01078
-2.66252 4.63722
-3.00751 0.152662
-2.14778 1.8819
-5.20041 2.41283
-5.16384 2.48129
-0.959833 1.32778
-2.99772 0.265627
-5.72313 0.805865
-1.0592 2.2116
-4.90746 -0.103639
-8.51324 2.33745
-5.41633 1.94217
-4.87132 2.95181
-2.39656 -0.915033
-2.5348 -0.242081
-2.30276 -1.15666
-2.31725 1.74604
-2.46706 0.483609
-1.75002 1.19789
-2.69589 1.25456
-7.75121 4.07429
-2.44382 3.85597
-9.13734 1.63254
-2.43697 0.573037
-2.32336 1.74039
-2.49096 -0.563188
-3.81875 2.88697
-5.20773 2.3988
-3.56931 4.1937
-2.8499 -1.04341
-2.87001 -0.980209
-4.30258 3.61646
-2.98532 0.368804
-4.80308 0.950573
-2.99417 0.300067
-2.97059 -0.554091
-5.78716 0.0223497
-2.41175 1.65178
-2.80231 3.68409
-2.50644 0.321291
-5.0877 2.61595
-2.98563 -0.454352
-4.0703 3.8263
-8.50626 2.3607
-2.62508 3.77467
-2.58944 1.42794
-4.25925 3.65783
-0.866307 2.22348
-8.77658 1.11902
-4.0325 2.63246
-4.89473 0.312421
-5.18569 2.44021
-4.81718 0.882874
-2.7915 3.68995
-5.77193 0.376346
-2.91034 0.727077
-8.89444 2.59053
-4.38756 3.5324
-8.93992 2.44243
-0.998106 2.2163
-4.69764 3.1827
-3.45638 4.26301
-3.90299 2.79209
-2.32914 -1.09543
-8.42391 2.61744
-5.49897 1.71889
-8.47724 2.45469
-3.39294 4.3
-4.90764 -0.00250561
-1.79281 2.06515
-2.31091 1.75185
-2.4975 1.55231
-4.6854 1.38676
-9.00313 2.21815
-3.40441 3.27973
-2.96904 0.470588
-1.8348 2.04899
-5.12626 2.549
-2.21231 1.83469
-4.17623 2.43324
-2.9745 4.51199
-5.75706 0.542683
-4.79416 0.990938
-5.64927 1.19232
-2.51412 0.278086
-2.48619 0.413715
-2.10047 1.02867
-1.70825 1.21074
-5.47252 1.79395
-2.19832 1.84537
-5.73724 0.707956
-2.38342 -0.952994
-9.14222 1.60702
-7.58843 4.33356
-2.46068 0.504334
-2.68979 3.73972
-0.785685 1.33749
-2.54059 0.0172502
-8.00328 3.61784
-8.32483 2.89205
-5.48327 1.76391
-2.0849 1.03947
-4.31318 3.60618
-2.1904 0.954869
-1.45174 2.15655
-2.51548 -0.418493
-2.80003 1.04089
-4.87764 0.495527
-4.78799 1.01789
-4.6414 1.51503
-4.74775 1.17774
-1.88625 1.14758
-7.8227 3.95232
-4.47044 1.92169
-2.56599 4.67078
-3.00735 -0.23768
-2.48796 0.406558
-2.99139 -0.409164
-4.57141 3.33357
-2.51289 0.285413
-3.00569 0.178773
-3.49128 3.20664
-3.83562 4.04284
-2.99886 0.25696
-4.80882 3.03834
-8.53731 3.51622
-5.36813 2.0592
-3.32547 3.34251
-8.96158 2.36823
-2.53962 -0.214403
-5.7651 0.459698
-4.66825 1.43832
-5.70443 0.919603
-8.60914 3.35485
-2.74141 1.16778
-9.20333 1.24239
-3.80964 2.89738
-4.90296 -0.263507
-2.09285 1.03409
-2.40952 3.87013
-4.71775 1.28307
-2.52277 0.220244
-2.52974 0.161714
-1.34653 2.17754
-4.302 2.23503
-3.89448 2.80203
-1.67526 4.08931
-5.75258 0.593199
-2.88131 0.823349
-5.60228 1.38099
-3.84402 2.85948
-8.34206 2.84656
-2.78563 4.59093
-1.72666 2.08823
-3.89654 3.96575
-3.23847 4.38455
-8.46231 2.50147
-5.49383 1.73377
-4.41902 2.00697
-4.51146 3.40089
-1.40932 2.16686
-5.41037 1.9571
-2.53364 -0.257321
-3.92009 3.94766
-4.04818 2.61194
-2.39721 1.67331
-8.93242 2.4676
-2.53381 -0.322785
-2.51131 -0.448151
-4.80886 0.923446
-4.65506 1.47658
-8.69769 1.59066
-8.07723 3.46803
-2.99925 -0.336779
-2.91264 0.718838
-5.14888 2.50855
-5.78633 0.0731074
-3.00966 -0.157677
-2.22891 -1.31253
-2.43342 -0.79205
-4.19075 2.41163
-2.9792 -0.499591
-3.43311 4.28463
-2.52731 0.183784
-1.29737 2.18492
-3.8374 4.01014
-4.4048 2.05163
-3.01108 -0.16611
-3.41403 3.27185
-4.78157 3.0748
-2.04608 1.9465
-2.95445 0.546082
-2.43443 0.579744
-3.13361 4.43757
-2.35964 0.739056
-1.37831 2.17228
-4.701 1.34696
-1.89757 1.14269
-2.95051 -0.662935
-4.90642 -0.16174
-2.43923 -0.777668
-7.67722 4.19512
-1.09143 1.31738
-5.4616 1.82388
-3.0001 -0.327876
-2.394 -0.922556
-4.44703 1.96935
-4.87095 0.551614
-1.46899 2.15545
-4.73306 1.23056
-3.34161 4.32877
-2.47703 0.448792
-5.76651 0.443229
-2.53422 -0.249817
-2.06247 1.93685
-4.81993 0.86899
-2.3972 0.667007
-2.60237 3.78554
-1.78219 2.06905
-2.27736 -1.21416
-2.76989 1.10855
-4.90773 -0.0746391
-4.88025 2.93911
-2.36337 0.732476
-2.53385 0.117746
-2.98016 0.402894
-4.16017 3.7485
-4.54778 1.75219
-3.48167 4.24787
