4.86799 -10.8787
3.87079 -11.0659
4.96313 -10.8557
5.18489 -10.7983
4.38747 -10.9811
5.01527 -10.8324
4.54785 -10.9495
4.8356 -10.8864
4.45186 -10.9687
4.00058 -11.047
4.74019 -10.9082
4.61204 -10.9361
4.4944 -10.9553
4.89941 -10.8712
4.67616 -10.9224
4.64458 -10.9292
5.02675 -10.8397
4.77123 -10.9014
4.25821 -11.0049
4.06538 -11.037
5.12152 -10.8152
4.03252 -11.0421
4.22664 -11.0103
4.13012 -11.0266
5.09027 -10.8234
4.35572 -10.9871
5.05807 -10.8317
5.24816 -10.781
4.51618 -10.956
3.93571 -11.0567
5.15369 -10.8067
4.58042 -10.9428
4.29121 -10.9989
4.80413 -10.8937
4.16199 -11.0213
3.97343 -11.0486
4.09728 -11.0319
4.323 -10.9931
