10.96 12.23
29.36 17.7
17.1 6.23
20.37 9.47
25.43 9.14
18.01 8.98
8.95 6.16
14.91 11.65
16.08 11.64
5.75 16.27
5.27 13.53
26.48 9.1
7.28 15.29
3.88 16.11
5.23 6.5
8.31 5.43
21.57 13
21.55 12.46
5.52 14.9
20.55 10.87
16.19 18.98
8.27 8.01
29.67 12.09
19.68 13.5
27.15 17.36
17.71 6.45
22.55 18.85
28.03 17.07
14.24 12.54
16.67 12.93
8.38 14.34
8.36 16.1
10.26 16.27
6.97 16.84
25.46 13.46
23.76 11.96
22.48 12.83
18.07 21.61
22.48 20.08
12.04 17.93
16.48 7.23
19.38 13.14
24.01 17.64
22.16 23.5
11.82 14.23
9.54 9.8
26.4 8.62
10.18 7.75
25.98 19.78
9.86 10.61
29.1 10.54
21.34 16.61
15.23 4.8
17.01 16.44
24.25 23.69
19.63 8.6
10.61 8.45
18.55 11.83
24.05 8.02
22.91 22.96
10.61 6.5
20.03 11.56
4.49 10.46
25.59 5.92
21.27 6.96
20.23 8.82
26.51 6.49
21.89 8.13
17.77 6.63
24.99 9.7
16.63 16.45
23.55 13.64
19.83 20.48
21.49 18.63
9.79 4.04
16.05 19.16
26.58 16.82
26.48 22.46
19.46 12.76
27.47 5.07
9.4 4.28
27.47 24.7
19.23 14.5
22.9 4.98
22.88 18.78
4.6 11.3
14.41 17.59
17.45 19.16
3.34 12.16
16.48 12.35
13.56 11.59
13.76 6.34
19.86 14.36
5.49 6.68
20.23 12.14
24 6.53
28.77 5.63
25.86 14.61
27.07 21.61
23 9.09
22.1 8.99
25.09 17.99
23.9 12.21
23.25 5.76
22.89 19.25
9.24 5.35
20.91 16.93
3.3 11.82
5.16 16.18
10.05 6.06
28.82 20.23
24.04 16.9
