5.64249 -3.77081
10.299 -1.059
7.91993 -1.02292
7.15197 -3.66089
5.58792 -3.84144
9.06813 -7.98888
7.93382 -0.7043
6.44998 -4.68957
10.5776 -6.09485
5.89903 -3.40232
6.07455 -3.1065
6.51657 -4.60882
10.7311 -1.39321
11.8232 -4.36877
9.43964 -0.078103
6.92412 -4.04503
7.93064 -0.818373
10.0535 -6.8838
9.11162 -0.405237
6.43781 -2.30339
10.1406 -7.72787
10.8712 -6.75063
6.06905 -5.10446
7.7581 -2.08439
7.85373 -1.60446
6.72131 -4.342
5.94685 -3.32582
11.0925 -6.38364
7.22219 -3.52869
6.60755 -4.49334
6.13483 -2.9942
5.35883 -4.11393
9.9964 -6.95907
6.39556 -4.75332
6.24818 -2.76384
11.4765 -2.28228
11.4345 -3.13573
7.88807 -1.35997
8.49988 -8.48625
9.89781 -7.99828
10.7978 -6.86729
8.72573 -9.05941
11.8322 -4.30445
9.86277 -0.362267
11.3692 -2.56294
9.45882 -0.568564
9.66848 -8.2352
10.9256 -5.42097
11.3407 -2.43449
9.15632 0.087562
11.8654 -3.88513
11.0831 -1.73653
11.2466 -2.11691
11.3203 -4.26065
5.91966 -5.24835
7.52815 -2.83914
6.49238 -2.14478
5.88145 -5.21598
11.8502 -4.14354
7.60079 -2.63315
7.77238 0.0971633
10.4737 -7.31778
5.71864 -5.42775
9.83131 -0.766638
7.03569 -3.86464
9.25948 -8.61958
5.7031 -5.44099
7.90348 0.0582563
10.9766 -5.3053
6.22468 -2.81416
6.00285 -3.2325
11.853 -4.11164
9.00736 0.168342
7.37154 -3.21903
10.1241 -0.56712
9.18122 -7.87953
5.9935 -3.24838
11.8425 -3.39464
6.54248 -1.9839
6.64632 -4.44318
5.49814 -3.95261
8.29938 0.50558
9.25315 0.0328198
9.21416 -8.65444
7.17238 -3.62324
5.72668 -3.65777
7.93038 -0.336372
8.99885 -8.05404
11.6878 -2.73866
10.744 -6.94322
5.8585 -5.30458
7.91199 -0.0349198
7.87662 -1.44932
10.6699 -1.11144
11.4132 -3.70297
5.46194 -5.63572
10.4332 -6.33049
11.7019 -4.93993
6.47684 -4.65732
7.44852 -3.04048
7.93333 -0.72687
7.63464 -2.52934
11.4333 -3.10443
6.21437 -4.95489
7.85972 0.407566
10.089 -0.537964
10.5923 -7.15868
7.96599 -0.398655
9.38033 -7.67744
5.56573 -3.86948
10.6713 -5.92921
5.50968 -3.93866
11.3333 -2.40369
7.93214 -0.772654
6.50392 -2.10917
9.50298 -8.39625
7.91124 -1.13577
6.40951 -4.73733
10.8675 -1.51732
11.8133 -4.43296
11.1398 -1.80526
6.21687 -2.83047
10.3261 -0.746346
10.2564 -6.60133
6.171 -5.00045
11.2147 -1.89615
10.5455 -1.24015
11.3626 -5.85762
8.98976 -0.351809
7.40644 -3.13992
9.28452 -8.59732
6.53172 -2.0199
7.91669 -1.06826
9.13607 -7.92364
8.6999 -9.07913
6.58326 -1.83883
5.98437 -3.26376
11.2508 -4.53484
11.4307 -3.48342
7.1604 -3.64053
6.68404 -4.39279
5.52718 -5.58496
11.1263 -4.92465
11.594 -2.50993
10.9973 -1.57909
5.22934 -5.80594
11.6367 -5.15817
8.54194 -0.170395
10.768 -1.23529
6.5035 -4.62488
10.6299 -1.30941
10.331 -7.49958
10.8175 -6.83336
9.24808 0.0407568
11.5265 -5.12427
9.18533 -8.6846
6.27116 -2.7141
7.93116 -0.359152
10.4662 -1.17937
10.6587 -1.33154
5.33012 -5.73419
6.70494 -4.38757
11.7779 -4.62463
7.87044 -1.49385
8.77797 -9.01911
10.7749 -5.73395
11.4388 -3.25026
7.93488 -0.612473
11.0716 -5.07219
9.67537 -0.680621
8.4146 0.455226
6.98062 -3.95538
7.81034 -1.84602
6.9067 -4.11992
8.42642 -8.54484
9.956 -0.430339
7.91837 -1.04527
11.4186 -2.18544
11.8644 -3.91687
9.95767 -7.00914
5.60762 -5.52045
8.88165 -8.93744
9.94867 -0.839356
6.48661 -2.16229
11.2675 -4.47411
10.6445 -1.08106
7.76826 -2.04124
11.6265 -5.18767
6.37212 -2.4766
10.5939 -6.06672
9.73859 -7.27893
6.27862 -2.69755
9.88079 -0.794987
11.3641 -4.04523
9.8236 -0.333732
7.39784 -3.16019
10.8582 -1.3599
9.57257 -0.162082
7.54297 -2.798
6.51524 -2.07344
8.73749 -0.246912
9.53077 -7.51594
10.389 -0.80669
7.83114 -1.73677
10.3574 -0.77604
11.2579 -2.14934
7.69979 0.120027
11.8659 -3.85174
11.3111 -2.02438
11.406 -2.76006
11.1158 -4.95396
11.5398 -5.43534
9.77957 -0.737544
9.71842 -7.30268
8.94463 -8.10695
10.7256 -6.9701
7.86066 -1.56016
6.56908 -4.54314
11.4356 -3.35712
7.46495 -3.00033
7.93474 -0.635113
7.92065 -0.173675
11.4138 -2.84974
10.0743 -0.911362
9.91859 -7.05892
11.094 -5.01318
9.97903 -0.852933
6.32686 -4.83198
11.5468 -2.41248
5.27975 -5.77075
7.55054 -2.77721
8.00293 0.628396
7.28945 -3.39449
7.89098 0.174558
5.40603 -4.06071
11.2478 -6.09428
6.57341 -1.87525
9.72861 -0.709433
11.2112 -2.02181
10.836 -1.32823
5.64965 -3.74298
11.4293 -5.7082
5.66407 -3.7422
11.1872 -4.74556
5.32318 -4.1532
9.69754 -7.32712
7.62127 -2.57109
11.8183 -3.23093
6.80622 -4.22095
6.14338 -2.97774
6.52996 -4.59223
6.8549 -1.2747
11.1962 -4.71851
6.16825 -2.92912
9.52656 -8.37378
6.04806 -3.15396
7.87941 0.267992
8.76517 -8.26422
11.137 -4.89453
11.2178 -6.1523
11.7688 -3.00136
7.38912 -3.17955
8.40756 -0.120012
6.46889 -2.21308
10.6688 -7.05179
11.2062 -4.68546
10.2024 -6.67893
7.92625 -0.909374
7.89625 0.127879
11.3465 -4.13752
6.83056 -4.18655
10.8993 -5.47847
5.49464 -5.61045
10.2556 -1.02924
6.12773 -5.04526
11.8497 -3.46026
11.387 -2.65925
11.3252 -2.37221
7.69719 -2.31929
8.52762 0.404274
11.5511 -5.4052
11.3487 -2.46757
11.7268 -4.84598
10.4926 -7.29487
7.53555 -2.81815
10.9514 -5.36325
10.6913 -5.88757
10.2263 -7.62702
11.2331 -6.12316
7.57242 -2.71585
11.6842 -5.00265
10.9384 -5.39253
5.42909 -5.66075
7.65656 -2.33801
11.8338 -3.32899
5.37026 -4.10138
5.52084 -3.92507
11.4301 -3.04084
10.9627 -1.61107
6.75845 -4.29026
10.0159 -0.479039
7.44988 -3.01433
9.57418 -8.32792
10.4807 -6.25672
9.59386 -7.44577
7.88521 0.198866
6.60215 -1.76644
11.1564 -6.26832
9.06008 -8.79143
11.0486 -5.131
6.55622 -4.55939
10.0317 -7.85179
6.15164 -2.96173
9.65863 -0.218885
10.1839 -6.70516
11.0742 -6.42437
7.7032 -2.29777
11.1348 -5.31813
8.8126 -8.22271
7.85591 0.431365
7.01377 -3.90117
7.73813 -2.17126
7.43183 -3.08048
8.93308 -8.89608
5.73808 -3.64098
5.68548 -3.71342
6.3546 -4.80064
10.1937 -0.626547
5.88783 -3.42168
11.4965 -2.31758
6.17284 -2.92837
8.64576 -8.36623
11.3982 -3.82806
10.0913 -6.83301
11.6505 -2.64081
11.7769 -3.03375
5.9949 -5.17706
7.87956 -1.42734
9.89919 -7.08334
9.94052 -0.420469
10.5332 -7.23896
7.8907 -1.33791
7.72038 -2.23419
8.40143 -8.56447
11.1629 -1.83229
11.0603 -5.10119
7.2705 -3.43311
11.3069 -2.28729
5.54338 -5.57281
11.1583 -1.89461
7.19254 -3.58543
9.45489 -8.4416
10.0093 -7.87673
8.88288 -8.16015
11.7574 -4.71948
9.55167 -7.49286
6.56832 -1.89369
11.8024 -4.497
11.862 -3.62359
7.64174 -2.50923
7.47294 -2.98048
11.8646 -3.68901
9.20336 -7.85768
11.8663 -3.78652
9.03427 -8.8131
6.19267 -2.88021
10.5836 -1.27022
11.5736 -5.34371
11.7845 -4.59232
7.3537 -3.25836
10.5913 -1.01956
11.4675 -5.61804
11.8278 -4.3371
10.7458 -5.79016
7.93494 -0.566476
10.8315 -5.6208
8.80605 -8.99475
6.38572 -2.4421
11.8662 -3.81961
10.9416 -6.63881
10.2921 -6.549
11.3813 -2.62681
10.9586 -6.61082
10.7015 -5.87361
11.829 -3.29663
10.7313 -5.81776
8.63841 0.352736
10.5361 -0.958296
6.20878 -2.84724
11.0132 -5.21839
9.09063 -7.96743
6.48062 -2.18028
8.12342 0.579596
5.78132 -5.37346
9.30878 -8.57561
10.4333 -7.37021
9.2881 -0.486152
7.88247 0.244284
9.22607 -7.8351
6.55301 -1.94779
6.084 -5.08952
11.7103 -4.90906
8.90702 -8.91711
5.97498 -3.27938
6.09206 -3.07452
11.2334 -4.5954
6.81879 -4.20378
6.05685 -3.13834
11.3165 -2.33981
9.40268 -0.541115
8.06127 0.00238497
11.3401 -4.16882
10.8354 -6.80613
7.11045 -3.73567
7.91746 -0.10437
11.4421 -5.67747
7.41489 -3.12034
7.78284 -1.97658
10.6253 -6.01175
11.2685 -2.18069
8.22683 -8.6981
6.40563 -2.39037
11.5164 -5.49646
8.95832 -8.87557
5.4869 -3.96612
6.70906 -4.3588
10.8591 -5.56388
10.8725 -5.53574
7.93258 -0.40539
10.9598 -1.51615
10.4496 -0.867303
7.91915 -0.127955
7.93467 -0.520422
9.40649 -8.48661
10.1658 -6.73057
11.2754 -4.44401
9.48809 -7.56257
9.43019 -8.46487
9.24806 -7.8131
9.90249 -0.391727
10.6958 -1.14303
6.90107 -4.08068
6.30837 -2.63006
10.3094 -6.52329
10.8171 -5.65025
8.45073 -8.52559
11.2153 -4.65578
7.66679 -2.42472
7.59368 -2.65417
8.92871 -0.325752
11.2353 -2.08551
11.8386 -3.36294
10.8452 -5.59279
9.9428 -7.94977
7.90511 -1.20312
9.81959 -7.18173
9.87552 -8.02206
10.0727 -6.85806
7.84458 0.501248
7.30816 -3.35571
11.2027 -6.18158
5.79712 -5.36088
11.403 -5.76832
5.34655 -5.72221
5.87952 -3.43275
7.88528 -1.38267
9.09131 -0.406813
11.2641 -1.96022
6.28508 -4.8784
7.58674 -2.67457
11.2233 -2.05319
7.70894 -2.27681
7.89581 -1.29306
6.94695 -4.0092
6.45034 -2.26829
11.422 -3.6093
10.7657 -1.42371
6.9354 -4.0274
10.3622 -6.44352
6.95812 -3.99148
6.47474 -2.19774
10.781 -6.88843
11.2393 -1.92769
10.7066 -6.99771
6.1568 -5.01534
6.9908 -3.93656
11.4163 -3.67209
5.55957 -5.55925
6.5372 -2.00165
5.29667 -5.75833
10.9638 -5.33472
9.75927 -7.25438
11.3338 -4.19916
6.79475 -4.23861
6.31311 -4.84735
10.0757 -7.80232
11.4017 -2.75451
10.562 -6.12144
11.3898 -5.79785
5.64519 -5.45887
6.33727 -2.56206
11.3921 -2.69067
6.57829 -1.85732
10.211 -0.999441
6.43156 -2.32064
7.82302 -1.78068
10.5725 -7.18577
11.1145 -1.79987
10.7606 -5.76167
9.51429 -0.596661
6.22844 -4.93988
11.394 -3.85879
11.8599 -4.0139
7.92779 -0.886492
11.4337 -3.42032
9.77926 -7.23048
8.54877 -8.44658
7.48899 -2.94012
6.46265 -2.23307
5.67144 -5.4677
9.3466 -0.513961
11.01 -6.52588
6.37885 -2.45961
11.8528 -3.49257
7.56575 -2.68345
6.03006 -3.18558
8.97608 -8.07516
6.10936 -3.0424
7.84649 -1.64866
9.69151 -8.21215
6.06585 -3.1222
11.7906 -4.5609
11.3347 -5.91715
10.3792 -6.41737
10.384 -1.11898
8.27054 -0.0703539
10.688 -7.02446
9.62294 -0.652773
11.0265 -6.4979
6.11791 -3.02618
10.9201 -5.4222
6.24038 -2.78094
7.92941 -0.312866
10.8997 -1.54833
5.84333 -5.3183
5.59879 -3.82756
11.1404 -6.29767
5.39412 -4.07427
8.24182 0.530163
9.64469 -8.25883
9.11054 -8.74883
11.858 -3.55811
7.9345 -0.658412
11.3749 -3.98322
8.85975 -8.18088
10.9888 -5.27667
8.35293 0.493897
11.6996 -2.77195
5.75006 -5.40071
11.455 -5.64786
7.81698 -1.82614
11.3525 -4.1071
7.90721 -1.18091
10.2047 -7.65273
6.87779 -4.11615
11.1472 -4.86519
5.46395 -3.99341
11.3335 -2.05622
9.1353 -8.72771
10.5056 -1.20926
5.44084 -4.02054
7.73153 -2.19145
6.63339 -4.4602
11.1294 -1.83112
9.8065 -8.09509
7.18234 -3.60463
10.1489 -6.753
7.33561 -3.29753
10.4249 -1.14868
9.74231 -0.276106
11.5847 -5.31247
8.90462 0.221812
7.88536 0.221263
5.90857 -3.38728
10.72 -1.17326
8.79955 0.274748
6.29892 -4.86313
11.4355 -3.16797
10.1287 -6.78193
6.83483 -3.3422
11.6563 -5.09592
11.3266 -4.23533
6.39235 -2.42505
11.3063 -5.97644
7.90118 0.0812289
7.31393 -3.33313
9.40179 -7.65489
11.3077 -2.30835
5.26308 -5.78225
11.7188 -4.87703
11.8556 -4.07878
9.4841 -0.105711
5.71711 -3.67016
7.92146 -0.999899
6.56332 -1.91157
5.92781 -3.35662
9.04489 -8.01089
11.5789 -2.47774
7.13133 -3.69836
7.83896 -1.69277
7.92978 -0.840873
5.82766 -5.33238
7.67921 -2.38253
7.89872 0.104892
7.90062 -1.24813
7.48112 -2.96003
10.5297 -6.17591
9.10774 0.11435
11.6657 -5.06519
7.8782 -1.47491
6.52633 -2.0376
5.80991 -3.53782
6.18568 -4.98522
7.49703 -2.91958
7.9207 -0.15085
5.83007 -3.50793
7.10008 -3.75399
9.6177 -0.191723
10.6094 -6.03967
5.78957 -3.56755
11.05 -1.67328
9.34759 -0.0224067
7.02492 -3.88266
9.50976 -7.53871
9.20569 0.0598896
11.6465 -5.12752
10.3273 -6.4964
8.67362 -0.221486
7.25138 -3.47166
11.7714 -4.65598
10.3514 -7.47409
10.6499 -7.07852
5.98012 -5.19126
11.4362 -3.32595
11.2888 -2.2445
9.35778 -8.53128
7.85225 0.454427
7.898 -1.27081
11.4204 -2.91349
7.32662 -3.31677
5.33498 -4.14028
11.2774 -6.03548
11.4801 -5.58729
10.8035 -5.67749
9.927 -7.07596
7.82717 -1.75842
10.3446 -6.47038
11.3485 -5.88787
10.976 -6.58248
6.26344 -2.7311
5.41756 -4.04749
11.4323 -3.45191
10.4133 -7.39593
11.4099 -3.74442
9.85248 -8.04646
10.2472 -7.60199
9.978 -7.88809
7.86307 0.384566
9.47862 -8.4193
9.63003 -7.41721
7.52029 -2.85895
6.18466 -2.89637
10.9066 -6.69486
11.3627 -2.53146
10.8965 -1.41671
8.47426 -0.144285
7.08938 -3.77285
6.3583 -2.51098
5.5918 -5.53331
10.3723 -7.44791
8.20209 -0.0461602
10.9928 -1.64209
7.92881 -0.864025
9.71514 -8.18833
10.8341 -1.48587
7.92549 -0.932041
6.61133 -1.72948
11.2629 -6.06448
5.41285 -5.67302
11.5953 -5.28207
11.7425 -4.78282
11.8602 -3.59132
10.7163 -5.84611
5.54337 -3.89736
6.62078 -4.47669
5.75887 -3.61164
10.1666 -0.970258
7.86396 -1.53829
11.5126 -2.34732
7.9486 0.649365
10.9204 -1.45336
9.87914 -7.10841
11.6232 -2.57533
7.86988 0.337785
5.37977 -5.69773
10.8536 -6.778
10.0534 -7.82746
10.4985 -0.917451
9.52928 -0.134255
6.60684 -1.74759
7.62449 0.143366
11.866 -3.75435
7.87635 0.291023
5.39145 -5.67427
11.8183 -4.40153
10.4473 -6.31054
11.3849 -3.92108
5.63961 -5.49418
11.7221 -2.83882
11.2246 -4.62517
9.08498 -8.77048
7.28015 -3.41354
6.32292 -2.59613
5.94997 -5.21991
11.4246 -3.57741
7.24892 -1.27035
5.8199 -3.52302
10.4969 -6.23011
7.91496 -1.09056
5.81241 -5.34599
6.31556 -2.61339
5.74835 -3.62655
9.02225 -8.03218
7.90584 0.0345773
8.80255 -0.273268
9.33655 -7.72297
11.8456 -4.16881
9.62149 -8.28173
11.8593 -3.64212
5.96485 -5.20582
7.75299 -2.10561
9.23508 -8.64113
7.8189 -1.80227
10.1202 -0.940322
11.1576 -4.83491
11.2875 -1.99186
11.1675 -4.80547
6.03677 -3.17775
11.3799 -3.9524
11.4101 -2.81832
7.92287 -0.977519
7.42352 -3.10014
5.69597 -3.69918
11.0597 -6.4409
11.8363 -4.27271
7.92843 -0.290045
6.12647 -3.01014
7.92221 -1.11882
8.78876 -8.24358
6.20087 -2.86349
9.57311 -7.46901
11.7879 -3.1038
6.2936 -2.66387
7.74766 -2.12743
6.02478 -5.14809
7.79701 -1.91112
6.27281 -4.89738
11.7511 -2.93565
6.42292 -4.72162
11.7349 -4.81396
11.6759 -2.70635
11.1443 -1.86332
9.15869 -7.90149
5.57546 -5.5465
11.4367 -3.26263
11.806 -3.16521
7.918 0.0501647
11.2911 -4.38313
9.35814 -7.7006
11.5628 -2.44462
11.76 -2.96802
11.2988 -4.35212
8.5974 -8.40658
9.4238 -7.63159
10.5532 -7.21201
7.93404 -0.543375
6.73386 -4.32462
10.2611 -0.686294
6.43667 -4.70538
11.3755 -2.59534
7.93366 -0.451577
7.60762 -2.6127
6.36533 -2.49272
10.2287 -0.657296
8.32712 -8.62215
11.4579 -2.25029
8.69216 0.327133
10.6406 -5.98457
7.92619 -0.24369
8.85579 0.24637
10.2893 -7.55094
9.23057 -0.459294
7.83655 0.548081
11.4193 -3.64025
11.8437 -4.20819
7.77813 -1.99798
7.85718 -1.58264
9.73801 -8.16512
11.0811 -1.73738
11.5626 -5.37401
8.74693 0.300625
11.7106 -2.80429
5.96571 -3.29486
10.8141 -1.29751
11.3895 -3.89041
9.63571 -7.39838
11.7922 -3.09948
11.7967 -4.5285
7.55782 -2.75699
11.1158 -4.92935
10.9785 -1.54715
10.5136 -7.26505
7.8825 -1.40469
11.7849 -3.06706
6.25588 -2.74758
9.67724 -7.35068
7.61458 -2.59161
10.8792 -1.39071
6.08346 -3.09029
11.8556 -3.52582
5.88916 -5.27657
6.84262 -4.16876
6.54292 -4.57608
11.4061 -3.76558
8.5684 -8.4319
10.1836 -7.67761
11.4258 -2.97719
6.25686 -4.90924
6.59503 -4.51001
8.6695 -8.34624
11.764 -4.68432
5.44578 -5.64809
5.47855 -5.62293
11.1084 -6.35534
6.42506 -2.33843
5.57669 -3.85569
8.2771 -8.6603
9.33368 -8.55316
9.29246 -7.76819
6.01188 -3.21705
6.09848 -5.07496
5.85982 -3.46303
11.8238 -3.2633
7.24175 -3.49047
11.8617 -3.9819
10.0972 -7.77782
6.04041 -5.1355
7.90791 0.0116517
7.78772 -1.95461
11.1709 -1.9238
7.93442 -0.497712
8.83587 -8.20214
7.93408 -0.474314
11.8579 -4.04683
5.83994 -3.49315
11.4922 -5.55736
11.1718 -6.23976
9.98745 -7.90094
7.91574 -0.0814561
6.40381 -2.43906
10.1613 -7.70469
6.59755 -1.78427
6.85428 -4.15144
8.25236 -8.67897
10.9928 -6.55463
11.4173 -2.88209
11.609 -2.54304
11.4231 -2.94498
5.76905 -3.59713
11.0247 -5.19089
5.47529 -3.97997
5.31317 -5.74647
6.58803 -1.82084
9.00934 -8.83367
7.92361 -0.197291
10.4638 -6.28405
8.35798 0.480178
6.33002 -2.57936
10.0348 -6.90871
11.3184 -5.97013
6.4187 -2.35556
8.92962 -8.11782
7.84663 0.0733666
8.3769 -8.58367
11.3772 -2.12075
6.49418 -4.64755
11.1087 -1.76865
7.7424 -2.14858
10.0153 -6.93438
5.85005 -3.47789
7.66057 -2.44546
9.83002 -8.07007
11.7317 -2.86995
5.91836 -3.37174
7.6541 -2.46679
7.26107 -3.45208
11.4318 -3.07218
8.86504 -0.299028
8.34038 -0.0954537
10.4787 -0.89728
11.037 -5.1599
6.05448 -5.11891
11.2835 -4.4132
5.68705 -5.45454
7.05739 -3.82793
10.2203 -6.65339
10.4135 -6.36409
5.62073 -3.79927
7.64774 -2.48747
9.85957 -7.13268
7.90287 -1.22597
7.36278 -3.23843
5.67464 -3.72804
7.12107 -3.71677
6.52072 -2.05591
9.29987 -7.76649
6.65882 -4.42659
7.84999 -1.62682
7.71478 -2.2552
10.3926 -7.42234
7.8484 0.478179
11.1247 -6.32611
10.4191 -0.836524
6.44419 -2.2856
7.20239 -3.56674
5.93459 -5.23432
8.47569 -8.50568
5.65316 -3.75669
11.6164 -5.22022
9.78418 -8.11776
9.84039 -7.15576
5.46276 -3.9859
6.77048 -4.27326
11.0152 -1.61015
6.55836 -1.92491
8.62125 -8.38675
7.79233 -1.9332
8.85545 -8.95829
11.4361 -3.19922
7.80148 -1.88966
7.95037 -0.759408
7.92733 -0.266533
8.82994 -8.97845
6.19984 -4.97031
5.55395 -3.88464
11.4269 -3.54641
11.3761 -5.8282
10.6178 -1.04983
6.746 -4.30772
11.052 -1.70524
11.0232 -1.6741
6.38215 -4.76909
7.9342 -0.681022
7.69134 -2.34021
6.34426 -2.54523
11.4382 -2.21737
5.38251 -4.0874
9.60498 -8.28741
9.78265 -0.304448
9.4451 -7.60888
11.4347 -3.38919
10.8007 -1.45521
7.07885 -3.79104
7.50477 -2.89961
11.3061 -4.32197
7.00288 -3.91911
10.6114 -7.1323
9.05711 0.141805
10.1597 -0.597229
6.91247 -4.06316
5.7346 -5.41406
11.1855 -1.95817
7.34482 -3.27768
8.18201 0.55532
10.8892 -6.72237
8.71747 -8.30539
11.0332 -1.6423
6.29542 -2.67823
