4.10789 -0.958332
3.55525 -0.132992
1.27946 -5.91327
-1.85092 -1.88838
-0.432569 -3.45039
1.48743 -2.96606
-1.24717 -3.0585
-1.41347 -2.73003
-1.73298 -2.6999
4.13888 -0.80782
2.06426 -3.39982
2.87524 -2.04806
0.426629 -5.84689
2.91015 -2.0045
3.49092 -0.72945
1.45349 -3.58029
4.03218 -1.24041
1.07226 -5.91075
4.18184 -0.51229
3.419 -1.01789
-1.23037 -2.46907
3.19254 -2.65165
4.16891 -0.619578
1.14148 -5.9124
2.55991 -3.15272
2.45802 -2.46099
6.00285 -3.2325
-1.8004 -5.0958
0.524043 -3.63829
4.0681 -1.11747
-1.28004 -2.43263
-0.35902 -5.69405
3.90528 -1.58577
-0.0941903 -3.54367
-0.490526 -2.86996
6.17284 -2.92837
-1.8254 -2.61744
1.59034 -5.90331
3.39549 -1.09289
3.8396 -1.73065
3.35699 -1.20334
-0.783889 -2.73979
2.6959 -2.24697
2.94546 -1.9634
-0.258792 -5.72077
-1.52961 -2.22629
1.95485 -3.44146
4.19137 0.247309
-1.3354 -3.00173
0.656016 -3.08539
-2.07104 -1.58709
1.94468 -3.44517
-0.559503 -3.40017
5.22591 -4.25653
1.77529 -2.86448
4.07083 -1.10613
0.536096 -5.87098
1.28761 -3.01718
3.70408 -1.95922
1.47024 -2.97103
1.28611 -3.60903
3.53039 0.360178
5.65316 -3.75669
3.55476 0.0230362
-0.948079 -2.65126
-0.210539 -6.76367
3.55223 -0.225993
3.84937 -1.71015
3.28414 -1.38255
-2.17792 -2.24722
-1.39013 -5.30962
2.63028 -2.31102
-1.12193 -6.47797
-1.54696 -2.84978
0.486772 -5.8644
-1.69109 -2.06848
2.29758 -2.58041
3.083 -1.75929
0.459666 -3.07923
-2.24857 -5.93048
2.86341 -2.0624
1.45252 -5.90977
0.271443 -3.06193
2.01165 -2.75356
-2.33469 -5.87857
4.0742 -1.09487
3.00476 -1.87731
-1.51448 -6.31335
3.20532 -1.54641
-1.01191 -5.47472
3.88706 -1.62762
2.93632 -2.885
0.0591557 -3.02828
3.11193 -2.74427
0.191498 -3.051
-0.978782 -2.63336
-2.35161 -5.86739
0.333793 -3.62047
5.47529 -3.97997
5.64965 -3.74298
4.18933 0.272302
5.57669 -3.85569
-1.85563 -2.58931
0.102879 -3.58541
-2.40142 -4.70841
4.19458 -0.367961
-1.85629 -1.88186
3.44065 -0.942263
-1.58717 -2.16636
2.953 -2.87124
0.155623 -3.59324
0.93361 -3.07218
2.8395 -2.09081
-1.716 -6.21837
-0.47509 -5.66084
-1.23004 -2.47118
1.65805 -2.91003
4.19502 0.197381
2.01413 -3.41702
0.00917646 -3.56693
3.51864 -0.571102
-1.8425 -6.15495
1.47435 -3.57611
-2.14392 -5.99148
-0.695709 -2.78254
-1.39592 -2.96066
-1.42155 -2.94282
1.95552 -2.78234
1.79349 -3.49518
0.365329 -3.62411
-1.38394 -2.35164
0.539377 -3.08338
0.924537 -3.07302
2.02021 -5.86189
4.20437 -0.111944
-1.96084 -1.74713
2.13764 -2.68298
0.682917 -3.64554
-1.45564 -2.9186
4.20444 -0.0994531
5.85982 -3.46303
-1.21825 -5.38828
3.05929 -2.7791
0.0276353 -6.81738
-0.569553 -3.39635
-1.2589 -2.44831
2.42089 -3.232
-0.0574845 -5.76905
2.31676 -3.28637
-0.124927 -5.75367
5.83007 -3.50793
0.428801 -3.63061
-1.44035 -6.34647
0.196728 -5.81992
0.844087 -3.07924
2.18186 -3.35009
3.27534 -2.56487
-1.88853 -1.84185
3.55589 -0.0602959
2.89274 -2.02649
2.1314 -2.686
0.344199 -3.6217
3.55008 -0.267196
-1.01542 -2.61899
-1.19446 -2.49454
3.51675 -2.26497
0.432062 -3.07758
-1.37866 -2.97252
-1.57442 -5.21825
4.19768 -0.319405
1.8144 -5.88578
5.32318 -4.1532
-1.53614 -2.22031
-1.59692 -2.81223
-0.7067 -3.34087
3.50911 -0.630927
1.78826 -2.86308
3.48281 -0.768646
-0.564171 -6.66819
0.087376 -6.82939
3.55749 -2.21366
3.39247 -1.10206
3.54517 -0.338833
-0.419474 -5.67569
0.369532 -3.07249
-0.20875 -5.73344
0.0299901 -3.57125
-0.544897 -6.67385
-0.789747 -2.73629
2.34944 -2.54374
1.79191 -2.85753
-0.77439 -3.31122
-1.04827 -3.17536
2.81531 -2.11876
4.05549 -1.16246
4.04899 -1.18487
-0.590649 -3.39063
0.548523 -3.08369
0.744684 -5.89195
-1.42444 -2.31827
-1.27293 -2.43789
3.25312 -2.58877
-1.17995 -2.50463
-0.720146 -2.77104
2.55064 -3.15749
-0.0373491 -3.00804
-1.94766 -5.00951
1.3905 -2.99324
-1.16654 -3.10762
0.575324 -3.08446
1.84413 -3.47928
0.401268 -5.85278
3.13842 -2.70513
-0.470032 -3.43285
-1.13943 -5.42232
1.47893 -2.96854
2.32737 -2.55956
-1.06938 -2.5779
0.225485 -3.05827
-0.973613 -3.21481
0.298602 -5.83718
-0.529873 -3.41127
-0.191007 -6.76839
3.42996 -0.981502
1.38045 -3.59386
3.02693 -2.808
1.11081 -3.05027
0.0676074 -6.82557
1.59934 -3.56155
3.53211 -0.470848
5.62073 -3.79927
4.18433 -0.488283
-0.288108 -2.94063
0.641274 -5.88225
4.16564 -0.643328
1.54748 -2.94768
0.16745 -6.84501
-1.44633 -2.30028
-1.64929 -2.11159
-0.460168 -3.4363
3.55479 -0.153744
-1.83513 -5.07717
4.14999 -0.73712
4.11806 -0.912225
-2.29217 -4.78641
3.51618 0.466469
-1.99068 -1.7058
1.83317 -2.83975
4.20073 -0.258674
3.76795 -1.87147
-0.96949 -6.53492
1.55577 -5.90524
2.43624 -2.4784
3.50744 -0.640714
-0.972533 -3.19887
-0.647208 -2.8047
1.79806 -5.88708
-0.816306 -6.58835
1.55752 -3.55813
-1.97087 -1.73339
1.71175 -3.51903
-0.926765 -3.23874
3.5278 0.381416
1.97487 -3.43417
5.52084 -3.92507
-1.83467 -1.90801
2.22228 -2.63061
1.02061 -5.90899
1.04922 -3.05903
3.31083 -1.32061
0.968831 -3.06872
3.63775 -2.0935
3.54169 -0.379664
-1.6791 -2.08097
1.21251 -3.61904
5.80991 -3.53782
-1.38717 -2.96669
-0.33946 -3.47591
3.14608 -1.6549
0.937748 -3.64263
-1.95586 -1.75388
-0.509969 -3.41857
-1.36339 -2.36821
-0.406836 -2.901
-0.289684 -6.74395
-1.25619 -3.05284
-1.09394 -3.14963
-1.61186 -2.1486
-2.07815 -4.92855
-0.711865 -2.77495
3.64969 -2.07464
0.545268 -3.63966
-1.30815 -2.41138
0.0508291 -3.57545
-1.20892 -2.48437
-0.508194 -5.65092
4.02521 -1.26257
-1.72649 -2.03084
-0.135459 -3.53353
-1.68043 -5.16227
-1.47262 -2.90639
-0.628444 -3.37327
-2.42886 -4.68836
1.97165 -2.77423
-1.52325 -2.23208
1.62977 -3.54076
1.93461 -5.87274
0.603749 -3.08465
-0.579299 -3.3926
3.54074 0.248944
2.29761 -3.29587
-1.77022 -6.19155
4.19694 -0.331735
-0.107128 -2.99144
-2.21381 -5.95099
-0.727977 -2.76727
0.534499 -3.63898
-2.07567 -1.57988
-0.525072 -6.67969
1.55618 -2.9449
0.557368 -3.08397
1.1761 -5.91292
2.39336 -2.51128
-1.30997 -6.4024
3.77958 -1.79021
4.18308 -0.500468
-2.07312 -6.02997
3.43807 -0.951659
-0.945601 -3.22921
6.20087 -2.86349
5.46395 -3.99341
-0.85485 -6.57524
3.52909 0.370951
-1.42114 -5.29476
-1.19386 -3.09146
1.46407 -3.57818
0.942419 -3.07134
3.27235 -1.40877
-2.16402 -4.87285
3.00255 -2.82926
4.00726 -1.31752
0.0819667 -3.58153
-0.146924 -5.74589
-0.0717855 -6.79598
1.29702 -5.91315
1.90022 -5.87673
2.75819 -2.18316
2.84435 -2.9611
1.35764 -3.00098
-2.47128 -5.793
-1.65019 -5.17849
-0.482297 -2.87313
-0.175163 -5.7417
-1.15762 -3.1129
-2.30023 -5.89953
-1.14353 -2.52947
-0.375434 -5.6895
-2.51652 -5.78131
1.13872 -3.6275
0.897827 -3.07533
2.12301 -5.84712
2.33467 -2.55437
-0.0723191 -2.99994
3.12698 -1.68772
-1.464 -2.91258
0.11349 -3.58734
1.54699 -3.56052
2.5626 -2.37291
-1.93311 -5.01825
3.55448 0.0336712
-1.16538 -2.51465
3.95662 -1.45849
1.58844 -3.5509
-1.68502 -2.07482
4.07716 -1.08372
2.37684 -2.52095
4.20103 0.0855447
-0.744043 -2.75951
2.40787 -2.50026
2.82143 -2.11179
-2.23471 -4.82554
-1.5514 -6.2965
3.23544 -1.48677
0.165707 -3.59641
-1.45919 -6.33814
1.20211 -3.62033
-0.767938 -2.74776
2.6324 -3.10642
-0.573513 -2.83658
1.7504 -2.87465
0.0063652 -3.0176
-1.69368 -2.06243
4.20144 -0.246739
-1.21601 -2.47934
3.50569 -0.650785
-2.03865 -1.63633
0.809461 -5.89796
5.16403 -4.31949
-0.599049 -3.38492
-1.73392 -6.20956
-2.08912 -1.55869
0.280488 -3.06303
5.98437 -3.26376
-1.53937 -2.85677
3.45814 -0.875274
0.629924 -3.6439
-0.00755506 -5.78005
3.37993 -1.13915
2.77844 -2.1601
-1.56955 -6.28812
3.38625 -1.12064
-1.25169 -2.4536
4.20349 -0.173199
1.81383 -3.4889
2.43014 -3.22694
4.19872 0.135273
-0.392315 -5.68477
2.13987 -5.84451
-0.111635 -3.55616
3.70755 -1.97921
1.94729 -2.78644
-1.21623 -6.44081
1.97958 -2.7702
-1.15982 -6.46321
-0.940483 -2.65562
4.20427 -0.124067
6.15164 -2.96173
0.405326 -3.07556
3.03132 -1.83877
0.179447 -5.81682
1.40964 -2.98776
-0.258211 -3.50045
1.59875 -2.93085
-2.07109 -2.37001
2.61689 -2.32359
1.93478 -3.44864
5.78957 -3.56755
0.1238 -3.5892
-0.556995 -2.84344
3.0573 -1.79973
-1.96474 -1.74125
-1.66959 -2.7535
2.1064 -2.70128
-0.523999 -2.85489
2.67645 -2.26639
3.52011 0.423001
0.316362 -3.06705
3.241 -2.62978
3.49667 -0.700071
-1.52272 -2.86934
2.29021 -2.58548
4.16223 -0.667029
3.09778 -1.73604
3.46977 -0.829367
3.98778 -1.38573
3.92013 -1.55576
-0.44052 -2.88882
-0.925027 -2.66442
-2.12663 -6.00134
0.629204 -3.08532
6.05685 -3.13834
-1.31246 -5.34593
-0.681053 -6.63242
6.04806 -3.15396
3.36229 -2.46665
1.67641 -5.89762
-1.29413 -2.42204
0.263425 -5.83165
0.882293 -5.90205
3.88254 -1.63792
-2.14516 -2.28595
1.38367 -2.99449
-1.46727 -5.27227
3.63164 -2.10303
-0.899575 -5.51821
-2.03504 -4.95578
3.54327 0.233326
-1.09921 -2.55875
2.64127 -3.10064
3.99983 -1.33944
1.19983 -3.03494
4.19901 -0.295069
4.0487 -1.21201
4.20289 -0.197715
3.11496 -2.72757
0.906651 -3.07459
-0.107846 -5.75764
-0.672325 -5.59877
-1.98569 -1.71282
1.87465 -2.82091
-2.09145 -6.02122
0.727185 -5.89044
-1.49724 -2.25543
-0.540436 -2.8502
5.31098 -4.16646
5.37026 -4.10138
4.20395 -0.14865
-1.81786 -1.92789
1.12391 -5.91206
-1.27244 -6.41796
2.85194 -2.95187
3.3735 -1.1576
-0.193661 -2.96857
2.65041 -3.09472
2.96659 -1.93045
-2.0915 -2.34735
1.65943 -5.89884
-0.330662 -2.92701
4.12294 -0.889085
3.53162 0.349719
1.16447 -3.04132
3.54685 -0.36659
1.4432 -3.58229
-1.58054 -2.82508
2.27519 -2.5957
-2.13846 -2.2938
-0.0983551 -2.99363
-1.27106 -3.03911
0.307119 -3.06613
1.63276 -2.91909
-1.74983 -2.00537
3.46056 -0.86549
0.651179 -3.64465
-0.661332 -6.6386
5.56573 -3.86948
3.4889 -0.739308
-0.623344 -5.61486
5.35883 -4.11393
-0.0218441 -3.56027
-0.0198289 -3.01195
-0.186722 -3.52025
2.73445 -2.20731
3.57645 -2.18652
3.55543 -0.122758
5.74835 -3.62655
-1.77181 -2.66588
0.128655 -5.80739
3.18752 -1.58016
2.50735 -2.42053
-0.0735117 -3.54857
2.7152 -2.22728
-1.31503 -2.4061
-1.32896 -2.39534
4.04573 -1.19587
3.47204 -0.817225
1.82503 -2.84332
1.06701 -3.0566
-1.28113 -5.36022
-1.02444 -2.60591
1.18216 -3.03819
1.83138 -5.88409
0.763501 -3.08331
1.40107 -2.99001
0.0502154 -3.02654
1.69181 -2.89752
3.32553 -1.28477
-1.17111 -5.40879
-1.0919 -2.56349
-1.81237 -1.93433
-1.87848 -6.13636
4.19835 -0.30742
3.04315 -2.79361
-1.89616 -6.12714
0.376054 -3.62529
5.39412 -4.07427
-0.348597 -6.72865
3.33623 -1.25786
2.10349 -3.38392
4.13669 -0.819683
2.41145 -3.23756
-0.133151 -2.98485
-1.49304 -6.31757
2.03437 -3.41162
3.4727 -2.32978
3.52079 0.434412
-0.0521616 -6.80032
3.51079 -0.620837
3.51558 -0.591087
1.22778 -5.91332
-0.80313 -3.29816
-2.08012 -1.57291
1.11756 -3.62963
2.31251 -2.57004
3.50239 -0.675059
0.24485 -3.05852
-2.04282 -1.62979
2.54204 -2.39092
0.28177 -5.83445
-0.329278 -3.47927
0.52112 -5.86872
2.82742 -2.10489
1.56461 -2.94218
-2.28321 -5.90978
2.0907 -2.71027
3.49285 -0.719764
-1.99429 -2.45219
6.08346 -3.09029
6.16825 -2.92912
-0.996118 -5.48098
-1.03865 -3.18025
3.19647 -1.56332
3.34092 -2.49147
0.407631 -3.62857
-2.10687 -1.53016
-2.14962 -4.88234
-0.737727 -5.57659
4.19458 -0.156925
1.21748 -3.0316
0.894521 -3.07416
2.56955 -2.36674
0.796196 -5.89611
-2.09873 -1.5512
-0.11484 -3.53866
2.09867 -2.70572
0.85318 -3.07865
-1.86179 -1.87512
-0.655243 -2.8011
2.17626 -2.6596
-1.91478 -1.8083
3.54349 -0.359267
3.56082 -0.221342
-1.0439 -5.46187
2.70883 -2.23384
-1.96567 -2.48163
-1.02734 -6.51421
1.02262 -3.06246
-1.04588 -6.50685
-2.01492 -1.67119
-2.03872 -6.05055
5.26853 -4.20752
0.826022 -3.08038
4.10419 -1.03564
1.36624 -2.99886
-1.99006 -2.46078
0.710196 -5.88892
-1.24467 -2.45872
3.45575 -0.884763
-0.245325 -2.95367
-2.30464 -4.77737
-1.48414 -2.26701
-2.52171 -5.76034
-0.0548461 -3.00404
-2.05615 -6.04092
0.620093 -3.08524
2.8515 -2.07665
2.56896 -3.14633
-1.61323 -2.7993
3.051 -2.78625
-2.08479 -2.35485
0.396223 -3.07482
-0.410115 -3.45335
5.46276 -3.9859
-1.38477 -6.37067
3.51709 -0.581047
2.88699 -2.03363
2.80901 -2.98422
-0.500857 -3.11585
1.60912 -3.54589
3.78376 -1.84173
3.46752 -0.836626
-1.83287 -2.61053
-0.738968 -6.6139
3.91418 -1.5647
-2.42004 -5.82557
-0.381587 -2.90985
-1.98003 -2.46694
3.31824 -1.30272
0.718745 -3.08464
2.24498 -2.61584
-2.09988 -2.34023
4.09446 -1.01546
3.7732 -1.86168
2.9696 -2.85736
-0.427319 -6.7074
-0.802937 -5.55369
3.43215 -2.38166
1.29679 -3.60744
-0.888924 -3.25749
0.315945 -5.83994
1.27574 -3.61054
4.12048 -0.900831
-0.292254 -5.71205
-2.02033 -4.96496
4.01456 -1.29553
4.02876 -1.25134
3.2003 -2.64378
-0.250141 -6.75392
2.00444 -2.757
4.05874 -1.15108
2.78457 -2.15335
1.96472 -3.43789
0.58989 -5.87676
0.173978 -3.04827
-1.15505 -5.41567
0.852736 -3.64559
0.165003 -3.04691
-1.58822 -6.27945
0.469858 -5.8622
0.324976 -3.06808
3.24384 -1.46953
3.80953 -1.79162
-0.491407 -5.65598
2.99945 -1.88464
2.49529 -3.19021
0.460422 -3.63344
-0.278603 -3.49453
-0.0528047 -3.55335
0.0440279 -5.79071
4.08306 -1.06103
3.43539 -0.961323
-1.13154 -5.43494
2.32406 -3.27294
0.289275 -3.06408
-1.41158 -2.94752
4.19582 0.185095
-1.73244 -2.0244
0.778458 -3.64657
-0.389941 -2.90695
4.16732 -0.631664
2.03545 -2.74087
1.77311 -3.50133
0.879921 -3.07674
2.33585 -3.27675
0.041538 -3.02482
0.4182 -5.85517
-1.69699 -2.0623
-0.705059 -5.58777
1.81664 -2.84697
3.04181 -1.82317
0.249432 -3.60944
2.86925 -2.05535
2.44375 -2.47236
3.14635 -2.69744
-1.88889 -5.04459
3.53977 -0.400026
-1.58064 -2.17872
2.55583 -2.37888
4.19281 -0.39218
2.01952 -2.7494
-0.67151 -2.79372
4.11305 -0.935308
-1.66702 -2.09341
-2.1069 -4.91012
3.55165 0.107041
0.714967 -3.64617
0.51328 -3.63754
-1.05714 -3.17014
3.89625 -1.60675
4.20422 -0.0379636
-1.37035 -2.36264
-2.0005 -1.69192
-2.05731 -2.38511
2.73045 -3.04067
-1.84799 -2.59647
4.15868 -0.690681
-0.882199 -6.54512
0.593282 -3.08486
-1.8809 -1.85043
4.19962 -0.283066
-2.20646 -4.84462
3.36947 -2.45811
0.611242 -3.08514
1.08213 -5.9127
0.227051 -3.05612
1.91468 -3.45568
4.20253 -0.209781
-2.15171 -2.27833
1.19364 -3.03071
1.72215 -3.51612
4.20474 -0.0506603
-1.87434 -5.05313
-1.78986 -1.96038
3.4948 -0.709779
3.55173 -0.236456
3.40747 -1.0555
-1.8235 -1.92124
0.133691 -5.80341
-0.915946 -5.51203
1.14677 -3.04434
2.54841 -2.38564
-0.642163 -6.64456
-1.81506 -5.08745
2.47178 -3.18324
-2.1024 -1.53741
5.25046 -4.23096
0.247628 -5.82876
-0.145607 -3.53096
2.37878 -2.5222
2.65586 -2.28707
-0.760063 -2.75166
3.41329 -1.03673
0.414148 -3.07625
3.30478 -2.53246
-2.45406 -5.804
1.05432 -3.63525
-1.34282 -2.3845
2.52818 -2.40287
-0.420025 -3.45003
-1.90013 -2.54678
-0.0912348 -5.76146
-0.907872 -3.24817
-1.12509 -3.12355
-1.01094 -3.19516
0.494683 -3.08141
3.14141 -1.663
-2.00847 -2.43737
2.65013 -2.29209
2.98012 -2.85536
-0.735704 -3.32835
1.84153 -2.83605
3.54807 0.169826
3.42732 -0.989668
1.90684 -2.80604
3.35018 -1.22157
-0.901859 -2.67739
-1.5932 -2.1667
2.6235 -2.31741
-1.34393 -2.99596
1.52705 -2.95508
3.53838 -2.24071
2.35488 -3.26701
0.218053 -3.60474
-1.69551 -5.15404
0.332794 -5.84257
3.12273 -2.7202
-0.00106896 -3.56477
0.182749 -3.04967
3.26048 -2.58091
1.35194 -5.9157
-2.0365 -2.40751
1.52179 -5.90679
3.07534 -2.76449
1.10713 -3.63064
-0.541382 -5.64081
-1.30027 -3.02467
3.48692 -0.749072
-0.539664 -3.40763
3.52964 -0.491048
0.449982 -3.63253
1.53904 -2.95035
-1.12125 -3.13407
3.01548 -1.86191
3.65554 -2.06531
3.06756 -1.78393
3.93162 -1.52235
2.85493 -2.07476
-1.47747 -6.33001
-0.329167 -6.73375
3.47423 -0.80765
-1.10297 -3.14452
0.485845 -3.08095
1.31781 -3.60423
3.58271 -2.17708
-1.74433 -2.0115
-1.62427 -2.13642
2.51381 -3.17943
1.24379 -3.0264
0.672439 -3.64529
1.04044 -3.06019
0.555493 -5.87284
2.11345 -3.37966
3.22695 -1.50393
3.54047 0.26492
3.54673 -0.318365
-1.6617 -2.76002
0.357634 -3.07621
-0.485905 -6.69097
1.80956 -3.26545
1.20853 -3.03331
-1.65487 -2.10579
4.1855 -0.47644
3.26825 -1.41781
5.97498 -3.27938
-1.94571 -1.76755
2.28816 -3.3005
1.46956 -5.90915
-1.062 -2.58257
2.04445 -3.40768
0.467911 -3.07993
3.6152 -2.11637
-0.369771 -3.46653
3.02073 -1.8543
-1.47766 -2.2727
-2.40323 -5.83613
-1.32912 -6.39461
5.4869 -3.96612
-0.964372 -3.21957
-0.793657 -3.3025
1.80352 -3.4921
-0.457686 -2.88254
1.70165 -3.52182
-0.831454 -2.71536
-0.523839 -2.85688
3.35509 -1.19953
3.41033 -2.40605
-1.6366 -2.12418
2.73914 -3.0346
0.0854904 -3.03326
0.969451 -3.64101
5.72668 -3.65777
3.3836 -2.44128
3.25213 -1.45222
0.010148 -5.78368
4.1839 0.0437862
-0.0319383 -6.80473
-1.74061 -5.12935
4.19188 -0.404096
1.86438 -3.47268
3.55525 0.00202666
-0.818866 -5.54795
5.75887 -3.61164
1.90733 -2.81451
-0.639526 -5.60959
3.55233 0.0780699
1.86581 -5.88052
0.207583 -6.85241
1.04224 -3.05719
2.98303 -1.90786
5.58792 -3.84144
-0.323 -2.92968
3.54883 -0.287748
3.67327 -2.03714
2.16081 -2.66905
6.20878 -2.84724
0.138546 -3.0426
3.53293 0.338717
3.4458 -0.92315
0.986946 -3.06668
1.52622 -3.56483
3.36696 -1.176
-1.71724 -2.71341
1.78316 -3.49834
1.26488 -3.61559
0.990681 -3.63976
3.53402 0.328498
5.91836 -3.37174
2.79166 -2.99699
3.12223 -1.69571
1.08595 -3.63258
3.9443 -1.49053
3.0878 -1.75208
-0.408709 -5.68013
3.5557 -0.0291301
3.55351 -0.195161
0.0327298 -3.02302
-1.17571 -3.10217
-2.17892 -5.97132
1.22617 -3.02991
2.79694 -2.13959
-1.40542 -5.30232
-1.5132 -5.24942
5.40603 -4.06071
0.386473 -3.6264
-0.0122876 -6.80896
-1.67726 -2.74649
2.21454 -2.63558
2.2592 -3.31468
6.22468 -2.81416
-2.04803 -1.62228
1.03312 -3.63688
3.80451 -1.80158
-1.51449 -2.8755
3.55571 -0.101964
0.21352 -5.82289
0.209267 -3.05361
-1.52876 -5.24158
2.24964 -3.31899
1.76708 -2.86786
-0.614508 -2.81911
-1.75815 -2.69223
-0.82232 -3.28929
2.92732 -1.98256
5.73808 -3.64098
-1.11404 -2.54907
3.98849 -1.37202
-0.72031 -6.6208
5.44084 -4.02054
-1.18711 -2.49967
3.47645 -0.797773
-1.68555 -2.74022
-0.916253 -2.66907
-0.0236898 -5.77646
3.01062 -2.82227
0.333777 -3.069
-0.270981 -2.94593
0.619454 -3.64348
0.555727 -3.64029
-2.16169 -5.98127
2.00331 -5.86414
6.13483 -2.9942
-1.725 -2.70676
-1.29657 -5.35321
-0.210922 -2.9637
-0.994054 -2.62428
0.693701 -3.64579
0.673978 -3.08531
-0.581636 -2.83317
-1.47097 -2.27853
3.55541 -0.00822005
-1.92517 -1.79476
2.25548 -2.60756
3.5363 0.30729
3.37645 -2.44983
-1.55938 -5.22598
3.7354 -1.93065
3.93583 -1.51186
-0.659213 -2.79829
-0.325663 -5.70314
2.61009 -2.3299
4.20195 0.0607245
1.34869 -5.91248
1.427 -2.98312
3.09913 -2.74246
0.129562 -3.04109
-1.54983 -2.20796
3.45327 -0.894467
-2.07785 -2.36255
6.06585 -3.1222
3.96483 -1.43703
3.77857 -1.85157
-1.65355 -2.76671
3.5201 -0.56124
4.18777 -0.452368
3.53737 0.296846
1.98589 -5.8664
-0.886276 -2.68599
2.72149 -3.0469
4.19089 -0.416357
-1.75537 -5.12114
1.50415 -5.90774
-2.04344 -2.40016
5.54337 -3.89736
-0.64808 -3.36533
3.42178 -1.00859
2.207 -2.64037
2.53226 -3.16852
1.5817 -2.93657
0.0197323 -3.56914
2.07401 -3.39589
-1.93197 -6.10827
2.94479 -2.87803
3.52792 -0.51994
-2.37386 -4.72833
-1.45163 -5.27984
5.69597 -3.69918
-0.0840138 -3.54612
3.04694 -1.81548
-0.873827 -6.56873
4.20309 0.0237066
3.16478 -1.62182
2.02761 -2.74509
-1.89912 -1.82842
1.1203 -3.04866
2.96095 -1.93809
3.5473 0.180655
4.20387 -0.0132441
3.5487 0.159555
0.270515 -3.61233
-2.06653 -1.59406
2.10565 -5.84974
-0.382607 -2.90586
0.145434 -5.81055
-0.0489646 -3.00602
-1.46446 -2.28419
2.99423 -2.83644
2.60343 -2.33606
1.68326 -2.90074
3.53878 -0.410044
-0.141528 -5.74976
-1.29149 -6.41009
-0.242288 -5.725
-0.0809187 -2.99788
-0.549734 -3.40386
-1.75629 -2.67958
0.916501 -3.64357
0.111862 -3.03802
4.12996 -0.854438
0.576963 -3.64148
2.45079 -2.46677
4.2005 0.0981497
-1.4809 -2.9003
2.97763 -1.91534
-1.62947 -2.78628
1.89052 -2.81373
-0.170881 -6.7732
3.45252 -2.3558
4.17552 -0.54711
2.16866 -2.66427
4.15688 -0.702315
-0.777675 -6.60123
-0.0425925 -3.55567
-0.505783 -6.68527
1.52186 -2.9557
2.17108 -3.35004
1.75269 -3.50736
3.38933 -1.11149
3.90085 -1.59611
3.55113 0.117411
3.17397 -1.60516
0.530572 -3.08303
3.05221 -1.80749
-1.26493 -3.04732
0.439235 -3.63157
1.73224 -3.51326
-0.296534 -2.93798
-1.18669 -5.40206
3.99612 -1.35021
-0.796717 -6.59491
-0.225279 -5.7293
3.4389 -2.37315
-1.92952 -2.51795
-1.98081 -1.71962
-1.51028 -2.24378
1.53874 -5.90612
-0.0933286 -6.79436
4.20412 -0.136539
3.55268 -0.215824
1.181 -3.62284
-2.25215 -5.96147
1.10255 -3.05141
0.481619 -3.63518
3.23959 -1.47828
3.53331 -0.46059
0.067843 -3.02995
-1.02815 -5.46822
-0.237785 -3.50626
-1.60632 -6.27097
-1.87257 -1.86181
3.55589 -0.0708739
-1.83998 -1.9016
1.02236 -3.63761
0.830726 -5.89864
2.3197 -2.56505
1.8988 -2.80984
-0.441928 -5.67058
-0.618753 -3.37714
2.19166 -2.65004
-1.75235 -6.20045
4.09995 -0.992589
3.47857 -0.788172
-1.74068 -2.69321
6.09206 -3.07452
0.968634 -5.90672
0.66441 -3.63383
3.45083 -0.903983
1.99564 -2.76193
-1.86024 -6.14581
3.48601 -2.31212
3.30332 -1.33842
-1.25391 -6.42555
-2.04929 -4.94683
-0.89396 -2.68176
4.14922 -0.749414
3.54143 0.254484
0.0925796 -3.5835
3.69052 -2.00802
1.2624 -5.91334
2.19146 -3.34579
0.162673 -5.81375
2.34217 -2.54899
-1.77055 -5.11265
2.80923 -2.12573
-0.851297 -5.53615
1.06476 -3.6344
4.19035 0.259632
1.88459 -3.46596
-2.55534 -5.73826
4.11495 -0.92355
-1.2659 -2.44315
1.04356 -3.63609
3.52298 -0.541192
0.0607349 -5.7941
-1.67298 -2.08729
2.75672 -3.02218
0.32403 -3.61641
5.87952 -3.43275
-0.0741181 -5.76533
0.342843 -3.06993
4.1962 -0.343703
-0.27605 -5.71636
2.65926 -3.08891
2.58989 -2.34844
3.16955 -2.67467
1.0119 -3.63838
-0.00228597 -3.01576
0.748612 -3.08309
0.986014 -5.90756
-1.76139 -1.99255
6.01188 -3.21705
1.53676 -3.56282
3.20083 -1.55508
-2.06187 -1.60123
3.59515 -2.15864
4.20151 0.0733097
3.55549 -0.0902861
1.00306 -5.90829
-2.12513 -2.30921
2.22979 -2.62576
3.09273 -1.74418
-1.95123 -2.49625
-1.64298 -6.25363
0.512625 -3.08228
4.19995 0.110397
3.31197 -2.52441
-2.00325 -6.06998
-0.992308 -3.20503
1.13804 -3.04579
3.55056 0.128094
3.55216 0.0963704
3.54472 -2.23181
-0.373011 -2.91281
-0.746276 -3.325
-0.812854 -3.29365
-1.93548 -1.78117
-1.95857 -2.48884
3.71881 -1.9598
2.21091 -3.33699
-0.700187 -6.62636
2.63685 -2.30479
-2.38745 -4.71093
4.20365 -0.00105488
-1.97689 -4.99175
-0.466584 -6.69644
0.572434 -5.8748
-1.1917 -6.44009
-1.87578 -2.57793
-0.716285 -3.33676
0.312685 -3.61788
3.96892 -1.42608
-1.57244 -2.83139
-0.815647 -2.72359
3.01005 -1.86974
-0.167843 -2.97567
3.53445 -0.450619
-0.86054 -3.27123
-0.236634 -2.95625
-1.03189 -2.60133
0.354917 -3.62294
2.91126 -2.90532
3.52574 -0.521102
-0.770329 -5.56523
0.789248 -3.64652
1.27005 -3.02096
-0.364657 -2.91566
2.15318 -2.67368
3.29684 -1.34945
3.81969 -1.77139
-1.89284 -2.55384
-1.55526 -2.20263
2.4294 -2.48362
0.725444 -3.64631
-0.349543 -3.47296
4.20447 -0.0873146
1.70863 -2.89111
3.16055 -1.62847
3.24553 -2.59686
3.39052 -2.43294
0.449983 -3.07881
6.24818 -2.76384
-0.869922 -3.26672
-1.49806 -5.257
0.916856 -5.90409
-0.557497 -5.63578
3.0189 -2.81504
5.88783 -3.42168
0.704178 -3.64599
4.19735 0.160173
-1.34742 -6.38663
0.76798 -3.64658
6.12647 -3.01014
-1.64265 -2.11812
0.700787 -3.08499
3.25618 -1.44367
-2.48795 -5.78226
-1.17847 -6.45587
-1.49076 -2.26117
2.7828 -3.00337
-0.703911 -2.7787
0.452449 -5.85988
-1.78427 -1.96676
3.49275 -2.30315
1.62489 -5.90118
0.147274 -3.04405
-0.685771 -5.59356
0.915723 -3.0738
-1.79483 -2.64529
0.873993 -3.64506
-0.448795 -2.88576
3.20782 -2.6361
0.675725 -5.88569
3.1307 -2.71256
1.34017 -3.00519
-1.54385 -5.23392
-2.24859 -4.81609
-1.44702 -2.92477
4.20171 -0.234245
-2.33249 -4.7578
-1.84055 -2.60341
-1.59939 -2.16073
2.50025 -2.42646
6.19267 -2.88021
3.21407 -1.52942
-1.95072 -1.76082
2.00467 -3.42304
5.64249 -3.77081
-2.02257 -2.42249
-1.00927 -2.61513
0.960291 -3.06955
1.32267 -3.00929
-0.971265 -2.63779
6.18466 -2.89637
-1.77287 -1.97968
-1.86711 -1.86857
2.38318 -3.25223
6.03006 -3.18558
3.55262 0.0860076
-1.63526 -5.18643
-1.15788 -2.51968
1.43496 -5.91036
-0.638412 -3.36925
2.98612 -2.84337
3.21835 -1.52103
-1.10766 -5.43567
-0.11158 -6.78701
-1.22052 -3.07503
-1.70923 -2.72024
-0.847263 -2.70704
0.493676 -3.63049
4.08883 -1.03828
1.6602 -2.91122
3.55121 -2.22262
-2.10506 -2.33209
0.895249 -3.64438
0.781445 -3.08259
2.26893 -3.30981
-0.115766 -2.98929
5.66407 -3.7422
-0.217324 -3.51196
1.05824 -3.05781
-1.84475 -5.07037
2.14277 -3.36721
-0.503649 -2.93358
-0.15051 -2.98031
-0.776034 -2.74373
4.1899 -0.428253
-1.91438 -6.11763
0.0946755 -5.80084
-1.80238 -2.63812
1.1283 -3.62856
-0.753797 -5.57102
1.35949 -3.5973
-1.7382 -2.01813
-0.963457 -2.64235
-0.423696 -2.89495
5.13894 -4.34444
0.107627 -6.83354
5.49814 -3.95261
0.20051 -3.05233
-0.253823 -2.95114
0.587366 -3.64226
3.40623 -1.03952
3.54596 -0.32877
3.55421 -0.174467
1.80849 -2.85048
-0.176423 -3.52258
2.72798 -2.21407
-1.7785 -1.97332
3.8297 -1.75106
-1.07582 -5.44886
-0.389961 -3.46
5.55395 -3.88464
-1.78726 -2.6521
1.69119 -3.52406
3.43275 -0.970691
-0.0111887 -3.01384
0.958988 -3.64157
4.13449 -0.831156
0.772603 -3.08296
-1.10267 -6.48537
-1.60489 -5.20242
1.71096 -5.89496
-1.56798 -2.19071
0.367016 -5.84777
-1.90762 -2.53949
5.27486 -4.20522
-1.20159 -2.48954
1.62415 -2.92211
3.29958 -1.34718
-0.755072 -3.31984
2.37385 -3.25714
2.1331 -3.37135
3.92724 -1.53312
5.41756 -4.04749
1.89453 -3.4626
-1.32647 -3.00754
1.98472 -3.43052
-0.159052 -2.97804
1.74218 -2.87786
5.8199 -3.52302
-0.227708 -3.50908
0.0716925 -3.57953
1.57331 -5.90429
3.29011 -2.54872
-0.854957 -2.70293
2.06717 -2.72351
0.598205 -3.64254
1.93934 -2.79035
3.16932 -1.61362
0.736701 -3.08419
4.15499 -0.714281
2.09376 -3.38784
-1.91487 -2.5324
1.26139 -3.02278
4.20407 -0.0257886
5.28682 -4.19246
-0.603202 -6.65648
0.682754 -3.08525
2.75337 -2.18727
3.34326 -1.23975
1.87434 -3.46938
-1.36311 -5.32702
3.89175 -1.61706
3.31935 -2.51609
1.49617 -2.96347
0.147693 -6.84128
3.26431 -1.42626
3.15548 -1.6384
-2.12103 -4.90099
1.60729 -2.9279
2.67716 -3.07703
0.127361 -6.83738
1.72846 -5.89354
1.15854 -5.91268
4.14099 -0.796302
0.996 -3.06565
0.692793 -5.88729
2.26756 -2.60085
1.61578 -2.92502
-1.03896 -2.59681
0.761682 -5.89337
3.51777 0.455674
1.41792 -5.91088
1.40034 -5.91137
-0.399894 -3.45673
4.17204 -0.595779
-1.04697 -2.59199
-0.480178 -3.42927
-1.76705 -1.98622
3.68468 -2.01777
-0.841456 -3.28031
1.40139 -3.59013
2.52132 -2.40872
4.10531 -0.969654
4.186 0.309644
3.57015 -2.19542
3.84523 -1.72136
-2.43731 -5.81465
1.24515 -5.91328
3.13187 -1.6794
2.46754 -3.2061
1.56773 -3.55577
3.54498 0.212183
2.05133 -2.73224
3.93271 -0.630704
3.20965 -1.53805
-0.936052 -3.23406
2.94423 -1.96042
-1.67954 -6.2361
3.07773 -1.76804
0.835255 -3.07979
3.46289 -0.855976
3.55585 -0.0500154
2.6698 -2.27294
-1.07557 -3.15993
1.96347 -2.77836
-1.01675 -2.6106
3.54745 -0.308268
-1.43784 -2.30697
2.79085 -2.14638
2.77422 -3.00965
3.11249 -1.71195
-0.356046 -2.91857
-1.31784 -3.01322
1.86607 -2.82501
3.08321 -2.75725
-1.13607 -2.53447
-1.14061 -6.47072
0.186692 -3.59985
-1.24973 -5.37434
3.69617 -1.99854
2.57796 -3.14079
0.566477 -3.08423
3.28028 -1.39122
-0.515638 -2.86014
3.51927 0.445192
-1.30893 -3.01904
-2.02919 -1.65034
-1.54247 -2.21449
0.262662 -3.06083
2.44887 -3.21658
2.47921 -2.44384
-0.248156 -3.50334
-0.786366 -5.55957
3.7243 -1.95019
1.44434 -2.97837
5.38251 -4.0874
-0.313614 -2.93254
2.38597 -2.51682
-2.00526 -1.6851
3.53667 -0.43035
-0.883658 -5.52418
0.978151 -3.06765
4.19885 0.147251
2.93293 -1.97527
3.95263 -1.46912
-1.64562 -2.77319
-1.80642 -6.17334
3.54578 0.201773
0.746712 -3.64651
0.842257 -3.64584
-2.34618 -4.74811
1.19141 -3.62154
0.103157 -3.03648
3.79419 -1.8217
3.53768 -0.419966
-1.06014 -5.45529
4.18894 -0.440547
2.46075 -2.5574
2.2826 -2.59068
5.85005 -3.47789
2.08878 -5.85225
-1.87786 -1.85523
5.9935 -3.24838
3.54657 0.191057
-2.17809 -4.86355
0.239086 -3.60788
3.5124 -0.611029
2.19915 -2.64537
3.13658 -1.67133
-1.62501 -6.26229
-1.4044 -2.95479
-0.909519 -2.67313
-1.58684 -2.1728
3.06721 -2.77192
-0.799792 -2.73173
4.19327 0.222335
4.19082 -0.353709
3.17692 -2.66668
1.6193 -3.54339
3.53845 0.286095
-0.319279 -3.48234
-0.638933 -2.80839
6.10936 -3.0424
3.52158 -0.551074
-1.32211 -2.40065
1.42231 -3.58628
-1.0201 -3.19026
-1.37709 -2.35721
2.26012 -2.60582
1.19089 -3.03659
2.1453 -2.67841
3.52224 0.423924
4.03902 -1.21817
4.17047 -0.607859
3.62569 -2.11227
2.91588 -1.99729
3.99227 -1.36129
-0.0112921 -3.5618
2.46503 -2.45535
-1.91833 -5.02713
0.423235 -3.07694
3.60124 -2.14952
4.18052 -0.52445
5.2991 -4.1793
2.02458 -3.41542
-1.86302 -2.58233
3.3146 -1.31154
-2.36903 -5.85744
-1.60523 -2.80569
3.33981 -1.24868
0.638053 -3.08537
1.88246 -2.81748
-0.507202 -2.86347
2.34523 -3.27196
3.98074 -1.39377
-0.228155 -2.95873
-1.87797 -2.56812
2.89437 -2.9188
3.4045 -2.41595
1.33134 -3.00726
1.34878 -3.00313
1.43261 -3.59114
3.58885 -2.16801
-0.630882 -2.81195
4.15312 -0.72589
1.34915 -3.59919
-1.77943 -2.6591
6.21687 -2.83047
-0.408725 -6.71418
3.72995 -1.94029
5.68548 -3.71342
-1.92012 -1.80139
4.20237 0.048495
-0.0897677 -2.99574
-0.839223 -2.71128
-0.590451 -5.62541
-1.36988 -2.97849
-0.565138 -2.84007
3.53183 -2.24985
-1.99551 -1.69898
-1.70144 -2.72685
3.85902 -1.68957
-1.41781 -2.32381
3.55053 -0.256317
-1.58886 -2.81857
3.76292 -1.88196
3.46603 -2.33835
2.95545 -1.94547
1.69395 -5.89629
-0.62258 -2.8156
-1.35903 -5.32431
3.0288 -1.85252
-0.230604 -6.75868
0.709898 -3.08482
4.18713 0.297315
2.83356 -2.09776
-0.27264 -3.505
-1.45118 -2.29561
2.66333 -2.27928
-0.156048 -3.52829
-1.22933 -3.0696
5.89903 -3.40232
3.33272 -1.26676
1.66054 -3.53286
1.32816 -3.60259
1.46165 -2.97351
3.32905 -1.27622
3.55122 -0.24661
1.00479 -3.06462
-0.0287231 -3.00998
-0.500088 -3.42204
1.75862 -2.87132
-0.465565 -2.87949
-0.870642 -2.6945
3.51241 -2.27661
0.799726 -3.64645
5.67464 -3.72804
-1.66554 -5.17028
2.07491 -2.7192
3.85414 -1.70003
-1.00773 -6.52099
3.41838 -2.39886
-2.13191 -2.3014
3.47944 -2.3208
1.85398 -3.47487
3.87319 -1.6587
1.30516 -3.01329
-1.33939 -2.38818
2.77211 -2.16703
-1.42203 -6.35451
-2.19666 -5.96105
-1.92219 -2.52501
2.48615 -3.19549
-1.78526 -5.10437
3.74637 -1.91101
1.71691 -2.88791
-2.26285 -4.80632
-1.97297 -2.47419
2.58721 -3.13506
-0.498991 -2.86668
-1.28264 -3.03604
-1.96767 -6.08922
1.84885 -5.88231
1.63993 -3.53818
0.847739 -5.89982
-1.78684 -6.18036
1.49518 -3.57181
2.16234 -3.35871
2.52318 -3.17391
3.50038 -0.680331
3.52545 -2.25871
3.54076 -0.389701
2.87741 -2.93215
-1.90383 -5.03575
-0.598093 -2.82619
3.55346 0.0649954
3.41612 -1.02745
-2.13555 -4.89154
5.76905 -3.59713
3.75722 -1.89129
-1.82896 -1.91477
-2.36023 -4.73809
0.884777 -3.64473
3.18497 -2.65928
0.418021 -3.62971
-1.43125 -2.31255
-1.26521 -5.3674
-1.63035 -2.13039
-1.30104 -2.41679
2.90435 -2.01193
2.12314 -3.37558
0.948213 -3.64213
-0.687733 -2.78625
0.691939 -3.08512
1.67495 -2.90383
2.68289 -2.26
0.836566 -3.62219
5.33498 -4.14028
0.0888964 -3.0351
-0.16618 -3.52567
0.476747 -3.08045
3.55503 -0.143524
-2.16486 -2.26281
2.88603 -2.92539
2.49332 -2.43223
-0.17637 -2.97335
-1.39073 -2.34614
0.606844 -5.87862
-0.657991 -3.36121
2.41499 -2.49479
1.39108 -3.59198
1.77994 -5.88905
0.435549 -5.85758
3.82478 -1.76109
0.260137 -3.61089
2.66835 -3.0829
2.08295 -2.71467
3.81471 -1.78138
-2.27667 -4.7968
3.67898 -2.02721
3.38301 -1.13064
2.57628 -2.36072
1.03765 -5.90962
2.70428 -3.06044
-0.305204 -2.93523
3.92296 -1.54356
-0.955887 -2.64675
4.14313 -0.784429
0.351649 -3.0708
3.54817 -0.297862
-1.70888 -2.04972
2.80022 -2.99072
1.95149 -5.87072
4.09719 -1.00421
1.65039 -3.5355
5.21375 -4.26906
-1.23839 -3.06398
-0.912264 -6.55532
5.71711 -3.67016
-2.11853 -2.31677
-2.18432 -2.23953
2.9195 -2.89853
-0.931829 -5.50597
3.15403 -2.68995
3.50397 -0.660545
4.20213 -0.222197
-2.02074 -6.06043
2.695 -3.06503
3.36031 -1.19431
-1.90431 -1.82179
-0.65617 -5.60412
-0.490021 -3.42576
4.08017 -1.07222
1.23361 -3.61633
5.92781 -3.35662
0.120842 -3.03959
1.38331 -5.91179
3.06252 -1.79172
3.52839 -0.500972
4.17644 -0.560167
-2.06649 -4.93662
0.176044 -3.59812
2.88104 -2.04096
5.96571 -3.29486
3.53091 -0.480801
-0.151321 -6.77781
-1.43863 -2.93075
2.20134 -3.34134
2.72168 -2.22062
1.25153 -3.02507
4.06186 -1.14
-0.954861 -3.22448
5.50968 -3.93866
-1.71057 -5.14589
-1.13946 -3.12353
4.00361 -1.32833
-1.20259 -3.08599
-1.79087 -1.95739
1.19316 -5.91311
0.926828 -3.64406
-2.38782 -4.71826
4.18827 0.284623
5.2012 -4.28192
-0.298959 -3.48849
1.73367 -2.88133
-0.667668 -3.35728
3.23811 -2.60466
-1.35662 -2.3736
3.24794 -1.46101
-0.879569 -3.26205
3.55586 -0.0811431
2.05422 -3.40382
5.59879 -3.82756
3.54998 0.138473
1.25468 -3.6135
-1.81016 -2.6314
-0.342104 -5.69868
2.99394 -1.89263
0.754654 -3.08363
6.14338 -2.97774
2.27841 -3.30524
-1.12034 -2.54857
-2.05732 -1.60819
-1.1846 -3.09685
-0.898953 -3.25325
1.82384 -3.48576
-0.207232 -3.51472
-1.80115 -1.94738
2.76595 -2.17373
1.92311 -2.79825
1.15986 -3.62523
-0.0633134 -3.55094
-0.431989 -2.89194
3.74098 -1.9207
4.1026 -0.981297
6.07455 -3.1065
4.20442 -0.0626541
4.02173 -1.27347
0.862008 -3.07804
-1.55594 -2.84412
3.52508 0.402665
2.12205 -2.69218
-0.751941 -2.75565
-1.5997 -5.20751
2.49601 -2.42461
-1.08432 -2.56836
-1.12881 -2.53931
6.03677 -3.17775
3.64365 -2.08422
0.023941 -3.02126
3.30715 -1.3294
3.42517 -2.3904
4.14517 -0.772885
0.820992 -3.64621
3.49926 -2.29441
-2.02948 -2.41513
1.41845 -2.98542
3.10266 -1.7281
1.07603 -3.05532
1.37012 -3.59565
3.29685 -2.53993
3.86373 -1.6794
-0.219416 -2.96126
4.12529 -0.877663
0.144743 -3.59286
-1.53117 -2.86297
3.32649 -2.50799
0.281205 -3.61378
-1.7207 -2.03709
-0.186562 -2.97087
3.97285 -1.41543
0.0268341 -5.78717
3.55501 0.0127139
-0.687208 -3.34913
-2.31773 -5.88892
-0.946524 -5.49996
0.387424 -3.07408
5.90857 -3.38728
-0.950622 -6.5417
2.07354 -5.85392
2.20821 -5.83342
3.66731 -2.04631
1.84964 -2.83243
1.61495 -5.9084
-1.43639 -5.28738
-1.11225 -3.13922
-1.94409 -2.50343
2.74072 -2.20072
3.29192 -1.3649
4.17921 -0.536251
2.61432 -3.118
-1.15076 -2.5246
3.53946 0.275658
3.2319 -1.49203
-2.034 -1.64324
3.37029 -1.16667
-0.835311 -6.58192
1.48492 -3.57394
-1.08395 -6.49251
-1.07697 -2.57307
-1.08463 -3.15487
-1.02952 -3.1852
2.97204 -1.92302
2.83477 -2.96494
-1.90963 -1.81495
1.10687 -5.91168
1.64112 -2.91613
3.41035 -1.04623
2.40051 -2.50586
0.757093 -3.64704
-0.387989 -6.71813
2.59617 -3.12946
4.01796 -1.28455
-1.20187 -5.39527
-2.01543 -2.43005
3.17847 -1.59693
2.51424 -2.41472
2.22493 -5.8306
1.22322 -3.61768
3.55452 -0.164294
0.86527 -5.90098
2.92153 -1.99004
-0.368591 -6.72335
3.61352 -2.13095
1.27896 -3.01905
-1.36133 -2.98428
-0.440117 -3.44322
-0.379723 -3.46333
-0.590185 -2.8296
5.83994 -3.49315
-0.82344 -2.71954
-1.49773 -2.88794
1.50466 -2.96093
0.863519 -3.64535
2.05451 -5.85717
1.12904 -3.04726
0.197038 -3.60149
2.86036 -2.9454
2.92807 -2.89174
3.22302 -2.62043
2.43965 -3.2217
2.22076 -3.33247
1.7001 -2.89438
5.17619 -4.30738
-0.524482 -5.64597
2.71276 -3.05291
0.790548 -3.08219
3.35525 -2.47484
0.291592 -3.61516
1.08479 -3.05406
-0.308975 -3.48548
3.55417 0.0440047
3.27627 -1.40014
1.30715 -3.60588
2.17406 -5.83907
5.94685 -3.32582
3.3637 -1.18503
0.253613 -3.05967
0.95143 -5.90592
2.40206 -3.24218
1.68111 -3.52741
1.57328 -2.93934
1.51598 -3.56738
5.18897 -4.29436
0.799387 -3.08177
-0.561533 -6.62581
2.5047 -3.18476
3.96084 -1.44764
0.502826 -3.6368
6.24038 -2.78094
-1.32784 -5.33884
-1.40314 -6.36273
2.81753 -2.97789
4.19661 0.172448
1.96897 -5.86854
2.2303 -3.32805
-2.0245 -1.65723
1.86176 -5.89501
3.40153 -1.07423
2.36423 -3.26216
2.86902 -2.93869
-1.57423 -2.18481
-0.347676 -2.92138
-1.4043 -2.33501
0.817324 -3.08083
2.63269 -2.68332
6.11791 -3.02618
2.36414 -2.53302
-0.726144 -3.33251
4.0523 -1.17351
3.26803 -2.57278
1.0962 -3.63346
-0.783889 -3.30693
1.31408 -5.91298
-2.09804 -1.54444
-0.96401 -5.49356
4.17353 -0.584037
1.74546 -5.89211
0.608673 -3.64302
-2.00602 -4.97384
-0.988899 -6.52788
