-0.84391 -0.671046
-0.84391 -0.671046
-0.84391 -0.671046
-0.84391 -0.671046
-0.84391 -0.671046
-0.84391 -0.671046
-0.84391 -0.671046
-0.84391 -0.671046
-0.84391 -0.671046
-0.84391 -0.671046
-0.84391 -0.671046
-0.84391 -0.671046
-0.84391 -0.671046
-0.84391 -0.671046
-0.84391 -0.671046
-0.84391 -0.671046
-0.84391 -0.671046
-0.84391 -0.671046
-0.84391 -0.671046
-0.84391 -0.671046
-0.84391 -0.671046
-0.84391 -0.671046
-0.84391 -0.671046
-0.84391 -0.671046
-0.84391 -0.671046
-0.84391 -0.671046
-0.84391 -0.671046
-0.84391 -0.671046
-0.84391 -0.671046
-0.84391 -0.671046
-0.84391 -0.671046
-0.84391 -0.671046
-0.84391 -0.671046
-0.84391 -0.671046
-0.84391 -0.671046
-0.84391 -0.671046
-0.84391 -0.671046
-0.84391 -0.671046
-0.84391 -0.671046
-0.84391 -0.671046
-0.84391 -0.671046
-0.84391 -0.671046
-0.84391 -0.671046
-0.84391 -0.671046
-0.84391 -0.671046
-0.84391 -0.671046
-0.84391 -0.671046
-0.84391 -0.671046
-0.84391 -0.671046
-0.84391 -0.671046
