-5.20727 -7.90799
11.0445 -5.01789
1.23657 -5.97466
0.198652 3.74928
0.84685 -10.7511
-5.80247 3.45296
-3.15052 -4.10332
0.966412 6.72048
2.85983 0.410848
-3.41719 0.10619
-2.24244 1.31307
-2.36977 -2.15202
-0.274863 4.26407
-5.99177 6.31385
-4.81395 -3.24121
13.2686 -14.942
2.46873 -1.93759
6.92853 -9.69975
10.5975 -6.39505
-5.59043 0.185653
7.63674 -9.31751
-2.99743 -3.26611
-5.64666 6.5792
-8.96571 1.49702
-8.83511 1.05472
-1.67823 7.5478
-4.08468 -4.49431
-8.89509 -0.273324
7.78772 -1.3981
4.82874 4.0668
-2.6289 -2.16706
-3.48419 2.80849
11.0515 -1.85927
-1.75954 4.51731
-7.85953 -4.99615
-7.59779 -0.908435
0.932147 -3.31697
2.54565 6.77542
12.7663 7.34771
4.36515 2.74695
-3.18679 3.61711
0.109038 -2.97696
3.07018 -6.28645
-2.21779 1.50232
0.523582 -5.45807
11.23 9.59
10.4775 -1.42371
5.2789 -10.4663
2.58875 -2.11828
-0.95175 4.60849
1.12879 7.16185
-2.47266 -0.700282
2.35345 3.49114
3.24196 1.69758
3.07416 -6.42344
-3.43991 -9.46477
-5.66474 -0.289173
13.02 9.59
3.03946 -6.55293
-7.15154 5.08429
5.1721 -5.16948
-4.90755 7.01167
-3.10684 -9.64076
-9.01142 -1.05734
-1.09894 -2.81514
-2.96082 7.55253
6.36706 2.64735
4.07072 5.57937
8.3395 -8.5224
6.41085 0.552387
-4.3323 -1.26443
1.51676 7.02062
4.59 1.06496
3.17446 -10.9605
-9.54 -13.64
-1.76411 -2.6503
-1.21135 -2.7896
14.88 -14.76
8.20621 1.21803
6.55694 -10.0883
-0.633461 -3.56021
0.763265 2.72199
7.06813 -0.893595
-3.84522 7.35
-1.58237 -2.47459
-5.78581 3.4586
7.5324 -2.39695
4.52819 1.00504
-2.29533 -0.0260896
4.74474 -3.54672
-7.74175 0.567186
4.02342 0.430271
-1.32022 -5.78846
1.10845 -3.29075
-4.01089 3.44146
-6.72862 -6.53154
3.15721 1.34482
12.13 7.79
10.4251 -6.83628
-2.25539 -9.67388
