4.15688 -0.702315
6.10936 -3.0424
7.44852 -3.04048
3.51558 -0.591087
7.93382 -0.7043
9.86277 -0.362267
3.26803 -2.57278
4.20309 0.0237066
6.26482 2.25002
1.04044 -3.06019
10.0159 -0.479039
6.04446 0.561519
6.44419 -2.2856
3.98882 1.26361
3.44969 0.806841
6.5372 -2.00165
3.52158 -0.551074
2.65013 -2.29209
6.32817 2.0909
7.88043 0.676549
3.3836 -2.44128
5.96788 0.576357
4.01456 -1.29553
3.99612 -1.35021
1.22617 -3.02991
7.5667 0.793684
6.70068 1.07825
3.89625 -1.60675
7.49703 -2.91958
3.84523 -1.72136
6.17284 -2.92837
2.94479 -2.87803
7.79233 -1.9332
7.92843 -0.290045
7.81503 0.664861
7.55054 -2.77721
0.835255 -3.07979
2.13764 -2.68298
11.3401 -4.16882
3.07773 -1.76804
2.93632 -2.885
7.6541 -2.46679
11.4163 -3.67209
8.4146 0.455226
4.27633 1.66793
3.80953 -1.79162
7.64673 1.34276
6.76765 3.2089
3.78421 1.79622
2.55064 -3.15749
7.13133 -3.69836
7.61023 1.45913
3.45252 -2.3558
7.55534 1.62184
7.24866 2.35858
9.51429 -0.596661
7.37427 2.08417
9.4841 -0.105711
6.13551 2.54546
5.95149 2.9156
3.38206 1.05101
9.2881 -0.486152
2.49529 -3.19021
3.55586 -0.0811431
4.10947 0.811814
3.35472 1.13547
9.8236 -0.333732
0.942419 -3.07134
2.67645 -2.26639
2.45802 -2.46099
1.60729 -2.9279
1.69181 -2.89752
8.24182 0.530163
1.55618 -2.9449
6.73493 -0.998664
4.19901 -0.295069
1.05824 -3.05781
3.02073 -1.8543
3.51709 -0.581047
7.93474 -0.635113
5.85982 -3.46303
3.98778 -1.38573
2.76595 -2.17373
1.24379 -3.0264
6.61934 0.422358
2.03545 -2.74087
3.96483 -1.43703
3.15548 -1.6384
6.63499 1.06747
2.41499 -2.49479
1.75862 -2.87132
3.45229 0.796029
4.49136 1.62493
7.89581 -1.29306
6.85719 0.361342
3.43807 -0.951659
3.94362 1.40088
11.3895 -3.89041
3.35136 1.04251
6.98522 2.85511
6.2936 -2.66387
6.32036 2.11112
7.70692 1.13267
6.78196 -0.175619
4.10683 0.824231
0.763501 -3.08331
3.90085 -1.59611
4.01302 1.18862
7.04869 2.74336
6.61695 1.14827
6.24818 -2.76384
7.11601 2.62939
2.46754 -3.2061
7.10873 0.950567
3.37993 -1.13915
4.13646 0.673405
6.08346 -3.09029
1.90684 -2.80604
7.91669 -1.06826
6.1172 2.58468
3.31935 -2.51609
11.3749 -3.98322
7.93258 -0.40539
3.93162 -1.52235
7.92619 -0.24369
2.00444 -2.757
0.736701 -3.08419
3.98849 -1.37202
1.34017 -3.00519
4.16766 0.47248
3.0878 -1.75208
6.46889 -2.21308
7.49607 1.78409
3.64969 -2.07464
6.83804 1.03643
4.18933 0.272302
1.7504 -2.87465
2.6959 -2.24697
7.14602 2.56287
1.78826 -2.86308
6.20619 2.38835
1.84153 -2.83605
2.33467 -2.55437
3.31824 -1.30272
3.0573 -1.79973
7.73721 1.01595
3.55452 -0.164294
7.91199 -0.0349198
6.07019 1.25669
10.0743 -0.911362
0.915723 -3.0738
6.05119 2.72135
3.36947 -2.45811
7.81039 0.688634
4.17398 0.422256
4.02173 -1.27347
3.50569 -0.650785
6.75625 0.282828
4.10531 -0.969654
3.42808 0.891739
1.67495 -2.90383
4.19835 -0.30742
9.10774 0.11435
3.60124 -2.14952
3.6152 -2.11637
7.87044 -1.49385
4.07185 0.975038
3.51079 -0.620837
4.19281 -0.39218
4.18433 -0.488283
2.0907 -2.71027
1.97165 -2.77423
5.8028 0.612548
2.65586 -2.28707
7.77238 0.0971633
4.12996 -0.854438
0.968831 -3.06872
2.75337 -2.18727
4.18308 -0.500468
7.48899 -2.94012
4.09995 -0.992589
7.84663 0.0733666
8.63841 0.352736
6.78301 -0.254959
1.10255 -3.05141
7.88521 0.198866
7.08938 -3.77285
4.19694 -0.331735
3.38861 1.02979
7.34482 -3.27768
6.34426 -2.54523
4.10135 0.849434
2.29021 -2.58548
3.55122 -0.24661
7.35417 2.13017
6.50547 1.57096
4.08706 0.912248
6.65372 -1.54438
6.13222 0.539244
7.81698 -1.82614
6.11791 -3.02618
0.978151 -3.06765
3.12698 -1.68772
2.61009 -2.3299
7.44988 -3.01433
6.69809 0.402498
3.42517 -2.3904
6.46199 1.71145
2.1314 -2.686
3.43215 -2.38166
2.40206 -3.24218
4.11733 0.773824
3.44713 0.817341
1.27005 -3.02096
7.7431 0.992193
3.99392 1.72235
8.74693 0.300625
6.32292 -2.59613
4.20073 -0.258674
4.08306 -1.06103
3.16955 -2.67467
3.55525 -0.132992
2.56955 -2.36674
6.59755 -1.78427
3.47882 0.678069
2.60343 -2.33606
7.82818 0.594924
3.23959 -1.47828
3.893 1.53763
4.16427 0.49761
6.59301 1.24893
3.17847 -1.59693
6.73942 0.442964
6.78241 -0.393048
7.29518 2.26648
6.68982 0.785338
3.4806 0.668418
7.62514 1.41247
3.52224 0.423924
6.77276 0.062845
6.22468 -2.81416
6.53758 0.44277
3.47204 -0.817225
3.32905 -1.27622
2.2826 -2.59068
4.19188 -0.404096
6.72613 -1.13033
7.51345 1.7377
10.2556 -1.02924
4.16601 0.48486
3.2003 -2.64378
5.72125 0.630038
1.73367 -2.88133
7.74875 0.969109
7.28118 2.29037
6.37885 -2.45961
2.96095 -1.93809
6.78424 -0.241649
3.4105 0.955576
6.14449 2.52604
9.72861 -0.709433
9.11162 -0.405237
2.75819 -2.18316
3.24794 -1.46101
1.71691 -2.88791
5.6426 1.36649
9.62294 -0.652773
9.90249 -0.391727
3.55503 -0.143524
3.55501 0.0127139
1.87465 -2.82091
4.05229 1.05056
7.33372 2.17612
7.91574 -0.0814561
7.66679 -2.42472
6.72092 0.584653
6.78167 -0.432469
3.74637 -1.91101
4.06218 1.01299
3.54349 -0.359267
1.89052 -2.81373
6.55147 1.4096
6.3656 1.99141
2.89274 -2.02649
3.04181 -1.82317
6.74172 0.423167
6.67171 0.885991
9.88079 -0.794987
6.76623 0.162557
7.48499 1.70504
3.85851 1.62419
3.11193 -2.74427
2.86925 -2.05535
3.62569 -2.11227
6.66525 -1.48866
3.54817 -0.297862
7.77595 0.852312
4.20427 -0.124067
6.76904 0.122517
2.99423 -2.83644
7.8907 -1.33791
2.8395 -2.09081
4.07083 -1.10613
1.76708 -2.86786
3.4889 -0.739308
7.87662 -1.44932
4.19885 0.147251
3.33623 -1.25786
7.69979 0.120027
2.88699 -2.03363
3.59515 -2.15864
2.83356 -2.09776
2.86341 -2.0624
3.95263 -1.46912
7.52815 -2.83914
3.16932 -1.61362
6.75439 0.302606
3.57015 -2.19542
2.37684 -2.52095
7.89098 0.174558
6.53172 -2.0199
9.52928 -0.134255
2.52318 -3.17391
1.06701 -3.0566
7.24667 0.254976
2.19915 -2.64537
3.99372 1.25116
4.56085 0.853559
4.00928 1.20099
3.41838 -2.39886
3.74586 0.985406
3.53039 0.360178
6.05685 -3.13834
3.4045 -2.41595
3.55476 0.0230362
3.98925 0.947813
3.86857 1.59945
2.59617 -3.12946
3.81969 -1.77139
1.48743 -2.96606
3.9443 -1.49053
3.38301 -1.13064
6.73129 -1.09209
6.55836 -1.92491
9.83131 -0.766638
4.01796 -1.28455
3.41649 0.934305
0.894521 -3.07416
3.25312 -2.58877
3.87856 1.57467
7.1604 -3.64053
4.97428 0.779059
3.5363 0.30729
7.68772 1.20252
3.24553 -2.59686
11.4246 -3.57741
3.8328 1.68576
6.89271 3.01067
5.81321 3.16471
4.34852 1.65367
7.28945 -3.39449
8.34038 -0.0954537
6.42506 -2.33843
3.52011 0.423001
6.86546 3.05498
5.86769 3.06913
7.8782 -1.47491
1.30516 -3.01329
4.09573 0.874635
4.02521 -1.26257
3.96084 -1.44764
3.68468 -2.01777
2.71276 -3.05291
3.54074 0.248944
3.97285 -1.41543
7.77813 -1.99798
6.70947 0.664279
3.54472 -2.23181
5.92781 -3.35662
1.47893 -2.96854
2.52818 -2.40287
6.77852 -0.553623
3.12223 -1.69571
2.43014 -3.22694
2.48615 -3.19549
3.41352 0.944858
2.6235 -2.31741
7.53882 1.66835
6.57791 1.30919
8.98976 -0.351809
4.14999 -0.73712
3.5124 -0.611029
7.84649 -1.64866
2.82742 -2.10489
2.19166 -2.65004
6.87934 3.03251
4.68012 1.58069
3.55541 -0.00822005
3.43998 0.847519
6.55301 -1.94779
2.51424 -2.41472
3.51461 0.476954
3.53768 -0.419966
4.13423 0.685816
7.66075 1.29604
6.29564 0.501217
4.15128 0.58546
4.02876 -1.25134
7.56335 1.59891
6.44896 1.75162
6.8549 -1.2747
4.06547 1.00022
7.30816 -3.35571
6.31556 -2.61339
3.77958 -1.79021
3.97757 1.30126
3.47645 -0.797773
7.18234 -3.60463
3.09913 -2.74246
3.16478 -1.62182
3.55008 -0.267196
2.91126 -2.90532
7.92625 -0.909374
4.20151 0.0733097
8.90462 0.221812
11.3849 -3.92108
3.81471 -1.78138
1.08479 -3.05406
7.57933 1.55235
3.14141 -1.663
6.19767 2.40781
3.78968 1.78414
4.06873 0.935461
4.20437 -0.111944
11.4099 -3.74442
3.4389 -2.37315
1.77529 -2.86448
5.78957 -3.56755
1.8988 -2.80984
3.44183 0.838649
6.61589 -1.71081
10.1202 -0.940322
11.3982 -3.82806
3.49888 0.572644
3.43369 0.870443
4.12957 0.711011
8.12342 0.579596
6.1078 2.60458
2.9696 -2.85736
8.92871 -0.325752
6.03677 -3.17775
6.63316 -1.62773
2.6698 -2.27294
7.20385 2.44971
7.09171 0.298288
4.02784 1.13839
7.78122 0.828537
3.05221 -1.80749
7.81034 -1.84602
3.98572 1.27622
7.96599 -0.398655
1.52705 -2.95508
7.63464 -2.52934
6.59634 1.23211
3.37539 1.07223
3.51864 -0.571102
6.60215 -1.76644
3.13187 -1.6794
4.20103 0.0855447
6.69248 -1.3201
3.16055 -1.62847
3.10266 -1.7281
6.68333 -1.39517
7.74316 0.94932
3.82728 0.973087
4.64234 0.839292
7.40644 -3.13992
4.12529 -0.877663
4.19082 -0.353709
5.94133 2.93464
2.26012 -2.60582
6.47476 1.67126
11.8322 -4.30445
4.19502 0.197381
4.99386 1.51827
7.2705 -3.43311
4.12477 0.736209
4.17353 -0.584037
1.54748 -2.94768
3.32553 -1.28477
9.3466 -0.513961
4.1026 -0.981297
3.36169 1.11443
7.3069 0.884579
4.04206 1.08811
2.55991 -3.15272
3.53838 -2.24071
10.299 -1.059
6.03006 -3.18558
6.7389 3.25272
3.85594 1.74767
3.53737 0.296846
8.54194 -0.170395
6.77944 -0.511151
9.78265 -0.304448
7.3537 -3.25836
3.49092 -0.72945
6.27387 2.21458
4.04899 -1.18487
7.22219 -3.52869
5.82421 3.14572
6.297 2.17055
3.46752 -0.836626
7.60079 -2.63315
4.04547 1.07572
7.80579 0.711721
7.27053 2.3129
7.93442 -0.497712
3.83958 1.66114
3.55749 -2.21366
6.24013 2.30921
4.08017 -1.07222
7.11045 -3.73567
7.64774 -2.48747
7.34414 2.15282
3.26825 -1.41781
3.20532 -1.54641
6.04806 -3.15396
1.90733 -2.81451
1.64112 -2.91613
2.8515 -2.07665
7.92733 -0.266533
7.66057 -2.44546
7.69415 1.17947
3.69052 -2.00802
6.3357 2.07125
4.08107 0.937442
3.20965 -1.53805
7.93214 -0.772654
6.20878 -2.84724
8.06127 0.00238497
3.49105 0.615273
4.15499 -0.714281
7.84999 -1.62682
3.55589 -0.0602959
5.89952 3.01177
6.75895 -0.842005
1.19983 -3.03494
6.7777 -0.0366419
4.03502 1.11326
4.09834 0.861902
4.14089 0.648218
7.9486 0.649365
2.87524 -2.04806
1.04922 -3.05903
4.16006 0.546742
11.3799 -3.9524
3.52909 0.370951
3.98172 1.28856
2.43624 -2.4784
7.61458 -2.59161
3.55346 0.0649954
4.05895 1.0254
3.86348 1.612
3.88254 -1.63792
1.7001 -2.89438
7.03631 2.76549
2.85194 -2.95187
3.7354 -1.93065
6.78261 -0.215312
4.03851 1.10087
3.47396 0.700245
7.43243 1.94579
6.48727 1.63104
3.59558 0.475332
6.62898 -1.65573
7.83655 0.548081
3.46936 0.721568
4.20289 -0.197715
2.05133 -2.73224
2.73445 -2.20731
2.207 -2.64037
6.25673 2.26957
2.70428 -3.06044
2.42089 -3.232
2.01952 -2.7494
7.79701 -1.91112
6.3583 -2.51098
6.01204 2.79925
3.51133 0.498243
2.57796 -3.14079
2.17626 -2.6596
4.20171 -0.234245
6.70318 0.70462
6.40563 -2.39037
7.12221 2.60812
4.19872 0.135273
6.77493 0.022905
3.2319 -1.49203
6.58803 -1.82084
7.92941 -0.312866
0.906651 -3.07459
4.186 0.309644
1.25153 -3.02507
7.25138 -3.47166
3.40747 -1.0555
6.78052 -0.116287
3.5557 -0.0291301
8.35798 0.480178
1.63276 -2.91909
1.59875 -2.93085
2.46503 -2.45535
7.82302 -1.78068
3.41042 1.04409
4.10789 -0.958332
3.23811 -2.60466
4.19661 0.172448
4.13888 -0.80782
6.69332 0.764814
1.32267 -3.00929
3.50038 -0.680331
7.85972 0.407566
3.51241 -2.27661
3.52964 -0.491048
3.55223 -0.225993
6.78167 3.18668
2.34944 -2.54374
3.95661 1.36361
6.76765 0.142832
1.65805 -2.91003
7.86066 -1.56016
6.22329 2.34881
3.55053 -0.256317
6.78289 -0.353574
11.3203 -4.26065
4.15519 0.560296
6.50392 -2.10917
4.92061 1.53438
5.79114 3.20266
9.15632 0.087562
3.241 -2.62978
4.07492 0.962632
0.897827 -3.07533
4.20412 -0.136539
4.20444 -0.0994531
3.39359 1.01593
9.94867 -0.839356
3.08321 -2.75725
8.52762 0.404274
7.7424 -2.14858
6.72878 -1.11094
2.38597 -2.51682
6.73622 -1.05378
5.55535 0.664844
5.88663 0.594307
11.3525 -4.1071
4.15894 0.535141
5.81026 1.32191
3.80068 1.75959
11.4269 -3.54641
4.20349 -0.173199
6.69677 -1.31976
4.15312 -0.72589
7.95037 -0.759408
8.47426 -0.144285
3.45083 -0.903983
3.52508 0.402665
6.41536 1.85162
6.77845 -0.0565839
3.63164 -2.10303
2.94423 -1.96042
5.22268 0.731649
6.13483 -2.9942
3.93474 1.42583
2.27519 -2.5957
3.63775 -2.0935
4.17204 -0.595779
3.89175 -1.61706
7.68102 1.22625
3.47618 0.689741
5.35407 1.43608
7.62127 -2.57109
2.83477 -2.96494
7.71934 1.08585
2.1453 -2.67841
5.94685 -3.32582
6.65198 0.986679
3.67898 -2.02721
3.88706 -1.62762
7.69134 -2.34021
9.94052 -0.420469
4.80811 0.809647
2.3197 -2.56505
3.54498 0.212183
6.97242 2.87712
3.30715 -1.3294
7.83114 -1.73677
6.66895 -1.47067
6.64361 1.02708
9.77957 -0.737544
6.57341 -1.87525
3.55121 -2.22262
1.99564 -2.76193
7.80148 -1.88966
3.92296 -1.54356
1.16447 -3.04132
7.8484 0.478179
2.98612 -2.84337
3.91931 1.46314
9.23057 -0.459294
6.76682 -0.745202
6.54248 -1.9839
3.17397 -1.60516
7.85373 -1.60446
4.1839 0.0437862
1.41845 -2.98542
7.36434 2.10686
6.77203 -0.667238
7.32662 -3.31677
2.63028 -2.31102
3.04694 -1.81548
2.87741 -2.93215
6.76384 -0.784087
1.19089 -3.03659
7.39784 -3.16019
4.06863 0.987816
4.20365 -0.00105488
6.78106 -0.135881
6.74955 -0.938382
3.35509 -1.19953
3.45732 0.774751
4.19962 -0.283066
3.55056 0.128094
3.41329 -1.03673
3.33981 -1.24868
4.11806 -0.912225
2.80901 -2.98422
5.89903 -3.40232
6.07455 -3.1065
2.66835 -3.0829
0.817324 -3.08083
3.54047 0.26492
4.17089 0.447362
3.54169 -0.379664
6.95916 2.89977
7.90118 0.0812289
11.3641 -4.04523
6.71757 0.677552
2.07491 -2.7192
2.31251 -2.57004
6.70618 -1.26326
7.70116 1.15557
3.96892 -1.42608
7.87956 -1.42734
7.81936 0.700029
6.07977 2.66303
7.62449 0.143366
7.93404 -0.543375
3.34326 -1.23975
2.77844 -2.1601
7.78625 0.805449
2.86036 -2.9454
6.62162 1.12777
4.11215 0.799028
1.84964 -2.83243
2.73045 -3.04067
3.26048 -2.58091
8.80255 -0.273268
2.37385 -3.25714
2.36414 -2.53302
3.7732 -1.86168
6.52072 -2.05591
7.75992 0.922257
6.69017 -1.35751
4.13449 -0.831156
6.64155 -1.60042
8.69216 0.327133
3.85902 -1.68957
7.60762 -2.6127
0.85318 -3.07865
7.82661 0.573433
2.15318 -2.67368
6.83483 -3.3422
7.19245 2.47214
2.98012 -2.85536
2.7828 -3.00337
3.48925 0.601843
4.00726 -1.31752
3.54685 -0.36659
3.13842 -2.70513
9.40268 -0.541115
6.49344 1.13926
1.92311 -2.79825
7.92881 -0.864025
3.47164 0.711063
7.17238 -3.62324
6.14338 -2.97774
7.93408 -0.474314
2.16081 -2.66905
7.18091 2.49517
3.5201 -0.56124
6.21562 2.36719
7.7314 1.03903
3.53977 -0.400026
1.50466 -2.96093
2.63685 -2.30479
5.8199 -3.52302
6.27306 2.22991
4.20144 -0.246739
2.09867 -2.70572
3.41612 -1.02745
3.82224 1.7104
6.33727 -2.56206
2.5626 -2.37291
5.05623 0.763643
6.77489 0.0705109
7.82717 -1.75842
2.88104 -2.04096
3.35018 -1.22157
2.41145 -3.23756
2.57628 -2.36072
8.00293 0.628396
3.84831 1.64891
6.55676 1.38989
0.754654 -3.08363
4.70551 1.58057
6.58296 1.28931
3.53293 0.338717
7.31393 -3.33313
6.70926 -1.24401
4.20395 -0.14865
3.92013 -1.55576
6.7462 0.382955
2.953 -2.87124
4.00157 1.22608
7.52194 1.71481
6.78068 -0.471836
2.68289 -2.26
3.25618 -1.44367
3.45575 -0.884763
4.16223 -0.667029
6.77033 0.102821
7.4783 1.83045
3.61352 -2.13095
3.82478 -1.76109
0.790548 -3.08219
3.50911 -0.630927
4.20407 -0.0257886
6.77316 -0.647994
2.51381 -3.17943
2.35488 -3.26701
0.93361 -3.07218
3.79544 1.77169
3.55448 0.0336712
1.19364 -3.03071
4.16891 -0.619578
2.97204 -1.92302
5.14067 0.747529
4.1797 0.372086
7.63236 1.38947
4.13188 0.698598
3.81153 1.73502
4.19768 -0.319405
4.14722 0.610632
7.90791 0.0116517
3.54578 0.201773
6.66716 0.907819
6.77426 -0.628162
7.37154 -3.21903
0.826022 -3.08038
3.49667 -0.700071
5.13729 1.48626
3.84937 -1.71015
3.88331 1.56245
4.20422 -0.0379636
6.12204 2.55211
6.58809 1.26883
3.53183 -2.24985
7.93467 -0.520422
3.15403 -2.68995
2.92807 -2.89174
7.24188 0.906536
3.86373 -1.6794
7.67921 -2.38253
6.20087 -2.86349
3.19254 -2.65165
7.90348 0.0582563
3.23544 -1.48677
6.63746 -1.61871
6.75983 0.242708
1.33134 -3.00726
6.44245 1.7714
3.29684 -1.34945
5.97191 2.87689
5.06503 1.50242
7.92221 -1.11882
6.43156 -2.32064
6.48062 -2.18028
7.5047 1.76124
6.38572 -2.4421
6.0719 2.68021
4.08898 0.94803
3.54076 -0.389701
6.57829 -1.85732
6.42903 1.81152
3.76292 -1.88196
5.85699 1.31248
7.78284 -1.97658
7.15197 -3.66089
7.92065 -0.173675
3.11249 -1.71195
3.29958 -1.34718
7.64174 -2.50923
5.63714 0.647813
11.8363 -4.27271
7.39402 2.0381
3.47423 -0.80765
2.65926 -3.08891
6.18019 2.44728
6.68637 0.805228
3.53162 0.349719
6.52633 -2.0376
3.06721 -2.77192
4.20447 -0.0873146
5.91836 -3.37174
6.16825 -2.92912
3.54143 0.254484
2.65041 -3.09472
4.11982 0.761409
4.2005 0.0981497
6.77874 -0.530495
7.85718 -1.58264
1.13804 -3.04579
7.76826 -2.04124
6.61133 -1.72948
4.03218 -1.24041
5.73808 -3.64098
7.22643 2.40418
4.14099 -0.796302
7.52029 -2.85895
3.09273 -1.74418
1.6602 -2.91122
3.43641 0.859952
3.66731 -2.04631
6.35326 1.17918
9.956 -0.430339
2.40051 -2.50586
7.92978 -0.840873
6.45034 -2.26829
2.91588 -1.99729
7.89872 0.104892
3.45814 -0.875274
3.37879 1.06147
3.79419 -1.8217
3.41033 -2.40605
11.394 -3.85879
6.75241 0.322977
4.04573 -1.19587
3.1307 -2.71256
4.18713 0.297315
3.43275 -0.970691
3.87347 1.58724
3.90667 0.960896
6.03174 2.76033
2.78457 -2.15335
2.86902 -2.93869
5.74835 -3.62655
7.71478 -2.2552
1.40964 -2.98776
0.879921 -3.07674
7.73813 -2.17126
6.78315 -0.294558
7.30252 2.24458
6.5403 1.45009
8.86504 -0.299028
0.960291 -3.06955
5.99998 1.2753
6.61235 1.16817
3.22695 -1.50393
1.36624 -2.99886
7.90511 -1.20312
1.70863 -2.89111
3.50984 0.508285
6.77053 1.05713
6.67268 -1.45122
7.69395 0.747197
5.98437 -3.26376
3.35821 1.12504
7.9207 -0.15085
6.39447 1.91142
7.93038 -0.336372
7.16948 2.51753
6.78233 -0.195769
0.844087 -3.07924
4.03902 -1.21817
3.71881 -1.9598
6.39235 -2.42505
6.63068 1.08729
8.79955 0.274748
5.96188 2.89597
4.18894 -0.440547
2.96659 -1.93045
3.40439 0.976837
3.0288 -1.85252
3.99983 -1.33944
5.85005 -3.47789
7.32094 0.234839
6.16247 2.48669
4.18777 -0.452368
3.51927 0.445192
7.54297 -2.798
7.15762 2.54054
3.55479 -0.153744
3.19647 -1.56332
3.01548 -1.86191
2.08295 -2.71467
3.93583 -1.51186
1.3905 -2.99324
7.07885 -3.79104
1.00479 -3.06462
2.50025 -2.42646
6.19267 -2.88021
2.36423 -3.26216
3.01005 -1.86974
6.71796 -1.18726
1.95552 -2.78234
7.63967 1.36578
3.55173 -0.236456
6.01188 -3.21705
2.64127 -3.10064
3.31197 -2.52441
1.53904 -2.95035
2.70883 -2.23384
3.37206 1.08267
7.91124 -1.13577
7.75299 -2.10561
2.6324 -3.10642
4.1493 0.59786
7.918 0.0501647
4.04525 1.14844
8.29938 0.50558
6.06068 2.70212
5.5695 1.38446
7.91746 -0.10437
6.00285 -3.2325
1.35764 -3.00098
4.11472 0.786611
7.24175 -3.49047
7.88536 0.221263
3.39052 -2.43294
3.9524 1.37591
6.34373 2.05043
2.67716 -3.07703
3.90255 1.51279
3.91652 1.47566
3.54807 0.169826
6.37281 1.97171
6.47474 -2.19774
3.3854 1.04025
2.94546 -1.9634
6.97409 0.993869
6.56332 -1.91157
6.75161 0.37932
6.7155 0.623953
7.37317 0.861909
4.18827 0.284623
2.54204 -2.39092
0.924537 -3.07302
5.88783 -3.42168
3.47944 -2.3208
5.98211 2.85731
7.42282 1.96923
2.24498 -2.61584
3.55525 0.00202666
2.77211 -2.16703
2.97763 -1.91534
7.5715 1.5753
7.63181 1.32616
0.996 -3.06565
2.02761 -2.74509
1.28761 -3.01718
2.61432 -3.118
3.41035 -1.04623
3.35699 -1.20334
7.9345 -0.658412
6.28104 2.21031
3.70755 -1.97921
3.58885 -2.16801
6.75152 -0.919368
7.7962 0.758584
3.04315 -2.79361
6.72349 -1.14914
6.38016 1.95143
7.50477 -2.89961
2.98303 -1.90786
7.24892 -1.27035
4.39597 0.881792
3.06756 -1.78393
7.26107 -3.45208
3.91418 -1.5647
5.76905 -3.59713
6.48661 -2.16229
5.9921 2.83811
4.20253 -0.209781
4.16255 0.509995
4.13669 -0.819683
3.72995 -1.94029
9.97903 -0.852933
4.06186 -1.14
6.21214 1.21833
3.36031 -1.19431
5.96571 -3.29486
6.58326 -1.83883
3.93271 -0.630704
4.20195 0.0607245
3.65554 -2.06531
6.43781 -2.30339
2.55583 -2.37888
3.3146 -1.31154
3.11496 -2.72757
2.49601 -2.42461
4.07716 -1.08372
3.36229 -2.46665
8.73749 -0.246912
6.9462 2.92174
6.15164 -2.96173
11.3338 -4.19916
4.14922 -0.749414
3.53845 0.286095
2.91015 -2.0045
4.17047 -0.607859
1.11081 -3.05027
3.4727 -2.32978
3.47857 -0.788172
3.30478 -2.53246
5.80991 -3.53782
3.27235 -1.40877
2.92732 -1.98256
3.48489 0.647096
10.211 -0.999441
6.18466 -2.89637
7.4871 1.80762
3.55585 -0.0500154
3.45327 -0.894467
3.48695 0.636592
3.54673 -0.318365
6.76955 -0.706252
4.19735 0.160173
2.80022 -2.99072
4.08996 0.899834
7.42352 -3.10014
3.54998 0.138473
7.25948 2.33608
7.53555 -2.81815
6.74312 -0.996407
4.0487 -1.21201
3.55268 -0.215824
6.69663 0.744974
11.4323 -3.45191
4.08883 -1.03828
4.01686 1.17588
6.74535 -0.976921
3.70408 -1.95922
4.19035 0.259632
7.77075 0.875399
7.33561 -3.29753
6.1423 1.23732
2.73914 -3.0346
7.09805 2.65329
7.7581 -2.08439
3.51618 0.466469
7.4528 1.89913
2.58721 -3.13506
4.17691 0.397164
7.93064 -0.818373
3.95662 -1.45849
1.94729 -2.78644
7.59368 -2.65417
3.00255 -2.82926
6.99806 2.83245
4.18386 0.346541
7.85591 0.431365
3.34092 -2.49147
7.91837 -1.04527
5.42522 1.41924
3.37645 -2.44983
4.17921 -0.536251
1.21748 -3.0316
3.67327 -2.03714
4.15868 -0.690681
6.52895 1.4904
2.93293 -1.97527
4.7141 0.831337
6.48096 1.65144
6.77713 -0.569721
6.24834 2.28969
3.78537 1.76051
4.11305 -0.935308
3.58271 -2.17708
3.49308 0.604479
7.01472 0.319313
7.89625 0.127879
2.37878 -2.5222
9.74231 -0.276106
3.92724 -1.53312
1.88246 -2.81748
3.54517 -0.338833
6.73454 0.483233
6.78313 -0.314049
3.48692 -0.749072
0.781445 -3.08259
7.92287 -0.977519
6.75042 0.342767
3.51675 -2.26497
7.10008 -3.75399
3.83796 1.67361
6.45577 1.73093
4.04845 1.06304
1.93934 -2.79035
3.29192 -1.3649
3.55216 0.0963704
7.7032 -2.29777
3.53402 0.328498
6.49238 -2.14478
5.87952 -3.43275
2.39336 -2.51128
3.42235 0.913026
3.53445 -0.450619
8.40756 -0.120012
3.051 -2.78625
0.718745 -3.08464
3.46603 -2.33835
3.54327 0.233326
6.78265 -0.373463
1.79191 -2.85753
2.80923 -2.12573
2.40787 -2.50026
6.5458 1.43023
7.92361 -0.197291
3.5026 0.551335
3.9735 1.31359
4.41879 1.63962
3.91194 1.48792
7.83896 -1.69277
6.68275 0.825712
2.89437 -2.9188
9.00736 0.168342
4.20237 0.048495
7.88247 0.244284
3.46289 -0.855976
6.76229 -0.80322
9.67537 -0.680621
6.40113 1.8844
3.98074 -1.39377
2.38318 -3.25223
3.39549 -1.09289
3.3652 1.10386
1.57328 -2.93934
6.40381 -2.43906
9.25315 0.0328198
3.94795 1.38858
7.46016 1.87676
3.00476 -1.87731
7.72533 1.06279
3.46977 -0.829367
2.99945 -1.88464
4.06512 1.70869
3.35525 -2.47484
3.54657 0.191057
3.12273 -2.7202
3.53211 -0.470848
3.48601 -2.31212
6.72403 0.563786
7.17055 0.276423
2.82143 -2.11179
3.22302 -2.62043
3.38625 -1.12064
3.5278 0.381416
4.1783 0.384807
7.57242 -2.71585
3.82747 1.69827
4.17552 -0.54711
7.43183 -3.08048
3.42178 -1.00859
3.54883 -0.287748
7.12107 -3.71677
6.12627 2.56534
6.53458 1.47054
3.40134 0.987309
7.92146 -0.999899
2.53226 -3.16852
2.81531 -2.11876
6.71248 0.644409
2.56896 -3.14633
4.20642 1.68158
3.29685 -2.53993
1.38367 -2.99449
2.99394 -1.89263
3.99227 -1.36129
3.55165 0.107041
7.88528 -1.38267
7.90584 0.0345773
4.09719 -1.00421
4.47712 0.867996
1.34878 -3.00313
4.19137 0.247309
1.83317 -2.83975
3.45978 0.76421
7.74766 -2.12743
6.64571 -1.58159
3.50792 0.519538
2.92153 -1.99004
4.18052 -0.52445
2.95545 -1.94547
3.53331 -0.46059
7.41489 -3.12034
6.91644 2.98679
1.07603 -3.05532
3.01062 -2.82227
4.13859 0.660659
8.85579 0.24637
3.76795 -1.87147
6.65601 0.966776
3.55417 0.0440047
1.68326 -2.90074
7.20239 -3.56674
3.55589 -0.0708739
7.86307 0.384566
3.8297 -1.75106
7.08603 2.67551
5.30742 0.714893
7.93116 -0.359152
6.60281 1.20855
1.96347 -2.77836
4.20442 -0.0626541
7.81946 0.641776
3.0189 -2.81504
3.40623 -1.03952
3.20083 -1.55508
6.72078 -1.16935
7.93333 -0.72687
4.19458 -0.367961
3.33272 -1.26676
3.52574 -0.521102
2.66333 -2.27928
4.14313 -0.784429
6.51524 -2.07344
1.56461 -2.94218
3.48281 -0.768646
4.84954 1.54982
3.96513 1.33861
6.29542 -2.67823
9.20569 0.0598896
9.24808 0.0407568
5.71346 1.34887
3.40751 0.966052
0.986946 -3.06668
2.43965 -3.2217
4.05549 -1.16246
3.4948 -0.709779
5.83994 -3.49315
7.9342 -0.681022
3.75722 -1.89129
4.1855 -0.47644
3.37029 -1.16667
3.50239 -0.675059
7.8189 -1.80227
3.46056 -0.86549
4.12294 -0.889085
5.80211 3.18389
3.69617 -1.99854
3.5487 0.159555
3.64365 -2.08422
7.91496 -1.09056
3.7243 -1.95019
7.43765 0.839482
7.90287 -1.22597
4.19582 0.185095
2.4294 -2.48362
2.88603 -2.92539
7.93494 -0.566476
4.12048 -0.900831
7.4134 1.99197
7.91915 -0.127955
6.91962 2.96626
3.77857 -1.85157
1.14677 -3.04434
6.69993 -1.30111
7.69719 -2.31929
3.07534 -2.76449
6.73197 0.503659
5.88908 3.03072
6.77527 -0.608888
3.49503 0.593957
4.1962 -0.343703
6.56832 -1.89369
6.33002 -2.57936
2.72798 -2.21407
1.74218 -2.87786
3.3735 -1.1576
1.44434 -2.97837
1.40107 -2.99001
6.66009 0.946285
3.40153 -1.07423
7.92549 -0.932041
6.56746 1.34955
1.5817 -2.93657
3.06252 -1.79172
6.37212 -2.4766
3.14608 -1.6549
3.29011 -2.54872
6.73697 0.463403
4.0742 -1.09487
5.84607 3.10747
3.48905 0.625776
4.23188 0.909094
8.35293 0.493897
1.26139 -3.02278
7.73153 -2.19145
3.52792 -0.51994
6.49334 1.61121
3.53091 -0.480801
6.67917 0.845606
1.18216 -3.03819
4.12804 0.747381
4.20387 -0.0132441
6.27116 -2.7141
7.82392 0.618009
11.4307 -3.48342
6.71838 0.60409
3.49926 -2.29441
3.28414 -1.38255
2.25548 -2.60756
0.772603 -3.08296
2.84435 -2.9611
1.1203 -3.04866
3.18497 -2.65928
9.6177 -0.191723
6.30837 -2.63006
6.51734 1.53069
6.76316 0.202617
3.87319 -1.6587
6.26344 -2.7311
4.20213 -0.222197
9.65863 -0.218885
4.17644 -0.560167
3.52839 -0.500972
6.46265 -2.23307
9.45882 -0.568564
5.75887 -3.61164
7.46495 -3.00033
6.09206 -3.07452
2.26756 -2.60085
4.20474 -0.0506603
3.26431 -1.42626
7.87635 0.291023
3.419 -1.01789
3.46463 0.74289
6.06585 -3.1222
1.80849 -2.85048
1.427 -2.98312
6.36533 -2.49272
5.3891 0.698715
7.59496 1.50576
7.75597 0.724043
6.31271 2.13075
3.5062 0.530031
1.82503 -2.84332
11.422 -3.6093
6.75536 -0.880722
4.0523 -1.17351
3.53946 0.275658
1.12904 -3.04726
3.20782 -2.6361
3.52298 -0.541192
2.74072 -2.20072
3.083 -1.75929
7.72038 -2.23419
3.85414 -1.70003
4.19327 0.222335
3.9257 1.45076
9.57257 -0.162082
4.11495 -0.92355
7.48112 -2.96003
2.72168 -2.22062
3.42996 -0.981502
0.799387 -3.08177
3.80451 -1.80158
7.86988 0.337785
6.75794 0.263
6.27862 -2.69755
4.18102 0.359737
7.93366 -0.451577
3.56082 -0.221342
3.3511 1.1462
2.695 -3.06503
5.49845 1.40169
1.27896 -3.01905
11.4337 -3.42032
2.79694 -2.13959
6.12647 -3.01014
3.39247 -1.10206
11.4193 -3.64025
3.51777 0.455674
8.20209 -0.0461602
6.09861 2.62389
6.6261 1.10787
2.72149 -3.0469
7.65656 -2.33801
3.32649 -2.50799
6.67625 -1.43274
3.27627 -1.40014
3.5473 0.180655
6.79607 3.16497
3.54745 -0.308268
7.85225 0.454427
7.06134 2.72054
5.20955 1.46966
6.70314 -1.28193
2.81753 -2.97789
4.14517 0.623036
7.7916 0.78158
6.35077 2.03135
7.39975 0.210819
3.53667 -0.43035
3.66714 0.997142
8.67362 -0.221486
4.18358 0.334682
4.0681 -1.11747
6.72941 0.5235
5.92055 2.97324
1.02262 -3.06246
2.52132 -2.40872
6.04135 2.74114
7.32351 2.19873
3.28028 -1.39122
7.67442 1.24929
3.21407 -1.52942
7.47294 -2.98048
1.62415 -2.92211
2.47921 -2.44384
7.91993 -1.02292
2.61689 -2.32359
3.55549 -0.0902861
3.52545 -2.25871
2.44375 -2.47236
4.19995 0.110397
2.50735 -2.42053
3.57645 -2.18652
3.49285 -0.719764
3.02693 -2.808
7.28015 -3.41354
7.70894 -2.27681
3.50744 -0.640714
7.44167 1.92302
4.10419 -1.03564
10.1666 -0.970258
11.4132 -3.70297
7.90062 -1.24813
3.50439 0.540839
2.22979 -2.62576
4.15328 0.572692
5.91329 2.98832
6.25588 -2.74758
2.79166 -2.99699
3.30332 -1.33842
4.09446 -1.01546
11.3465 -4.13752
0.748612 -3.08309
6.75353 3.2305
9.05711 0.141805
7.55782 -2.75699
6.4187 -2.35556
2.34217 -2.54899
6.45802 0.462283
2.16866 -2.66427
3.90528 -1.58577
6.67987 -1.41369
3.24384 -1.46953
2.49332 -2.43223
5.90857 -3.38728
1.52186 -2.9557
2.32737 -2.55956
6.82416 3.12092
4.09291 0.88705
9.09131 -0.406813
6.60684 -1.74759
6.77924 -0.0764853
4.16732 -0.631664
5.97498 -3.27938
3.49275 -2.30315
3.13658 -1.67133
2.85493 -2.07476
3.79768 0.546289
2.63269 -2.68332
2.90435 -2.01193
6.43567 1.79176
7.56575 -2.68345
2.7152 -2.22728
9.34759 -0.0224067
2.01165 -2.75356
4.00539 1.21372
9.43964 -0.078103
6.7647 0.182876
6.77591 0.0032413
4.05874 -1.15108
6.18883 2.42784
2.21454 -2.63558
7.87941 0.267992
3.55351 -0.195161
1.97958 -2.7702
6.50798 1.55746
1.86607 -2.82501
2.29758 -2.58041
2.47178 -3.18324
0.862008 -3.07804
4.19089 -0.416357
3.17692 -2.66668
7.78772 -1.95461
6.75737 -0.863323
1.46165 -2.97351
3.36696 -1.176
6.83788 3.09919
2.1064 -2.70128
3.14635 -2.69744
6.74745 -0.957943
6.91926 1.00996
2.54841 -2.38564
3.50397 -0.660545
8.27054 -0.0703539
1.04224 -3.05719
3.31083 -1.32061
7.93488 -0.612473
3.55421 -0.174467
4.1899 -0.428253
7.17452 0.928964
3.09778 -1.73604
2.79085 -2.14638
3.55571 -0.101964
5.9935 -3.24838
4.0205 1.16351
2.06717 -2.72351
3.38933 -1.11149
6.24038 -2.78094
6.78155 -0.156047
3.39504 1.00856
3.53878 -0.410044
6.78304 -0.334107
4.14517 -0.772885
2.77422 -3.00965
6.64968 -1.56327
3.4458 -0.92315
2.22228 -2.63061
3.92474 1.735
7.898 -1.27081
7.19254 -3.58543
8.18201 0.55532
2.9195 -2.89853
6.40143 1.89168
7.36278 -3.23843
6.7801 -0.491211
4.19458 -0.156925
4.31261 0.89576
3.55233 0.0780699
7.07354 2.69837
2.5047 -3.18476
6.38725 1.93172
3.44065 -0.942263
3.55543 -0.122758
3.54596 -0.32877
1.49617 -2.96347
3.21835 -1.52103
3.18752 -1.58016
4.18184 -0.51229
7.88807 -1.35997
6.66399 0.926382
3.52079 0.434412
6.21687 -2.83047
6.85191 3.07677
7.86396 -1.53829
7.90721 -1.18091
5.83007 -3.50793
1.20853 -3.03331
7.61762 1.43614
6.76062 -0.822907
6.65758 -1.52601
7.92779 -0.886492
4.00361 -1.32833
3.42732 -0.989668
7.58674 -2.67457
2.46075 -2.5574
3.27534 -2.56487
3.8396 -1.73065
6.77079 -0.686964
2.58989 -2.34844
2.12205 -2.69218
6.37578 0.482148
6.77685 -0.016997
3.03132 -1.83877
4.16564 -0.643328
2.75672 -3.02218
1.61578 -2.92502
7.8825 -1.40469
11.3266 -4.23533
3.43539 -0.961323
3.81683 1.72289
3.25213 -1.45222
6.74091 -1.01539
3.78376 -1.84173
2.45079 -2.46677
3.55262 0.0860076
1.47024 -2.97103
3.93913 1.41354
3.74098 -1.9207
7.58822 1.52846
7.55083 0.165832
6.2833 1.19877
7.38912 -3.17955
6.71219 -1.2253
3.05929 -2.7791
6.63256 1.09858
6.49953 1.5908
3.4548 0.785527
3.50846 1.02028
1.81664 -2.84697
4.56189 1.6105
3.55113 0.117411
3.3637 -1.18503
3.43086 0.881249
3.9072 1.50054
6.62027 -1.69265
11.4061 -3.76558
7.01094 2.81035
4.16925 0.459756
7.84458 0.501248
2.44887 -3.21658
5.87825 3.05022
