21.25 12.88
14.9 6.55
8.2 21.15
10.06 28.73
3.05 5.85
6.17 37.16
24.69 13.17
13.66 6.62
8.92 8.5
26.01 21.58
8.3 15.61
22.34 22.68
14.49 7.01
13.56 23.91
25.28 19.5
20.33 39.95
24.22 38.6
19.14 24.84
11.48 32.19
9.87 19.5
16.81 38.55
25.25 15.2
23.68 22.77
16.29 12.22
10.81 32.42
29.69 36.85
12.54 23.77
17.22 5.76
8.27 21.41
9.52 20.65
7.42 19.81
25.2 15.78
21.28 7.27
27.19 10.21
17.65 5.81
3.21 19.41
13.17 25.75
6.32 26.79
5.58 15.15
15.07 7.15
28.39 7.98
26.71 16.66
24.58 32.13
23.46 5.57
29.4 18.48
8.98 6.98
23.6 12.91
21.8 4.89
11.95 17.27
6.57 31.12
14.43 5.06
25.02 22.75
14.63 19.36
24.1 33.88
29.37 11.92
8.59 4.1
7.48 26.35
17.69 21.65
25.63 22.29
27.43 12.74
21.15 9.39
22.92 25.85
7.28 36.85
8.68 34.3
27.78 15.12
4.96 12.75
11.85 16.85
5.23 8.91
22.8 12.1
25.09 18.49
26.87 8.34
19.73 26.24
22.16 25.56
17.57 26.62
16.23 39.05
17.01 30.76
7.24 14.45
22.15 19.08
17.31 25.83
7.01 19.57
6.71 34.08
14.49 25
8.27 8.33
23.32 32.46
28.76 16.92
15.41 8.83
23.75 18.78
13.04 20.84
11.07 13.48
26.67 26.62
18.54 23.52
23.31 17.27
5.56 16.44
24.94 14.16
29.81 22.37
6.66 11.17
24.86 20.49
24.63 20.22
20.58 38
10.94 31.72
