-4.22376 -9.11995
-1.29657 -5.35321
-1.18669 -5.40206
-1.56955 -6.28812
-6.89669 -5.90221
-7.24883 -6.18111
-0.882199 -6.54512
-1.12193 -6.47797
-4.00907 -9.26202
-6.84496 -5.9736
-3.34972 -5.13466
-1.60489 -5.20242
-3.12068 -5.32606
-2.28717 -9.65851
-7.45944 -5.87714
-3.7539 -8.86683
-6.36509 -7.27068
-6.10573 -7.54549
-3.2763 -5.20041
-7.49357 -5.82586
-3.62453 -9.50049
-5.52693 -7.47658
-4.38314 -9.01017
-2.19666 -5.96105
-2.24857 -5.93048
-0.47509 -5.66084
-6.09362 -6.89494
-3.88282 -8.78348
-2.21381 -5.95099
-5.54909 -7.45534
-2.71915 -4.99484
-5.59259 -7.41331
-6.42699 -6.5
-4.84501 -8.0787
-3.56907 -9.53341
-2.81877 -9.4031
-1.06014 -5.45529
-3.00152 -9.84683
-5.27047 -8.32521
-6.49139 -7.13033
-5.7104 -7.92744
-3.33281 -9.12267
-6.34976 -6.60268
-2.00325 -6.06998
-0.700187 -6.62636
-1.54385 -5.23392
-0.65617 -5.60412
-4.93916 -8.00113
-6.21492 -7.43191
-1.91438 -6.11763
-7.75523 -5.41164
-7.16268 -5.51507
-1.66554 -5.17028
-5.05522 -7.90318
-2.25924 -9.67101
-0.996118 -5.48098
-3.59712 -8.96497
-5.72096 -7.28664
-2.81912 -5.55589
-7.24195 -5.39249
-3.45689 -9.59854
-6.71614 -6.86902
-6.77465 -6.06873
-3.90405 -8.76866
-2.88567 -9.90602
-7.87881 -5.20128
-4.03579 -9.2447
-4.8922 -8.04003
-3.70183 -8.89981
-3.45356 -5.04264
-5.61393 -7.39253
-6.38662 -7.24707
-5.90474 -7.74699
-2.95485 -9.33204
-5.8057 -7.20079
-0.85485 -6.57524
-2.86746 -5.52064
-0.737727 -5.57659
-7.77528 -5.38153
-1.716 -6.21837
-7.28443 -5.32353
-1.31246 -5.34593
-2.14549 -9.72103
-7.74528 -4.51466
-7.69153 -5.51614
-0.590451 -5.62541
-3.41244 -9.07617
-2.91515 -9.89111
-4.33023 -9.04703
-4.21275 -8.55881
-1.34742 -6.38663
-1.32912 -6.39461
-4.23743 -8.54132
-1.40314 -6.36273
-7.19466 -6.25608
-7.75928 -4.48784
-7.99717 -4.98973
-5.41561 -8.20006
-5.78476 -7.22214
-0.685771 -5.59356
-6.36874 -6.5802
-7.70804 -4.61467
-7.8635 -5.22799
-2.40323 -5.83613
-7.61042 -5.64569
-6.31104 -6.64817
-1.93311 -5.01825
-2.90004 -9.36089
-6.96502 -5.80607
-3.20214 -9.74056
-1.57442 -5.21825
-1.02815 -5.46822
-0.557497 -5.63578
-7.59765 -4.79291
-0.96401 -5.49356
-4.03634 -8.68101
-7.2126 -6.23138
-3.83125 -8.81712
-2.03872 -6.05055
-4.59269 -8.29001
-7.64319 -5.59382
-3.00946 -9.30292
-8.1924 -4.61514
-7.30424 -5.29359
-2.33469 -5.87857
-2.02074 -6.06043
-7.04859 -5.68546
-1.15505 -5.41567
-1.64298 -6.25363
-5.35063 -7.64161
-0.623344 -5.61486
-3.46805 -5.02952
-3.0305 -5.40237
-7.37303 -6.00436
-1.27244 -6.41796
-3.51847 -9.0129
-3.9342 -8.74958
-5.83679 -7.813
-3.09071 -9.25891
-6.42592 -7.20204
-3.43939 -9.06022
-5.69992 -7.30767
-7.24735 -6.19393
-4.25085 -9.10155
-5.79093 -7.85696
-7.40792 -5.95342
-3.42402 -5.06916
-7.78661 -5.35921
-2.14392 -5.99148
-7.08374 -6.40577
-2.43731 -5.81465
-4.33709 -8.46972
-7.1947 -5.46599
-3.48291 -9.03267
-1.88889 -5.04459
-4.6784 -8.21195
-7.3204 -6.08011
-7.11435 -5.58809
-5.88942 -7.11417
-7.95346 -5.06914
-1.24973 -5.37434
-5.62877 -8.00878
-0.818866 -5.54795
-6.67586 -6.917
-5.10137 -7.8635
-2.10403 -9.7281
-7.92378 -5.1222
-8.24545 -4.50705
-1.49304 -6.31757
-4.11204 -8.62917
-2.65175 -9.4869
-2.16169 -5.98127
-5.36748 -8.24201
-1.96767 -6.08922
-0.770329 -5.56523
-5.5345 -8.09449
-8.02607 -4.93641
-2.45645 -9.58077
-4.31015 -8.48878
-6.14974 -7.50007
-1.29149 -6.41009
-5.41712 -7.58019
-2.71018 -9.99224
-7.121 -6.35603
-4.77414 -8.13599
-7.96797 -5.04295
-6.55331 -7.05986
-8.20598 -4.58776
-1.43639 -5.28738
-7.84845 -5.25398
-6.87387 -6.67607
-7.04618 -6.45535
-6.57584 -6.32687
-6.29362 -6.66896
-0.899575 -5.51821
-4.1974 -9.13774
-4.70152 -8.19351
-2.51256 -9.55426
-7.44251 -5.90235
-7.93844 -5.09607
-4.40912 -8.99191
-4.3866 -8.43354
-3.07405 -5.36319
-2.00289 -9.78166
-7.36537 -5.19421
-1.44035 -6.34647
-4.14374 -9.17367
-2.94368 -9.87657
-1.13943 -5.42232
-1.42203 -6.35451
-1.1917 -6.44009
-5.16982 -7.80385
-2.7073 -9.45936
-4.48821 -8.93568
-3.31601 -9.67807
-5.46135 -7.53878
-1.73392 -6.20956
-1.80642 -6.17334
-4.30793 -9.064
-5.19743 -8.38669
-4.79759 -8.11714
-5.74482 -7.9007
-1.92033 -9.81622
-7.06452 -6.43073
-1.65019 -5.17849
-3.31965 -5.16068
-2.77674 -5.59573
-5.2607 -7.72316
-1.77055 -5.11265
-1.45163 -5.27984
-4.64361 -8.82248
-3.3796 -5.10846
-6.5576 -6.3498
-4.72324 -8.76382
-3.34395 -9.66249
-3.84527 -9.36609
-1.78526 -5.10437
-1.10766 -5.43567
-7.62546 -4.74211
-4.55783 -8.30528
-6.48287 -6.44245
-3.08753 -9.80186
-3.90008 -9.33168
-3.15173 -5.301
-2.55534 -5.73826
-3.76309 -9.41693
-3.51307 -9.56612
-6.17372 -6.80571
-4.48503 -8.36043
-4.26279 -8.52326
-2.94749 -5.46097
-7.43991 -5.06969
-7.28476 -6.13068
-5.97563 -7.0239
-1.75235 -6.20045
-6.68092 -6.76397
-1.07582 -5.44886
-5.21538 -7.76361
-7.56094 -5.72289
-1.46727 -5.27227
-5.85928 -7.79127
-2.67177 -5.6598
-2.82748 -9.93515
-1.02734 -6.51421
-1.8425 -6.15495
-7.27324 -5.3431
-3.0454 -9.28052
-6.85462 -6.70007
-1.01191 -5.47472
-4.92406 -8.60832
-7.51894 -5.79331
-0.508194 -5.65092
-1.68043 -5.16227
-2.52171 -5.76034
-6.30132 -7.33988
-5.37264 -7.62139
-7.30235 -6.10579
-5.30579 -7.68249
-0.786366 -5.55957
-1.39013 -5.30962
-0.883658 -5.52418
-3.13637 -5.31331
-7.48366 -4.9948
-7.66627 -4.66628
-8.05465 -4.88298
-1.47747 -6.33001
-7.09778 -5.61284
-1.14061 -6.47072
-1.78684 -6.18036
-2.12663 -6.00134
-8.12451 -4.74936
-5.29769 -7.69287
-7.63897 -4.71715
-6.68547 -6.18646
-3.14492 -9.77136
-1.86024 -6.14581
-2.31773 -5.88892
-7.38025 -5.16965
-2.34375 -9.6329
-2.17892 -5.97132
-6.5119 -7.10711
-3.57121 -8.98085
-2.56848 -9.52747
-7.57734 -5.69744
-4.82168 -8.09767
-3.36448 -5.12178
-3.85744 -8.80009
-3.61293 -4.89447
-5.03239 -7.92265
-6.931 -5.85421
-1.5997 -5.20751
-4.1625 -8.59411
-5.24643 -8.34556
-0.915946 -5.51203
-6.03954 -7.6129
-1.20187 -5.39527
-2.96367 -5.44871
-2.05615 -6.04092
-6.05318 -6.93928
-6.81533 -6.74866
-6.80994 -6.02124
-2.85702 -9.92041
-4.89914 -8.62786
-0.835311 -6.58192
-3.65228 -9.48406
-0.72031 -6.6208
-0.705059 -5.58777
-8.01391 -4.96078
-1.10267 -6.48537
-7.71998 -4.56424
-4.6302 -8.24957
-0.988899 -6.52788
-5.2216 -8.36646
-7.08161 -5.63684
-1.87434 -5.05313
-5.39523 -7.60051
-2.09145 -6.02122
-1.25391 -6.42555
-1.26521 -5.3674
-2.48795 -5.78226
-5.1482 -8.42759
-6.32243 -7.31709
-4.08722 -8.64628
-1.89616 -6.12714
-6.25826 -7.38599
-1.67954 -6.2361
-2.99545 -5.42442
-4.82275 -8.68718
-5.90989 -7.09271
-2.03115 -9.76982
-6.75466 -6.82179
-5.48699 -8.13701
-1.60632 -6.27097
-2.89967 -5.49682
-4.41091 -8.41563
-1.49806 -5.257
-7.73302 -4.53904
-6.99875 -5.7578
-4.86901 -8.05909
-2.76269 -9.43153
-6.40706 -6.53445
-0.419474 -5.67569
-3.25321 -9.16839
-3.56969 -4.93555
-1.83513 -5.07717
-7.81769 -5.30665
-0.441928 -5.67058
-1.93197 -6.10827
-3.65544 -4.85352
-5.29515 -8.3042
-3.00173 -9.85721
-1.30997 -6.4024
-8.09672 -4.80304
-3.59658 -9.51719
-1.88785 -9.82892
-4.17021 -9.156
-8.23351 -4.53267
-6.73855 -6.111
-3.73506 -9.43406
-2.72103 -5.62564
-7.58346 -4.81861
-6.69574 -6.89338
-8.17914 -4.64172
-2.25215 -5.96147
-0.541382 -5.64081
-1.94544 -9.80544
-2.93174 -5.47285
-1.83012 -9.85208
-4.4617 -8.95465
-6.52038 -6.39621
-3.37268 -9.64638
-3.22548 -9.18402
-2.6386 -5.68247
-6.07373 -6.91681
-6.73589 -6.84532
-2.62193 -5.69335
-2.35161 -5.86739
-0.950622 -6.5417
-5.3191 -8.28373
-4.69518 -8.78406
-1.00773 -6.52099
-2.58884 -5.716
-4.01051 -8.6985
-7.25786 -5.36746
-3.3862 -9.09158
-1.74061 -5.12935
-2.70481 -5.63696
-6.71832 -6.33658
-1.38477 -6.37067
-1.15982 -6.46321
-5.07427 -8.48818
-2.6053 -5.70498
-8.15198 -4.69559
-6.44957 -7.1773
-2.98179 -9.31773
-3.9815 -9.2798
-3.33448 -5.14788
-7.49838 -4.96929
-3.25917 -9.70946
-1.21623 -6.44081
-1.87848 -6.13636
-1.21825 -5.38828
-6.2328 -6.73864
-1.81506 -5.08745
-3.35914 -9.10739
-2.1173 -9.73318
-7.98283 -5.01597
-4.87352 -8.64788
-2.58829 -9.51219
-3.17155 -9.21427
-7.41022 -5.11973
-3.28719 -9.69403
-6.70323 -6.16326
-3.55547 -4.94891
-6.61266 -6.28023
-5.09873 -8.46824
-1.32784 -5.33884
-6.6492 -6.23342
-4.97437 -8.56852
-7.69328 -4.61531
-5.19296 -7.78346
-6.98958 -6.52905
-6.34411 -7.29357
-1.13154 -5.43494
-1.62501 -6.26229
-2.83511 -5.54429
-3.24401 -5.22492
-5.14728 -7.82359
-3.03634 -9.28846
-6.07812 -7.57076
-3.44368 -9.61161
-6.06146 -7.5907
-1.45919 -6.33814
-3.95468 -9.29699
-5.43923 -8.17931
-6.88012 -5.92535
-3.19893 -9.19896
-2.73461 -9.44568
-7.425 -5.92828
-5.65705 -7.3502
-7.02757 -6.47971
-3.04262 -5.38787
-2.54015 -9.54109
-1.36311 -5.32702
-8.08291 -4.82945
-4.98589 -7.96201
-2.85154 -5.53231
-5.57055 -7.43466
-4.60637 -8.26802
-2.07312 -6.02997
-1.71057 -5.14589
-7.54125 -4.89406
-2.97934 -5.43676
-3.10532 -5.33835
-6.38821 -6.55701
-7.00833 -6.50476
-0.796717 -6.59491
-6.77575 -6.79708
-7.51261 -4.94448
-6.11396 -6.87244
-2.68807 -5.64857
-1.08395 -6.49251
-3.25903 -5.21229
-4.5662 -8.87936
-6.73908 -6.11607
-7.02295 -5.71962
-1.51448 -6.31335
-0.491407 -5.65598
-6.01692 -7.63571
-3.27924 -9.15348
-1.80162 -9.86338
-6.9513 -6.57822
-7.33495 -5.24396
-1.04588 -6.50685
-6.83472 -6.72474
-7.13925 -6.33147
-0.777675 -6.60123
-5.69846 -7.94422
-5.94994 -7.7025
-4.74653 -8.74538
-3.54068 -9.55004
-3.40051 -9.63066
-0.96949 -6.53492
-3.81821 -9.38294
-3.64958 -8.93252
-2.75387 -5.60256
-2.40017 -9.60698
-2.92707 -9.34671
-7.70647 -4.59016
-3.58429 -4.92177
-7.73965 -5.43743
-4.2771 -9.08362
-3.46555 -9.04467
-1.94766 -5.00951
-1.5132 -5.24942
-1.8004 -5.0958
-3.88058 -9.3469
-7.67565 -5.54181
-5.23842 -7.74311
-7.17607 -6.2815
-0.912264 -6.55532
-6.17132 -7.47762
-3.11667 -9.78642
-3.80577 -8.83359
-1.90383 -5.03575
-6.82723 -5.99778
-6.94779 -5.83051
-7.35536 -6.02968
-2.59603 -9.51414
-4.79765 -8.70645
-7.59416 -5.67121
-5.99488 -7.65781
-4.72639 -8.17409
-1.0439 -5.46187
-6.53294 -7.08316
-7.22642 -5.41678
-2.51652 -5.78131
-4.84854 -8.66727
-0.639526 -5.60959
-1.40542 -5.30232
-8.2842 -4.42614
-1.69551 -5.15404
-6.98168 -5.7823
-6.59444 -7.01242
-6.25275 -6.71576
-7.14701 -5.53895
-6.6671 -6.2103
-3.62376 -8.94854
-1.42114 -5.29476
-6.8621 -5.95007
-1.77022 -6.19155
-7.33784 -6.05514
-3.70779 -9.45063
-5.60495 -8.0306
-4.61811 -8.84132
-7.61136 -4.76793
-3.51314 -4.98972
-5.95124 -7.04901
-0.816306 -6.58835
-3.61661 -4.85488
-7.46929 -5.01954
-7.62689 -5.61955
-1.63526 -5.18643
-0.931829 -5.50597
-6.57428 -7.03578
-6.42635 -6.51122
-1.84475 -5.07037
-1.17847 -6.45587
-2.74031 -9.97808
-1.35903 -5.32431
-6.19347 -7.45446
-7.8938 -5.17515
-2.78656 -5.5793
-3.05919 -9.81678
-7.52741 -5.77444
-2.36903 -5.85744
-5.43927 -7.55944
-7.4768 -5.85113
-5.74255 -7.26494
-5.50534 -7.49716
-1.52876 -5.24158
-7.7078 -5.48968
-7.3956 -5.14421
-4.06138 -8.66396
-6.4451 -6.48854
-1.91833 -5.02713
-2.79875 -9.9494
-4.06308 -9.22683
-3.28942 -5.18656
-5.12487 -8.44726
-2.78992 -9.41771
-5.81356 -7.83533
-5.76345 -7.24382
-2.30023 -5.89953
-7.52493 -4.92188
-3.18264 -5.27579
-3.2285 -5.23788
-3.01105 -5.41239
-7.01527 -5.73395
-6.63529 -6.9648
-5.84769 -7.15758
-5.07803 -7.88349
-1.75537 -5.12114
-7.13037 -5.56402
-3.79027 -9.40022
-3.67633 -8.91586
-2.6817 -10.0064
-5.88264 -7.76871
-2.42004 -5.82557
-6.03316 -6.96106
-8.11081 -4.77586
-7.15797 -6.30614
-1.17111 -5.40879
-6.1338 -6.85041
-4.43583 -8.97304
-6.91273 -6.62723
-4.4359 -8.39712
-2.37406 -9.61928
-5.51164 -8.11525
-2.20244 -9.69617
-3.39433 -5.09554
-1.28113 -5.36022
-2.48411 -9.56775
-7.5696 -4.84354
-8.27149 -4.45287
-4.50908 -8.34231
-7.83288 -5.28072
-3.08947 -5.35097
-8.21908 -4.56114
-3.59844 -4.90834
-0.738968 -6.6139
-2.31589 -9.64555
-5.99233 -7.00513
-5.65183 -7.98752
-3.48293 -5.01598
-3.52649 -4.97592
-5.00883 -7.94265
-4.51406 -8.91713
-0.873827 -6.56873
-2.06021 -9.75756
-1.55938 -5.22598
-6.59543 -6.30238
-5.04901 -8.50865
-3.2134 -5.25043
-4.6698 -8.80302
-3.17331 -9.75588
-2.47128 -5.793
-5.58176 -8.05175
-4.28736 -8.50565
-0.524482 -5.64597
-6.23707 -7.40857
-0.802937 -5.55369
-5.64286 -7.3658
-3.62702 -4.881
-4.65468 -8.23051
-2.08839 -9.74558
-5.32006 -8.27199
-7.72353 -5.46395
-5.02443 -8.52847
-1.58822 -6.27945
-0.672325 -5.59877
-2.28321 -5.90978
-5.97211 -7.68051
-4.94448 -8.00251
-8.06861 -4.85662
-6.72144 -6.13936
-1.85942 -9.84037
-2.45406 -5.804
-4.4601 -8.37909
-2.84507 -9.38944
-5.4635 -8.15788
-4.08987 -9.20932
-0.851297 -5.53615
-0.946524 -5.49996
-3.98537 -8.71543
-0.753797 -5.57102
-6.40747 -7.22409
-3.14491 -9.22907
-7.34998 -5.21946
-2.73771 -5.61396
-2.88367 -5.50846
-6.53875 -6.37336
-6.89365 -6.65129
-2.57186 -5.72732
-6.27206 -6.6935
-1.5514 -6.2965
-3.49735 -5.00279
-6.21337 -6.76082
-5.67551 -7.96559
-5.9309 -7.07056
