8.74 7.24
-3.82 1.11
-4.23 -2.73
6.06 -6.79
-3.91 -2.77
5.14 4.21
5.41 -6.19
-1.3 9.97
-3.52 -1.27
10.4 -8.72
4.24 4.29
1.14 -14.4
5.32 -6.67
5.06 7.12
1.62 5.9
2.81 -4.94
-6.07 7.04
14.39 6.13
13.35 0.05
13.75 -14.7
-2.59 -13.13
-2.54 -2.48
-4.46 5.55
-0.88 -10.51
-5.58 -0.86
4.77 -7.25
-5.68 6.72
-8.59 -9.37
-6.15 -9.32
10.95 -14.6
11.58 -5.41
7.71 -7.33
4.6 -5.99
-2.86 -14.14
3.63 4.92
7.22 8.07
4.17 -9.9
6.69 5.43
11.84 -5.11
7.43 -14.21
4.61 0.88
-7.48 -10.11
12.86 -6.59
3.9 -8.55
11.1 6.21
10.91 -11.78
0.87 -1.84
-9.31 9.31
-5.2 -12.06
3.55 3.79
8.09 -5.63
1.31 1.61
0.36 -10.48
8.93 3.96
2.85 0.74
4.86 -7.57
0.61 3.59
12.88 3.14
-5.27 -11.04
-6.82 -10.64
-3.27 -11.47
2.67 -7.28
5.63 0.77
0.84 -8.74
-0.42 4.04
13.69 -10.01
7.69 -3.28
7.27 -8.21
-7.06 -14.56
12.79 -11.62
6.63 7.88
-8.62 -5.87
1.26 2.31
-1.62 -0.09
0.03 8.45
4.84 7.16
10.72 -13
13.82 -12.68
-1.16 -12.23
13.99 0.94
-0.76 -13.17
7.17 -0.81
5.91 -3.16
7.74 4.58
2.91 -9.44
-4.78 0.94
8.73 -0.43
10.67 -1.98
3.72 1.75
14.1 -8.12
-7.41 -1.49
5.89 9.67
-5.99 2.62
7.22 -12.27
-4.39 -4.27
2.39 -4.47
13.16 -1.45
6.86 2.7
-9.65 5.83
9.43 9.77
