15.88 24.34
17.75 26.36
8.15 39.25
21.6 29.1
14.89 37.96
19.9 25.31
25.22 33.42
18.44 29.06
11.37 34.7
11.9 37.89
15.88 34.88
11.2 27.41
3.14 31.99
4.88 37.21
15.87 36.46
19.22 37.26
27.88 38.2
15.28 25.7
22.04 26.39
23.39 22.98
19.37 22.66
27.79 22.48
22.3 26.39
22.39 26.76
22.17 23.49
15.71 23.07
25.69 39.28
25.07 33.88
27.01 22.95
26.25 26.47
8.85 32.65
12.97 23.44
22.86 20.81
14.86 35.55
5.06 34.29
26.49 38.69
16.5 39.64
12.28 35.14
28.8 33.31
20.37 23.82
3.58 39.42
16.12 38.05
28.61 29.23
22.38 33.37
21.97 22.96
27.5 21.3
7.16 39.72
14.7 31
8.46 38.14
21.62 35.44
29.65 24.72
14.43 32.58
19.15 25.42
25.82 25.69
14.96 31.04
29.73 25.11
26.59 38.43
23.94 34.77
28.93 25.98
