-4.30793 -9.064
-3.84527 -9.36609
-3.48291 -9.03267
-3.35914 -9.10739
-5.57055 -7.43466
-0.993124 -10.1497
-3.90008 -9.33168
-4.26279 -8.52326
-4.74653 -8.74538
-1.74369 -9.88608
-1.36437 -10.0258
-3.17155 -9.21427
-2.56848 -9.52747
-4.72324 -8.76382
-5.69846 -7.94422
-0.920601 -10.6877
-4.98589 -7.96201
-0.511053 -10.8018
-1.84621 -10.3697
-4.65468 -8.23051
-5.27047 -8.32521
-2.31589 -9.64555
-3.56907 -9.53341
-3.67633 -8.91586
-3.25321 -9.16839
-5.81356 -7.83533
-0.161356 -10.8866
-3.70183 -8.89981
-2.73461 -9.44568
-3.80577 -8.83359
-2.81877 -9.4031
-2.79875 -9.9494
-4.21275 -8.55881
-2.14777 -10.2473
-3.62453 -9.50049
-3.11667 -9.78642
-2.34375 -9.6329
-3.98537 -8.71543
-5.19296 -7.78346
-5.3191 -8.28373
-5.24643 -8.34556
-2.90004 -9.36089
-2.47568 -10.1031
-4.77414 -8.13599
-0.888761 -10.6972
-1.48178 -9.98418
-5.74482 -7.9007
-5.07803 -7.88349
-1.87617 -10.358
-4.25085 -9.10155
-1.01412 -10.6594
-3.40051 -9.63066
-0.129858 -10.8937
-5.90474 -7.74699
-5.05522 -7.90318
-2.48411 -9.56775
-1.10738 -10.6304
-5.23842 -7.74311
-3.51847 -9.0129
-3.05919 -9.81678
-5.62877 -8.00878
-3.88282 -8.78348
-0.741655 -10.2226
-3.90405 -8.76866
-0.480581 -10.8099
-0.857813 -10.7063
-0.441362 -10.3035
-5.39523 -7.60051
-5.50534 -7.49716
-2.1173 -9.73318
-0.700815 -10.7509
-5.03239 -7.92265
-4.97437 -8.56852
-4.03634 -8.68101
-5.54909 -7.45534
-3.62376 -8.94854
-5.4635 -8.15788
-5.43927 -7.55944
-4.60637 -8.26802
-0.668804 -10.7597
-4.50908 -8.34231
-3.03634 -9.28846
-5.00883 -7.94265
-0.416297 -10.8259
-5.46135 -7.53878
-4.2771 -9.08362
-5.02443 -8.52847
-1.39421 -10.0154
-3.00173 -9.85721
-3.27924 -9.15348
-3.85744 -8.80009
-2.7073 -9.45936
-0.220932 -10.8595
-5.59259 -7.41331
-5.7104 -7.92744
-4.82275 -8.68718
-3.0454 -9.28052
-0.950571 -10.161
-2.14549 -9.72103
-3.46555 -9.04467
-5.79093 -7.85696
-1.68562 -9.90847
-1.29402 -10.5697
-5.41712 -7.58019
-4.4617 -8.95465
-3.41244 -9.07617
-2.26771 -10.1959
-5.19743 -8.38669
-5.32006 -8.27199
-4.06308 -9.22683
-1.65682 -9.91942
-4.61811 -8.84132
-0.745924 -10.7318
-0.447596 -10.818
-2.20782 -10.2217
-2.88567 -9.90602
-5.67551 -7.96559
-1.5987 -9.9413
-1.93688 -10.3339
-1.72423 -10.4166
-0.731912 -10.7423
-1.38648 -10.5383
-3.14491 -9.22907
-3.9342 -8.74958
-5.65183 -7.98752
-4.23743 -8.54132
-0.681608 -10.2395
-3.14492 -9.77136
-5.04901 -8.50865
-1.44826 -10.5169
-2.37406 -9.61928
-2.78992 -9.41771
-5.52693 -7.47658
-4.3866 -8.43354
-0.384043 -10.8339
-4.1974 -9.13774
-4.1625 -8.59411
-5.12487 -8.44726
-5.16982 -7.80385
-3.3862 -9.09158
-3.31601 -9.67807
-5.64286 -7.3658
-4.08722 -8.64628
-5.21538 -7.76361
-3.79027 -9.40022
-0.861442 -10.1878
-3.70779 -9.45063
-3.45689 -9.59854
-4.87352 -8.64788
-1.07662 -10.6401
-5.43923 -8.17931
-1.57145 -10.4731
-4.84854 -8.66727
-6.01692 -7.63571
-1.13902 -10.6203
-4.06138 -8.66396
-3.08753 -9.80186
-4.28736 -8.50565
-2.03115 -9.76982
-2.91515 -9.89111
-5.36748 -8.24201
-0.621463 -10.2561
-4.51406 -8.91713
-2.20244 -9.69617
-4.22376 -9.11995
-1.06961 -10.1239
-4.55783 -8.30528
-5.10137 -7.8635
-4.03579 -9.2447
-2.53487 -10.0758
-4.89914 -8.62786
-1.50992 -10.4952
-2.74031 -9.97808
-3.00152 -9.84683
-3.64958 -8.93252
-4.11204 -8.62917
-0.525872 -10.2852
-1.20128 -10.6003
-4.6698 -8.80302
-0.921192 -10.1699
-5.2607 -7.72316
-5.09873 -8.46824
-4.79765 -8.70645
-4.17021 -9.156
-0.605593 -10.7769
-1.16971 -10.6105
-4.4359 -8.39712
-1.94544 -9.80544
-1.41784 -10.5275
-1.66304 -10.4395
-3.83125 -8.81712
-6.06146 -7.5907
-4.6784 -8.21195
-4.33023 -9.04703
-1.6941 -10.4279
-5.88264 -7.76871
-2.65276 -10.0203
-6.10573 -7.54549
-2.05786 -10.2848
-0.289007 -10.857
-1.99744 -10.3095
-0.651988 -10.2477
-2.54015 -9.54109
-3.09071 -9.25891
-0.0974015 -10.9009
-0.794916 -10.7244
-4.48821 -8.93568
-4.41091 -8.41563
-3.88058 -9.3469
-1.78529 -10.3933
-5.5345 -8.09449
-0.711535 -10.231
-0.471121 -10.2959
-4.86901 -8.05909
-1.92033 -9.81622
-2.17825 -10.2344
-1.90699 -10.3458
-4.4601 -8.37909
-2.25924 -9.67101
-3.54068 -9.55004
-0.637674 -10.7682
-3.59658 -9.51719
-3.59712 -8.96497
-0.8016 -10.2054
-2.32745 -10.1697
-4.31015 -8.48878
-1.75048 -10.4049
-1.09887 -10.1146
-2.11813 -10.2597
-3.20214 -9.74056
-5.60495 -8.0306
-2.71018 -9.99224
-1.42314 -10.0051
-1.18793 -10.0856
-2.85702 -9.92041
-1.33537 -10.0358
-1.83012 -9.85208
-2.65175 -9.4869
-5.51164 -8.11525
-4.01051 -8.6985
-2.98179 -9.31773
-1.45922 -9.99324
-2.35683 -10.1567
-3.51307 -9.56612
-3.22548 -9.18402
-5.2216 -8.36646
-5.41561 -8.20006
-0.574413 -10.7852
-1.23193 -10.5903
-3.33281 -9.12267
-2.40017 -9.60698
-3.7539 -8.86683
-4.14374 -9.17367
-5.61393 -7.39253
-2.94368 -9.87657
-5.58176 -8.05175
-2.76269 -9.43153
-3.57121 -8.98085
-4.08987 -9.20932
-2.44652 -10.1164
-0.831096 -10.1968
-5.85928 -7.79127
-4.84501 -8.0787
-1.27642 -10.056
-1.15817 -10.0954
-1.96773 -10.3216
-4.79759 -8.11714
-5.07427 -8.48818
-3.81821 -9.38294
-1.01015 -10.1426
-3.73506 -9.43406
-5.14728 -7.82359
-2.10403 -9.7281
-4.59269 -8.29001
-3.28719 -9.69403
-2.59603 -9.51414
-5.35063 -7.64161
-2.28717 -9.65851
-4.40912 -8.99191
-0.531505 -10.2802
-0.983685 -10.6689
-3.25917 -9.70946
-5.37264 -7.62139
-2.45645 -9.58077
-1.63284 -10.4506
-1.60171 -10.4621
-2.5939 -10.0482
-5.83679 -7.813
-4.69518 -8.78406
-4.64361 -8.82248
-4.33709 -8.46972
-2.95485 -9.33204
-5.29769 -7.69287
-3.17331 -9.75588
-3.44368 -9.61161
-4.92406 -8.60832
-0.225225 -10.872
-1.21735 -10.0759
-5.29515 -8.3042
-0.591795 -10.2641
-0.193735 -10.8792
-5.97211 -7.68051
-0.890886 -10.179
-1.88785 -9.82892
-6.03954 -7.6129
-3.34395 -9.66249
-1.5403 -9.9629
-5.94994 -7.7025
-2.84507 -9.38944
-4.43583 -8.97304
-1.35599 -10.5488
-4.00907 -9.26202
-4.5662 -8.87936
-3.95468 -9.29699
-4.38314 -9.01017
-1.85942 -9.84037
-3.00946 -9.30292
-4.48503 -8.36043
-2.92707 -9.34671
-5.30579 -7.68249
-2.51256 -9.55426
-1.47977 -10.5059
-0.352698 -10.8416
-1.80162 -9.86338
-1.12897 -10.1049
-4.94448 -8.00251
-4.8922 -8.04003
-2.06021 -9.75756
-1.25425 -10.5796
-2.58829 -9.51219
-4.72639 -8.17409
-2.82748 -9.93515
-4.70152 -8.19351
-3.9815 -9.2798
-3.65228 -9.48406
-2.38704 -10.1432
-3.19893 -9.19896
-5.1482 -8.42759
-2.00289 -9.78166
-3.43939 -9.06022
-5.99488 -7.65781
-1.56909 -9.9523
-4.6302 -8.24957
-1.62742 -9.93054
-2.23576 -10.2088
-4.93916 -8.00113
-3.37268 -9.64638
-5.48699 -8.13701
-3.76309 -9.41693
-0.951495 -10.6785
-2.08839 -9.74558
-6.07812 -7.57076
-4.82168 -8.09767
-2.62292 -10.0345
-2.41634 -10.1301
-2.6817 -10.0064
