6.59 -5.42
2.31 -2.04
-5.56 2.07
-7.08 9.13
11.88 -4.89
2.75 0.14
14.35 -10.65
-5.21 -14.37
-8.68 -12.76
10.17 -9.04
6.65 -5.05
-0.57 -3.83
-4.92 3.5
6.66 -3.39
12.54 -13.36
13.27 -14.95
-0.51 -3.21
9.02 -0.12
-7.72 -4.51
-9.28 0.7
14.41 2.41
-7.34 -0.43
10.1 2.08
6.71 7.55
9.2 1.19
2.89 -3.74
1.22 2.54
13.94 0.05
1.93 -14.26
14.34 -12.76
0.27 -12.53
8.03 9.81
14.57 -14.11
9.93 -7.81
9 -3.92
-8.33 -1.1
-8.49 -5.47
-8.18 -6.51
12.83 7.39
13.68 -3.71
-5.29 0.86
14.6 -10.69
-8.78 9.39
12.4 3.32
-3.98 -0.08
11.23 9.59
-8.82 -10.95
-2.64 -1.29
4.31 -0.24
-7.94 1.05
14.11 -13.88
-5.74 8.99
12.06 4.8
-3.54 -10.62
10.58 4.34
0.52 -1.87
9.68 -14.66
13.02 9.59
-4.5 -11.79
-2.14 -10.48
-8.24 7.09
5.05 6.35
11.46 0.07
6.8 7.1
12.25 -1.34
-4.21 1.57
-4.58 -13.18
3.41 -12.6
8.29 7.69
8.84 -7.21
12.34 -8.39
13.81 -0.17
12.35 6.46
-8.49 8.94
-9.54 -13.64
10.17 -14.69
-0.06 6.76
14.88 -14.76
-7.8 3.84
1.33 -13.8
14.01 3.69
-4.85 -8.04
0.96 -3.31
-6.11 -8.24
-2.75 -2.6
9.51 -8.7
6.99 6.78
-7.67 -5.3
10.06 4.54
-5.93 -1.12
-6.91 -4.51
6.31 1.62
2.77 1.22
10.44 -5.99
2.4 -5.08
-9.19 -6.25
-1.41 -8.64
12.13 7.79
8.66 0.49
4.92 3.24
