5.15 5.48
6.39 -1.46
-6.46 -12.29
9.17 -13.59
8.42 3.82
-9.85 5.76
0.96 -7.07
10.64 -3.81
12.89 -5.53
12.69 0.86
1.71 -10.38
-3.49 8.86
-1.63 2.83
8.61 6.27
0.48 -10.43
3.58 9.92
-4.25 -3.49
-2.89 2.26
-4.21 -1
-7.97 -14.04
1.64 -11.33
14.46 -6.5
10.58 -2.03
3.43 -7.19
12.51 0.77
8.17 -12.41
4.92 1.54
12.29 -4.69
-0.13 -7.43
-6.62 4.23
1.96 6.83
1.69 -13
11.98 -7.61
9.22 -2.7
-5.88 -2.37
-8.58 1.13
0.63 -4.29
-9.77 1.3
11.71 6.5
-7.15 5.98
4.78 -9.27
10.86 -11.96
11.03 -6.74
-6.04 -12.87
11.86 3.17
2.21 -13.07
11.51 -0.35
-3.85 -8.37
-9.59 1.09
-7.26 6.65
1.46 -3.6
6.23 5.58
-6.04 -0.78
14.94 -1
1.74 0.2
7.74 -8.19
-7.49 6.51
2.99 -4.56
3.46 2.59
1.88 -12.16
-2.33 -6.43
-1.7 -11.35
-8.76 -8.73
10.77 9.33
-2.52 5.2
1.42 -0.83
4.8 -8.76
8.28 -14.64
2.75 -12.6
-2.13 4.96
2.16 -0.79
-2.78 4.52
3.09 -6.55
0.91 -12.72
-4.91 5.87
-2.95 -11.69
8.53 -13.4
-7.63 -7.82
-5.68 -3.9
0.33 2.26
7.18 6.6
-5.43 5.6
-9.77 5.82
0.43 -11.14
8.35 -7.26
-6.86 -8.59
5.84 4.15
-5.91 -0.07
12.49 7.29
-9.16 9.21
-7.46 1.81
-3.53 -2.85
11.29 -0.61
4.26 3.86
6.03 0.93
0.65 8.34
6.44 1.45
12.97 -5.49
-9.78 -0.38
11.14 7.22
