21.55 36.74
12.89 25.37
17.73 25.96
8.71 24.2
3.19 23.82
13.69 26.38
15.1 25.67
6.75 16.83
4.39 32.38
8.48 24.26
10.9 18.03
19.84 39.63
22.55 27.31
4.71 20.11
21.15 37.18
21.06 20.04
10.77 19.84
11.54 21.3
16.22 30.24
5.58 39.35
15.23 23.49
15.16 24.21
9.71 26.26
19.92 36.96
20.31 37.12
17.23 23.45
7.62 25.49
20.19 32.71
5.28 25.09
4.69 17.88
6.99 32.93
16.06 31.76
10.69 20.3
19.1 25.53
16.02 26.43
18.65 23.47
4.63 39.71
6.32 22.76
6.67 34.37
3.12 18.96
3.62 28.26
3.06 24.29
9.32 27.55
8.02 20.06
10.35 37.36
14.16 25.88
3.72 27.08
4.56 33.75
4.11 28.2
4.83 16.94
27.28 37.69
3.36 17.88
13.75 24.14
3.46 21.96
26.45 33.43
24.24 39.09
10.49 38.65
24.58 28.32
16.77 23.65
17.34 23.69
10.03 21.97
8.07 23.85
10.48 31.43
7.29 21.55
7.81 21.87
6.52 19.92
18.37 39.54
7.1 33.25
27.72 38.38
3.85 27.37
5.39 26.3
11.88 22.55
5.51 17.19
23.4 31.31
5.15 21.01
9.05 22.35
26.32 26.08
18.14 26.43
13.97 21.23
11.66 25.12
3.91 32.17
15.33 31.92
19.01 28.32
12.25 23.42
19.64 23.12
12.11 37.03
12.08 26.44
27.17 37.42
