7.72 4.93
-8.84 8.67
11.14 2.5
-9.39 3.85
1.32 0.41
6.48 3.02
3.54 0.99
-3.07 6.54
-3.53 7.03
-7.23 -1.61
3.67 1.34
13.35 -4.49
-2.8 -12.02
0.6 8.41
-9.35 8.93
9.17 -5.72
8.44 -4.36
7.02 -2.48
1.34 -2.33
9.04 8.3
7.56 -11.82
12.23 -12.54
-2.6 5.36
-2.79 -5.42
-2.96 -4.37
8.34 4.34
7.22 -9.91
9.04 3.11
2.61 2.3
-5.38 8.17
-7.29 3.89
0.12 0.68
13.2 -8.85
5.01 -13.96
6.18 -3.75
-7.91 7.67
2.92 -2.5
-1.97 8.27
-5.6 -11.54
1.33 -4.23
-8.6 -0.44
7.39 -5.38
9.77 -5.3
14.06 -4.09
9.23 -4.88
-8.53 8.5
-3.72 1.58
-8.45 -3.29
-9.77 -3.64
2.39 -11.76
7.54 9.54
12.82 -4.11
1.87 0.01
0.54 -1.82
14.03 -0.37
-1.52 2.99
14.08 -5.49
-2.52 -13.52
13.73 -3.87
-9.35 8.41
3.6 -2.26
-3.83 1.21
-9.09 -12.45
8.68 1.97
-6.98 5.06
13.97 -5.68
14.07 1.58
5.69 -12.72
-1.29 -10.68
-6.82 0.03
-9.08 -8.98
-8.1 9.87
9.84 3.1
0.66 -6.93
-1.75 -8.5
9.73 4.39
-9.51 -11.6
5.94 -1.06
-9.75 5.48
-5.63 -4.26
7.6 -11.63
-3.29 1.03
-2.23 -0.13
3.08 8.51
0.68 3.3
-5.75 -1.06
-7.28 -4.84
5.12 -13.3
11.35 -13.08
6.11 -10.58
-5.74 8.38
0.9 -9.62
4.61 -10.4
7.44 -9.47
1.65 9.86
8.16 -2.67
7.94 6.34
-5.62 0.99
12.75 7.03
-3.91 -6.72
