24.45 10.17
25.72 12.92
13.27 24.17
25.77 16.21
15.63 20.88
6.86 15.11
17.6 27.63
17.88 10.27
27.3 37.29
14.67 31.03
27.04 34.67
8.95 19.66
10.17 36.93
6.93 29.46
12.41 17.73
21.53 21.79
15.76 22.81
3.57 13.17
19.88 38.45
20.25 20.1
26.18 6.76
10.6 33.16
13.8 11.76
25.62 34.69
21.26 11.55
17.68 27.3
3.03 26.26
17.25 27.29
20.92 12.11
7.7 26.24
23.71 36.93
11.34 26.89
20.51 32.72
28.83 13.85
10.3 20.37
18.45 6.76
28.36 18.86
12.62 39.82
17.41 11.27
6.43 12.02
28.48 27.95
4.41 10.84
18.78 15.26
18.33 5.03
11.77 11.78
6.29 11.19
18.65 18.06
15.78 12.87
20.5 7.26
13.63 26.47
7.75 29.31
12.85 13.25
18.66 15.35
24.42 25.93
25.66 31.31
10.06 14.77
6.73 8.38
3.63 16.41
6.62 36.45
11.89 21.17
26.97 4.64
18.14 15.54
7.25 36.55
20.33 17.01
6.17 38.66
21.97 12.31
7.11 33.11
3.69 28.17
27.02 23.71
20.12 36.65
6.62 9.69
22.9 7.54
3.59 6.4
15.11 33.93
27.64 8.64
9.28 4.45
15.53 40
15.71 7.43
4.5 32.3
3.37 21.91
15.57 8.08
13.96 10.8
8.35 12.34
15.61 4.3
12.49 24.78
14.06 16.99
21.1 8.06
26.57 19.1
13.93 19.82
9.68 19.39
28.88 10.81
9.8 4.76
4.13 6.02
15.98 13.22
20.75 7.2
23.92 15.21
17.21 6.93
12.99 11.19
11.5 20.05
8.68 23.94
