-8.105 4.1296
-8.81312 1.98851
-6.19594 6.14576
-4.44257 2.67304
-5.70767 0.621877
-8.79819 -1.87946
-3.24474 7.61674
-1.92781 4.17846
-2.47232 1.083
-2.55171 -1.45514
-0.0507101 2.19954
-7.88625 -4.97113
-4.00585 -3.85491
-0.358386 7.45014
0.507957 3.8836
-1.00802 -2.74771
2.22355 6.54642
-5.56853 -7.99086
3.43336 1.07499
-0.454554 -5.83706
3.29378 -1.95525
0.8245 -6.36163
5.60338 4.42096
-2.58441 -9.67235
6.71856 2.88559
7.14221 0.704799
5.28513 -4.99523
6.77803 -2.25826
0.256304 -10.8987
10.2036 -1.11636
4.80786 -10.4715
6.98148 -9.74466
12.72 7.18
9.82978 -7.51944
11.1085 -5.75976
14.3994 4.14911
14.38 4.81
14.55 5.72
12.3283 -13.793
11.7999 -14.5999
