-3.49447 4.24013
-5.2828 -2.48448
-3.83534 2.86914
-5.30471 -0.0100043
-2.97488 0.436726
-4.701 1.34696
-3.29041 4.35697
-5.45796 -2.02043
-2.71527 1.21869
-2.90639 0.743766
-4.16904 2.44385
-3.56669 3.13956
-2.94359 0.596034
-3.48156 3.21503
-4.8617 0.621205
-4.53169 -1.98343
-2.89867 0.767382
-3.09109 3.51047
-3.43348 3.25575
-4.83542 -0.89498
-5.37178 -2.26171
-3.96055 2.72322
-4.90788 -0.0161156
-5.65294 -1.30804
-5.35864 -2.29612
-4.61334 1.59058
-4.61806 1.57817
-3.30316 4.35007
-3.68612 3.02581
-4.64194 -1.6766
-4.87764 0.495527
-3.21238 4.39808
-4.08675 2.56026
-2.9612 0.512574
-2.99103 0.326036
-3.27727 4.36403
-5.55416 -1.70832
-4.82239 -0.968723
-4.71319 -1.44121
-4.62753 1.5529
-4.25436 2.31313
-4.90028 0.226941
-4.44117 1.98103
-3.45638 4.26301
-3.36512 3.31139
-4.87438 0.523598
-4.22636 2.35725
-4.89151 0.333628
-4.62739 -1.72047
-4.02445 2.64293
-4.90782 -0.0456734
-5.49233 -1.91637
-3.43856 3.25395
-4.59184 -1.82294
-4.59869 1.6283
-3.20467 3.43237
-3.40441 3.27973
-2.91926 0.694527
-5.3386 -2.34743
-4.71388 1.29596
-5.33173 -2.36484
-2.70761 1.23317
-4.67255 1.42538
-3.70412 3.0078
-4.6854 1.38676
-2.74868 1.15306
-5.66027 -1.27314
-2.99313 0.308815
-4.84472 0.732124
-3.283 3.37614
-4.79914 -1.08706
-3.44388 4.2704
-4.54778 1.75219
-2.99514 0.291563
-4.87996 -0.570738
-2.8864 0.807386
-5.68423 -1.15126
-2.90343 0.751248
-4.88715 -0.497424
-4.47044 1.92169
-4.66537 -1.60323
-4.58381 1.66573
-3.25536 3.39555
-3.47211 3.22314
-4.62236 -1.73537
-4.74087 -1.33799
-4.75128 1.16468
-4.13951 2.48664
-4.8751 -0.614799
-4.90267 0.098974
-2.65099 1.33217
-4.89542 -0.394919
-3.95333 2.7311
-4.81718 0.882874
-3.77481 2.93478
-5.62575 -1.42993
-4.82256 0.855535
-4.876 0.509775
-3.61899 4.16176
-2.82823 0.972087
-4.89643 -0.380108
-4.75932 -1.26426
-2.86276 0.878706
-4.88973 -0.468048
-4.52018 -2.01256
-4.21217 2.37914
-4.41706 2.02819
-2.86729 0.802027
-5.51337 -1.84746
-4.83293 -0.909552
-4.73676 1.21706
-4.65146 -1.64718
-4.68339 -1.54429
-3.31565 3.3501
-4.09429 2.54995
-5.67763 -1.18615
-5.60849 -1.4828
-2.67588 1.29003
-5.2239 -2.62037
-5.38473 -2.22726
-3.07015 3.52424
-2.86578 0.871201
-5.41611 -2.14125
-4.44703 1.96935
-4.81685 -0.998316
-4.72133 -1.41167
-4.63686 1.52754
-2.79672 1.04859
-4.81115 -1.02791
-4.84921 0.704484
-4.63145 1.54635
-2.80648 1.02568
-4.82774 -0.939135
-4.84509 -0.835844
-5.70569 -1.02943
-2.71149 1.22581
-3.80964 2.89738
-7.30424 -5.29359
-2.67082 1.29622
-4.76853 1.09836
-2.82212 0.9875
-5.4808 -1.95111
-5.44623 -2.05506
-4.76295 -1.24925
-4.45881 1.94557
-3.67728 3.03433
-3.41845 4.28529
-4.5634 1.71538
-4.26816 2.29091
-4.19075 2.41163
-2.68794 1.26884
-4.79416 0.990938
-5.57353 -1.63863
-5.66738 -1.23824
-4.74048 1.20418
-4.9078 -0.0314168
-3.66801 3.04368
-3.54792 3.15659
-4.81447 0.896251
-2.99211 0.317302
-4.42919 2.00466
-2.85161 0.910121
-4.20513 2.3899
-2.99417 0.300067
-4.74436 -1.3237
-5.64541 -1.34295
-5.67082 -1.22105
-4.90391 -0.247493
-2.87083 0.855124
-4.88364 0.439809
-4.79307 -1.11628
-2.94731 0.579425
-4.42306 2.01658
-4.77335 -1.20508
-2.87612 0.839262
-4.01669 2.65287
-5.54427 -1.74313
-3.64078 3.07013
-4.49664 -2.07071
-4.58128 -1.85222
-4.88504 0.425325
-4.79616 -1.1017
-2.71914 1.21134
-5.27571 -2.50132
-3.51971 3.18176
-5.43312 -2.039
-4.4048 2.05163
-3.74854 2.96237
-4.67827 -1.56017
-7.27324 -5.3431
-4.90746 -0.103639
-4.6978 1.34807
-4.86361 0.607478
-5.39828 -2.19275
-3.32897 4.33595
-3.65583 4.13751
-4.85186 -0.791732
-4.90247 0.184255
-5.07106 -2.94089
-5.46948 -1.98578
-4.76642 -1.23467
-2.8324 0.934752
-7.28443 -5.32353
-3.58537 3.1224
-4.54303 -1.95428
-5.04538 -2.99084
-5.16173 -2.75601
-3.55745 3.14796
-3.27555 3.38053
-4.78985 -1.1313
-4.04024 2.62236
-4.71775 1.28307
-7.3956 -5.14421
-3.76617 2.94392
-2.75585 1.13828
-2.84303 0.93343
-2.97201 0.453676
-4.7801 -1.17548
-3.75722 2.95332
-5.69371 -1.09918
-5.04246 -3.0079
-4.79105 1.00362
-4.67 -1.58829
-5.6998 -1.0643
-4.15434 2.4653
-2.90808 0.735066
-3.89448 2.80203
-4.21939 2.36805
-5.20871 -2.65436
-4.88898 0.383133
-2.77329 1.10119
-5.56853 -1.65633
-5.32498 -2.38175
-5.14567 -2.78979
-5.21626 -2.63762
-2.83716 0.948979
-4.3924 2.07496
-2.65939 1.31819
-5.01637 0.0445415
-2.77677 1.09359
-4.65506 1.47658
-4.38624 2.08641
-2.68398 1.27585
-5.4343 -2.08966
-4.74775 1.17774
-4.54855 -1.9399
-5.01928 -3.04065
-7.34998 -5.21946
-5.58708 -1.58663
-3.79228 2.91614
-3.1862 4.41144
-2.91034 0.727077
-3.08079 3.51727
-2.92982 0.653701
-2.96597 0.487461
-4.64603 1.5021
-2.88131 0.823349
-4.86031 -0.732666
-3.63148 3.07905
-4.80231 -1.0721
-4.84034 -0.865408
-4.6505 1.48954
-4.90731 0.0263682
-3.92776 2.76284
-5.42835 -2.1067
-4.6769 1.41258
-4.12456 2.50786
-2.9628 0.504295
-5.52912 -1.79506
-2.58944 1.42794
-3.38034 4.30719
-5.52388 -1.8127
-3.71295 2.99889
-4.66825 1.43832
-5.51873 -1.82983
-4.7652 1.11149
-5.6048 -1.51689
-2.95093 0.562774
-4.90098 -0.144284
-3.1636 3.4613
-4.83794 -0.879977
-2.94172 0.6042
-4.82865 -0.945162
-4.67446 -1.57377
-3.0598 3.53097
-3.29564 3.36538
-4.90483 0.126909
-5.00153 -3.07394
-4.89438 -0.409362
-4.82522 0.841664
-2.7378 1.175
-3.72429 2.99813
-4.87095 0.551614
-3.5942 4.17781
-5.52976 -1.7614
-5.23142 -2.60361
-7.25786 -5.36746
-3.62241 3.08768
-4.85407 -0.776745
-2.86819 0.86292
-3.84402 2.85948
-4.41902 2.00697
-5.10476 -2.87377
-5.0103 -3.05754
-2.73039 1.18963
-4.90416 -0.234332
-4.46422 1.93535
-4.75832 1.13812
-4.50849 -2.04165
-4.81284 0.959446
-5.50812 -1.86458
-4.32855 2.18973
-2.91264 0.718838
-7.33495 -5.24396
-4.89771 0.269528
-4.05586 2.60178
-4.85561 0.663202
-2.98532 0.368804
-4.60365 1.61572
-3.2513 4.37782
-3.38481 3.29563
-2.81592 1.00286
-3.532 4.2171
-7.41022 -5.11973
-4.83283 0.800754
-3.91119 2.78247
-5.26114 -2.53546
-5.12132 -2.84012
-5.42217 -2.12423
-4.17623 2.43324
-3.97677 2.70323
-4.85354 0.676784
-2.97052 0.462262
-3.34534 3.32702
-4.49884 1.86174
-4.36698 2.12209
-4.61743 -1.74984
-3.50068 3.19846
-2.80962 1.01816
-2.99637 3.57121
-2.9319 0.645358
-2.87353 0.847083
-4.86736 0.579574
-4.78667 -1.14588
-2.65526 1.32509
-4.27491 2.27992
-5.06263 -2.95739
-4.04818 2.61194
-2.74141 1.16778
-5.6638 -1.25595
-5.0964 -2.89031
-4.1616 2.45475
-4.90703 -0.132673
-5.39103 -2.21028
-2.85447 0.902172
-4.10201 2.53932
-4.90374 0.155603
-2.7322 1.18061
-3.695 3.01695
-7.38025 -5.16965
-4.90575 0.0981726
-3.82688 2.87849
-4.72548 1.25685
-4.31364 2.20708
-2.97008 0.480719
-3.14699 4.43107
-4.81406 -1.0129
-5.4863 -1.93402
-5.29161 -2.46715
-3.22507 3.4177
-4.52098 1.81321
-4.70487 -1.47074
-5.02794 -3.02422
-2.89382 0.783467
-4.5373 -1.96907
-3.37494 3.3035
-4.82777 0.828177
-4.23351 2.3461
-4.85969 0.635326
-4.80018 0.963913
-3.7308 2.98069
-4.90773 -0.0746391
-3.04916 3.53783
-2.8963 0.775313
-3.46922 4.25535
-4.74409 1.19116
-4.0325 2.63246
-3.49128 3.20664
-4.87169 -0.644165
-2.76645 1.11619
-5.17759 -2.72217
-3.39294 4.3
-4.89675 0.283979
-5.49732 -1.89931
-2.92357 0.678182
-4.37986 2.09819
-2.76989 1.10855
-7.36537 -5.19421
-5.31112 -2.41603
-4.80827 -1.0425
-4.89578 0.298001
-4.84245 0.74572
-2.94109 0.613474
-4.43511 1.99303
-3.13274 3.48252
-2.85723 0.89444
-3.96856 2.71338
-4.77849 1.058
-4.63721 -1.69102
-4.26105 2.30259
-4.73709 -1.35256
-3.64979 3.06143
-5.29706 -2.45028
-5.31169 -2.31506
-4.48755 1.88586
-4.90779 -0.0603643
-4.90296 -0.263507
-3.32547 3.34251
-4.76119 1.14843
-4.90606 -0.176073
-4.73437 -1.39329
-5.57791 -1.62149
-4.73316 -1.36756
-5.60039 -1.53459
-2.70374 1.24022
-4.9065 0.069396
-3.24538 3.4029
-5.71948 -0.942555
-4.7293 -1.38212
-2.98768 0.351672
-4.8992 -0.336353
-4.86878 0.562059
-2.84588 0.925743
-5.37819 -2.24474
-4.24042 2.33525
-3.81875 2.88697
-3.26448 4.37084
-4.70913 -1.45573
-5.6175 -1.46482
-2.78686 1.07116
-3.50688 4.23257
-4.83772 0.773268
-4.8577 0.649024
-4.75576 -1.27884
-4.89214 -0.438693
-3.94421 2.74309
-2.98994 0.334504
-4.83516 0.785279
-3.15344 3.46834
-4.87266 0.537814
-4.47612 1.90989
-4.50998 1.83752
-4.55427 -1.92498
-4.88582 -0.511902
-4.31534 2.21243
-3.90299 2.79209
-3.86939 2.83086
-2.9816 0.394312
-2.8914 0.791374
-2.63826 1.35292
-2.66769 1.30414
-4.14676 2.47634
-5.15384 -2.77266
-2.82514 0.979913
-2.7864 1.06029
-4.68953 1.37401
-4.28852 2.25753
-4.07137 2.58108
-4.4539 -2.17192
-4.90158 -0.292711
-4.59699 -1.8085
-4.37364 2.10959
-5.64174 -1.36012
-4.86396 -0.713242
-3.41403 3.27185
-4.53714 1.77674
-4.87918 0.481678
-2.95609 0.537804
-5.7141 -0.9774
-5.68741 -1.13407
-5.59605 -1.55177
-4.70986 1.30922
-4.8844 -0.526821
-4.78799 1.01789
-2.95788 0.529348
-2.69589 1.25456
-4.6811 1.39987
-3.63586 4.16637
-4.51543 1.82548
-4.80886 0.923446
-3.85242 2.85006
-4.65945 1.46397
-5.17276 -2.73902
-4.6007 -1.79617
-2.64681 1.33904
-5.55895 -1.69116
-4.66082 -1.61774
-2.98285 0.385901
-3.11196 3.49657
-5.71685 -0.959721
-2.98411 0.377232
-5.34528 -2.3305
-2.97626 0.428361
-4.56863 1.70282
-3.33557 3.33467
-2.97344 0.44533
-5.47509 -1.9687
-3.64369 4.14554
-3.45284 3.23951
-3.12086 3.49117
-5.63379 -1.39504
-2.81915 0.995443
-5.56384 -1.67349
-4.90564 -0.190839
-5.60905 -1.49971
-4.87677 -0.600182
-4.90681 0.0552037
-2.96904 0.470588
-4.90764 -0.00250561
-5.20089 -2.67158
-2.98589 3.5777
-5.13768 -2.80642
-4.55247 1.74308
-4.57368 1.6906
-4.32187 2.20124
-4.88638 0.411412
-5.69689 -1.08147
-4.86988 -0.659122
-3.58195 4.18566
-4.90084 -0.307109
-2.99388 0.34598
-4.81969 -0.983294
-3.43311 4.28463
-4.86807 -0.673651
-4.86428 -0.703151
-5.59152 -1.56946
-4.33501 2.1785
-4.78166 1.04478
-2.95952 0.521089
-4.88921 -0.480198
-4.69214 -1.5148
-4.51126 -2.03167
-2.6296 1.36673
-5.07968 -2.92389
-4.70071 -1.48529
-4.55963 -1.9107
-5.53418 -1.77792
-3.91961 2.77252
-3.98472 2.69333
-4.8986 0.255483
-3.52923 3.17321
-3.61305 3.09655
-5.63768 -1.37785
-4.9011 0.21319
-4.00076 2.67316
-5.69063 -1.11637
-2.80322 1.0334
-2.8488 0.917828
-3.3547 4.32165
-3.17328 4.41796
-3.01759 3.55794
-4.79715 0.977631
-4.302 2.23503
-3.55702 4.20146
-4.87341 -0.629644
-2.67989 1.28305
-2.88886 0.799492
-2.95445 0.546082
-3.15995 4.42463
-4.53184 1.7888
-5.6718 -1.20386
-3.60394 3.1051
-2.74511 1.16032
-4.28183 2.26857
-4.52635 1.80119
-4.77517 1.07159
-3.54423 4.20911
-5.31797 -2.39915
-2.58491 1.43456
-4.73306 1.23056
-5.19325 -2.68829
-4.78447 -1.17351
-4.08077 2.56646
-4.90179 0.198355
-2.8312 0.964473
-3.53863 3.16493
-4.8974 -0.365624
-2.91485 0.710825
-4.88772 0.397072
-4.46635 -2.14299
-5.24638 -2.56956
-3.36734 4.31455
-4.57054 -1.88147
-2.94549 0.587613
-3.56931 4.1937
-4.7484 -1.30842
-4.70591 1.32205
-3.21479 3.42509
-4.81993 0.86899
-4.60844 1.60335
-2.93786 0.620744
-4.46038 -2.15704
-2.92563 0.670092
-4.9023 -0.27789
-5.44036 -2.07211
-4.2009 2.39234
-4.49074 -2.08501
-2.76292 1.12345
-4.63223 -1.706
-4.58651 -1.83779
-4.8583 -0.747207
-3.22617 4.39493
-3.18418 3.44691
-3.39448 3.28781
-4.88298 -0.541311
-4.55828 1.72755
-4.9052 -0.205187
-5.62974 -1.41274
-2.80003 1.04089
-4.48462 -2.09973
-2.79349 1.05605
-4.11715 2.51827
-4.88219 0.453528
-2.61649 1.38722
-4.8427 -0.850605
-4.80308 0.950573
-7.43991 -5.06969
-4.69638 -1.50026
-2.97898 0.411355
-4.90642 -0.16174
-4.60729 -1.77918
-3.58636 3.12652
-4.84967 -0.806289
-4.90674 -0.147018
-5.08801 -2.90736
-2.61199 1.39415
-3.03874 3.54453
-4.90314 0.169724
-3.46234 3.23147
-4.89473 0.312421
-4.6414 1.51503
-5.40368 -2.17578
-4.90614 0.0839854
-4.85617 -0.762193
-4.47863 -2.11402
-4.76996 -1.21964
-4.50267 -2.05597
-4.77192 1.08478
-2.64251 1.34611
-4.89327 -0.424239
-2.62085 1.38048
-4.72169 1.26978
-4.90709 0.0405796
-5.72465 -0.907722
-2.72288 1.20419
-4.5938 1.64077
-2.60758 1.40086
-3.30551 3.35787
-4.10948 2.52897
-4.48194 1.89771
-2.78012 1.0862
-4.89368 0.326427
-3.14295 3.47555
-4.84007 0.759701
-3.23847 4.38455
-5.26834 -2.51865
-2.75233 1.14557
-2.60256 1.40724
-4.89141 0.354805
-3.34161 4.32877
-3.23509 3.41043
-3.88624 2.81154
-2.92778 0.661793
-5.71137 -0.994572
-4.3609 2.13266
-2.59856 1.41444
-2.93389 0.637245
-3.48167 4.24787
-4.34802 2.15563
-7.24195 -5.39249
-4.34163 2.16691
-3.78369 2.92534
-5.72084 -0.925206
-2.98016 0.402894
