-9.25 2.95
13.75 5.23
-4.68 -11.71
12.28 4.11
0.7 -8.08
-4.06 7.02
14.95 -4.95
2.6 2.79
-7.61 6.71
-8.51 -4.67
10.73 -0.87
-1 -7.48
13.65 -6.72
-9.45 -12.2
-5.91 9.85
-9.14 3.28
0.9 -6.22
5.39 -4.16
12.85 -0.81
13.32 3.05
14.7 5.87
8.4 -2.72
-8.64 0.88
-1.62 9.74
-9.98 -5.37
-8.14 -7.21
13.94 3.91
12.09 -3.42
-7.98 -8.07
-6.81 7.72
-5.69 -13.8
-3.49 5.59
4.5 4.5
-1.73 5.45
-6.4 9.7
-8.56 -12.39
8.7 5.92
12 -6.51
5.61 -5.1
11.02 3
-4.38 -11.76
13.19 -11.62
-7.55 4.98
-5.29 -11.71
-3.61 -3.4
-1.03 0.15
7.13 0.46
10.38 -11.22
14.88 7.42
12.7 -3.01
-2.31 -14.33
0.69 -3.66
1.62 -13.13
-1.1 -9.64
-7.94 5.95
2.02 -14.58
12.95 -5.24
-1.29 1.25
11.78 7.34
-2.31 -10.98
10.67 -1.83
-5.15 -0.48
5.8 1.44
12.64 -8.4
-7.7 -13.35
-4.78 -12.19
-6.63 4.28
-3.25 3.04
9.32 -11.64
-9.86 9.37
-1.45 8.15
-7.48 -12.97
0.78 0.21
3.59 8.56
-1.74 -0.33
-5.04 -2.67
7.7 -14.96
13.62 -13.32
2.02 -8.75
-6.87 -6.58
5.63 -6.51
-3.79 -13.68
12.35 -11.97
11.06 -10.91
14.3 -13.17
7.95 -3.9
-4.67 9.3
-3.58 3.48
4.1 -1.18
-4.2 2.64
3.28 1.65
12.09 -0.31
4.61 -0.63
11.62 -5.77
10.29 8.36
12.08 6.16
6.36 -3.63
-7.72 -0.01
8.75 -1.57
-0.98 -3.94
