-3.49735 -5.00279
-1.78526 -5.10437
-4.82168 -8.09767
-0.466584 -6.69644
-2.89967 -5.49682
-0.86054 -3.27123
-0.387989 -6.71813
-1.74061 -5.12935
-4.33023 -9.04703
-1.93311 -5.01825
0.162673 -5.81375
-3.27333 -3.94509
-2.40142 -4.70841
-1.2659 -2.44315
-1.30997 -6.4024
-0.427319 -6.7074
-3.17155 -9.21427
-2.57186 -5.72732
-0.888924 -3.25749
-3.2763 -5.20041
-4.00906 -4.48547
-2.05786 -10.2848
-0.210539 -6.76367
-2.12663 -6.00134
-3.83596 -4.67191
-3.05919 -9.81678
-0.47509 -5.66084
-3.98537 -8.71543
-1.52272 -2.86934
-0.151321 -6.77781
-0.0933286 -6.79436
-1.02815 -5.46822
-4.33709 -8.46972
-3.40051 -9.63066
-1.464 -2.91258
-1.12193 -6.47797
-1.85942 -9.84037
-0.348597 -6.72865
-3.65228 -9.48406
-2.8125 -4.38322
-1.27244 -6.41796
0.469141 -6.89491
-2.56848 -9.52747
-0.107846 -5.75764
-2.24857 -5.93048
-0.753797 -5.57102
-2.70481 -5.63696
-0.705059 -5.58777
-4.6784 -8.21195
0.489052 -6.89774
-1.60523 -2.80569
-3.48293 -5.01598
-3.27924 -9.15348
-3.36417 -3.84758
-1.87848 -6.13636
-1.42155 -2.94282
-2.43731 -5.81465
-3.28719 -9.69403
-0.738968 -6.6139
-2.6386 -5.68247
-5.16982 -7.80385
-3.70779 -9.45063
-0.175163 -5.7417
-1.15982 -6.46321
-0.964372 -3.21957
-1.36988 -2.97849
-0.915946 -5.51203
-4.40912 -8.99191
-4.38314 -9.01017
-1.2589 -2.44831
-0.996118 -5.48098
-1.29413 -2.42204
-0.191007 -6.76839
-2.93174 -5.47285
-1.73298 -2.6999
-2.71018 -9.99224
0.711548 -6.92549
-2.00602 -4.97384
-1.51449 -2.8755
-2.57747 -4.57581
-1.29657 -5.35321
-0.873827 -6.56873
-1.57442 -5.21825
-3.09742 -4.12281
-0.0717855 -6.79598
-2.33249 -4.7578
-2.16402 -4.87285
-0.00755506 -5.78005
-1.41158 -2.94752
-2.69627 -4.4808
-2.38704 -10.1432
-1.58054 -2.82508
-2.78656 -5.5793
-2.5639 -4.58638
-0.907872 -3.24817
-2.5939 -10.0482
-1.70923 -2.72024
-0.292254 -5.71205
-2.67004 -4.50218
0.225071 -6.86169
-1.90383 -5.03575
-2.98179 -9.31773
-2.19666 -5.96105
-1.37866 -2.97252
-4.22376 -9.11995
-0.973613 -3.21481
-3.59658 -9.51719
-3.02466 -4.19236
-2.00289 -9.78166
-2.72103 -5.62564
-1.8004 -5.0958
-0.869922 -3.26672
-1.17847 -6.45587
-0.242288 -5.725
-3.14492 -9.77136
-0.96949 -6.53492
-3.6837 -4.8259
-2.52378 -4.61726
-0.491407 -5.65598
-2.23471 -4.82554
-1.13154 -5.43494
-2.91342 -4.29457
-2.35161 -5.86739
-3.13637 -5.31331
-1.21825 -5.38828
-1.28113 -5.36022
-1.32912 -6.39461
-3.44159 -3.76111
-3.61661 -4.85488
-4.31015 -8.48878
-2.88567 -9.90602
-4.6302 -8.24957
-4.04829 -4.44137
-1.30104 -2.41679
-4.06308 -9.22683
-2.53487 -10.0758
-3.43939 -9.06022
-1.11225 -3.13922
0.812793 -6.93576
-1.24973 -5.37434
-4.84501 -8.0787
-1.55594 -2.84412
-1.75235 -6.20045
-5.39523 -7.60051
-2.51114 -4.62707
-1.54696 -2.84978
-3.62702 -4.881
-1.25391 -6.42555
-1.70144 -2.72685
0.650996 -6.91864
0.332794 -5.84257
-0.225279 -5.7293
-4.70152 -8.19351
-5.07803 -7.88349
-3.40778 -3.79892
-4.69518 -8.78406
-2.1069 -4.91012
-3.18056 -4.04057
-5.14728 -7.82359
0.287977 -6.86653
-0.816306 -6.58835
-3.25917 -9.70946
-2.73461 -9.44568
-1.59692 -2.81223
0.0276353 -6.81738
-3.0852 -4.13465
-2.83511 -5.54429
0.752147 -6.92978
-1.27106 -3.03911
-4.94448 -8.00251
-1.64298 -6.25363
-1.75815 -2.69223
-0.912264 -6.55532
-1.44702 -2.92477
-0.0122876 -6.80896
-1.47747 -6.33001
-1.28004 -2.43263
-1.91833 -5.02713
-3.95468 -9.29699
-0.936052 -3.23406
-1.31784 -3.01322
-5.2607 -7.72316
0.328235 -6.87325
-2.06649 -4.93662
-1.91438 -6.11763
-3.3752 -3.83546
-1.92033 -9.81622
-2.46961 -4.65818
-1.20187 -5.39527
-2.90004 -9.36089
-1.46727 -5.27227
-1.32647 -3.00754
-0.170881 -6.7732
-1.03865 -3.18025
-1.02952 -3.1852
-2.988 -4.22659
-1.68043 -5.16227
-2.45406 -5.804
-2.95485 -9.33204
-2.79951 -4.39437
-3.29626 -3.92087
-3.7539 -8.86683
-1.40314 -6.36273
-1.71724 -2.71341
0.128655 -5.80739
-2.29217 -4.78641
-4.06138 -8.66396
0.589909 -6.91121
-1.93197 -6.10827
0.107627 -6.83354
-4.4359 -8.39712
-4.43583 -8.97304
-5.10137 -7.8635
-3.39748 -3.81078
-2.7227 -4.45912
-2.10403 -9.7281
-1.68555 -2.74022
-1.60632 -6.27097
-3.2285 -5.23788
-2.40017 -9.60698
-5.50534 -7.49716
-3.79027 -9.40022
0.610464 -6.91377
-3.01105 -5.41239
-0.65617 -5.60412
0.145434 -5.81055
-3.37746 -3.85048
-0.96401 -5.49356
-4.11204 -8.62917
-3.84938 -4.65792
-1.22052 -3.07503
-3.90342 -4.60078
-3.28942 -5.18656
-2.73771 -5.61396
-2.81912 -5.55589
-1.38477 -6.37067
-1.5514 -6.2965
-4.4601 -8.37909
-2.05615 -6.04092
0.298602 -5.83718
-4.03514 -4.45624
-2.64369 -4.52342
-1.16654 -3.10762
-4.72324 -8.76382
0.670975 -6.92096
0.348084 -6.87647
-3.75342 -4.7565
-0.590451 -5.62541
-1.80642 -6.17334
-2.17809 -4.86355
-1.71057 -5.14589
-4.74653 -8.74538
-1.69551 -5.15404
-3.61293 -4.89447
-2.44652 -10.1164
-5.64286 -7.3658
-2.38782 -4.71826
-1.15505 -5.41567
-3.33281 -9.12267
-3.51847 -9.0129
-2.30464 -4.77737
-3.00014 -4.21532
-1.62742 -9.93054
-0.146924 -5.74589
-4.77414 -8.13599
-1.44035 -6.34647
-3.37268 -9.64638
-2.97934 -5.43676
-2.02033 -4.96496
-4.65468 -8.23051
-2.36903 -5.85744
0.010148 -5.78368
-1.0201 -3.19026
-2.17825 -10.2344
0.408375 -6.88564
-4.25085 -9.10155
-1.66554 -5.17028
-0.777675 -6.60123
-1.31246 -5.34593
-1.47262 -2.90639
-0.541382 -5.64081
-0.561533 -6.62581
-2.4834 -4.64785
-3.58429 -4.92177
-0.685771 -5.59356
-4.20023 -4.26368
-4.02231 -4.47066
-2.55534 -5.73826
-3.03335 -4.18297
-2.77674 -5.59573
-3.12068 -5.32606
-3.22548 -9.18402
-0.408725 -6.71418
-0.505783 -6.68527
-2.55069 -4.5966
-1.07582 -5.44886
-4.5662 -8.87936
-0.851297 -5.53615
-1.17571 -3.10217
-3.45237 -3.74882
-3.34972 -5.13466
-3.31601 -9.67807
-3.52649 -4.97592
-0.544897 -6.67385
-1.57244 -2.83139
-4.51406 -8.91713
-2.62292 -10.0345
0.307806 -6.86987
-1.52876 -5.24158
-1.39592 -2.96066
-2.7073 -9.45936
-2.99545 -5.42442
-0.818866 -5.54795
-0.883658 -5.52418
-4.00907 -9.26202
-1.88785 -9.82892
-5.43927 -7.55944
-3.30788 -3.90851
0.388399 -6.88285
0.772158 -6.93181
-1.07557 -3.15993
-2.42004 -5.82557
-1.78684 -6.18036
-2.59062 -4.56552
-3.35914 -9.10739
-0.700187 -6.62636
-1.89616 -6.12714
0.16745 -6.84501
-3.80862 -4.70024
-0.841456 -3.28031
-1.15762 -3.1129
-1.00773 -6.52099
-2.78686 -4.40516
-1.74369 -9.88608
-2.16169 -5.98127
-2.88367 -5.50846
-1.21601 -2.47934
-2.77379 -4.41624
-4.11234 -4.36786
-3.48291 -9.03267
-3.72557 -4.78444
-2.00325 -6.06998
-0.375434 -5.6895
-2.85055 -4.35024
-3.07405 -5.36319
-3.73506 -9.43406
-2.48795 -5.78226
-3.25321 -9.16839
0.21352 -5.82289
-2.21381 -5.95099
-2.41634 -10.1301
-1.19446 -2.49454
-2.86746 -5.52064
-3.69756 -4.81225
-0.35902 -5.69405
-3.3796 -5.10846
-1.34742 -6.38663
-2.74031 -9.97808
-1.63526 -5.18643
-2.93842 -4.27203
-1.27293 -2.43789
-3.24401 -5.22492
-5.41712 -7.58019
-5.46135 -7.53878
-1.39013 -5.30962
-0.508194 -5.65092
-1.77055 -5.11265
0.263425 -5.83165
-4.08987 -9.20932
-2.40323 -5.83613
-2.85154 -5.53231
-1.04588 -6.50685
-0.557497 -5.63578
-3.46555 -9.04467
-4.82275 -8.68718
-4.23713 -4.21875
-1.32784 -5.33884
-2.36023 -4.73809
-1.83513 -5.07717
-3.00946 -9.30292
-2.08839 -9.74558
-3.45689 -9.59854
-2.26285 -4.80632
-0.882199 -6.54512
-3.62453 -9.50049
-3.67633 -8.91586
-1.36133 -2.98428
-2.78992 -9.41771
-1.18711 -2.49967
-2.45619 -4.66817
-3.83125 -8.81712
-1.29149 -6.41009
-3.23885 -3.98105
-3.39433 -5.09554
-1.65355 -2.76671
-3.74025 -4.77054
-3.25903 -5.21229
-3.95705 -4.54328
-0.770329 -5.56523
-1.10766 -5.43567
-2.85702 -9.92041
-3.88058 -9.3469
0.315945 -5.83994
-3.46805 -5.02952
-1.49806 -5.257
-3.91662 -4.58663
-2.60412 -4.5549
-2.65175 -9.4869
-2.1173 -9.73318
-2.17892 -5.97132
-0.250141 -6.75392
-1.35903 -5.32431
-4.72639 -8.17409
-3.34395 -9.66249
-1.32896 -2.39534
-0.72031 -6.6208
-2.97548 -4.23816
-0.11158 -6.78701
-4.15016 -4.3235
-2.27667 -4.7968
-0.950622 -6.5417
-3.9433 -4.55782
-1.716 -6.21837
-0.230604 -6.75868
-2.37386 -4.72833
-2.62332 -4.68605
-0.623344 -5.61486
-2.6817 -10.0064
-1.28264 -3.03604
-4.59269 -8.29001
-3.03634 -9.28846
-5.05522 -7.90318
-0.796717 -6.59491
-1.65682 -9.91942
0.196728 -5.81992
-3.10532 -5.33835
-0.419474 -5.67569
-4.4617 -8.95465
-4.21245 -4.24887
-1.23037 -2.46907
-1.22933 -3.0696
-2.76269 -9.43153
-0.141528 -5.74976
-1.67726 -2.74649
-2.11813 -10.2597
-3.0733 -4.14611
-3.56969 -4.93555
-1.20892 -2.48437
-3.80577 -8.83359
-4.48821 -8.93568
0.087376 -6.82939
-2.84507 -9.38944
-5.30579 -7.68249
-1.53937 -2.85677
-2.33469 -5.87857
-1.09394 -3.14963
-0.661332 -6.6386
-1.42203 -6.35451
-1.05714 -3.17014
-1.26521 -5.3674
-3.15173 -5.301
-1.13943 -5.42232
-1.77022 -6.19155
-4.48503 -8.36043
-3.01259 -4.20369
-4.6698 -8.80302
-1.20159 -2.48954
-3.13316 -4.08783
-4.08678 -4.39744
-1.83012 -9.85208
-2.8883 -4.317
0.0946755 -5.80084
-1.68562 -9.90847
-0.992308 -3.20503
-1.49773 -2.88794
-0.672325 -5.59877
-4.79759 -8.11714
-0.0319383 -6.80473
-1.02734 -6.51421
0.569962 -6.90866
-0.899575 -5.51821
-1.30815 -2.41138
-3.04905 -4.16929
-3.36448 -5.12178
0.545607 -6.91721
-3.20214 -9.74056
-4.98589 -7.96201
-3.79468 -4.71456
-3.41244 -9.07617
-1.12509 -3.12355
-0.835311 -6.58192
-1.64562 -2.77319
-1.08463 -3.15487
-2.25215 -5.96147
-0.27605 -5.71636
0.367016 -5.84777
-0.258792 -5.72077
0.0440279 -5.79071
-0.525072 -6.67969
-3.99614 -4.49983
-0.392315 -5.68477
-3.14491 -9.22907
-3.90008 -9.33168
-2.82748 -9.93515
-4.41091 -8.41563
-4.21275 -8.55881
-4.2771 -9.08362
-2.04929 -4.94683
-2.32745 -10.1697
-2.14962 -4.88234
0.247759 -6.85958
-1.21623 -6.44081
-4.03579 -9.2447
-1.19386 -3.09146
-4.24958 -4.20342
-3.85071 -4.63796
-1.51448 -6.31335
-0.0574845 -5.76905
-2.65276 -10.0203
-1.74068 -2.69321
-5.61393 -7.39253
-1.75537 -5.12114
-3.0454 -9.28052
-3.17331 -9.75588
-5.65705 -7.3502
-3.2134 -5.25043
-3.55547 -4.94891
-4.1974 -9.13774
-0.603202 -6.65648
-4.86901 -8.05909
-4.60637 -8.26802
-2.47568 -10.1031
-2.20244 -9.69617
-3.34168 -3.87211
0.63043 -6.9162
-3.41961 -3.78599
-1.23004 -2.47118
0.127361 -6.83738
-0.441928 -5.67058
-0.786366 -5.55957
-2.25924 -9.67101
-3.84527 -9.36609
-2.58884 -5.716
-4.55783 -8.30528
0.448646 -6.89194
-4.01051 -8.6985
-2.49676 -4.63779
-1.13946 -3.12353
-2.03872 -6.05055
-2.09145 -6.02122
-0.485905 -6.69097
-1.4044 -2.95479
-2.20646 -4.84462
-4.30793 -9.064
-2.52171 -5.76034
-5.54909 -7.45534
-3.22552 -3.99414
-3.09071 -9.25891
-3.44368 -9.61161
0.529491 -6.90332
-3.26198 -3.95699
-1.12125 -3.13407
-2.68807 -5.64857
-1.86024 -6.14581
-1.56955 -6.28812
-0.988899 -6.52788
-2.54015 -9.54109
-5.00883 -7.94265
-1.55938 -5.22598
-3.64958 -8.93252
-2.07312 -6.02997
-1.81506 -5.08745
-2.24859 -4.81609
-1.3354 -3.00173
0.133691 -5.80341
-1.32211 -2.40065
-4.3866 -8.43354
-1.96767 -6.08922
-2.02074 -6.06043
-3.46343 -3.73613
-1.5997 -5.20751
-1.40542 -5.30232
-4.84854 -8.66727
-1.25619 -3.05284
-1.96773 -10.3216
-1.65019 -5.17849
-5.23842 -7.74311
-2.51652 -5.78131
-0.879569 -3.26205
-4.28736 -8.50565
0.207583 -6.85241
-1.30893 -3.01904
-3.15693 -4.06425
-3.51307 -9.56612
-2.07815 -4.92855
-1.30027 -3.02467
-2.30023 -5.89953
-3.00152 -9.84683
-1.8425 -6.15495
-1.1917 -6.44009
-3.82212 -4.6863
-2.14392 -5.99148
0.28177 -5.83445
-2.70914 -4.47022
-3.10925 -4.11129
0.179447 -5.81682
-3.04262 -5.38787
-2.94749 -5.46097
-3.0305 -5.40237
0.731713 -6.92711
-3.7811 -4.72844
-5.59259 -7.41331
-2.31589 -9.64555
-2.75387 -5.60256
0.267566 -6.86304
-0.945601 -3.22921
-3.08753 -9.80186
-1.36311 -5.32702
-2.38745 -4.71093
-3.65544 -4.85352
-5.52693 -7.47658
-2.45645 -9.58077
-4.93916 -8.00113
-1.94544 -9.80544
-2.71915 -4.99484
-2.59603 -9.51414
-4.1625 -8.59411
-2.90106 -4.30563
-0.368591 -6.72335
-0.0236898 -5.77646
-5.21538 -7.76361
-5.29769 -7.69287
-4.16308 -4.30842
-5.57055 -7.43466
-3.33448 -5.14788
-1.14061 -6.47072
-1.45163 -5.27984
-2.6164 -4.54108
-1.18669 -5.40206
-0.681053 -6.63242
0.0676074 -6.82557
-1.06014 -5.45529
0.247628 -5.82876
-2.83074 -4.36526
0.147693 -6.84128
-1.4809 -2.9003
-1.25169 -2.4536
-1.84475 -5.07037
-5.03239 -7.92265
-2.87587 -4.328
-2.92707 -9.34671
0.428752 -6.889
-1.45919 -6.33814
-4.23743 -8.54132
-1.1846 -3.09685
-5.35063 -7.64161
-3.08947 -5.35097
-0.408709 -5.68013
-1.34393 -2.99596
-1.58822 -6.27945
-3.45356 -5.04264
-4.26279 -8.52326
-0.0741181 -5.76533
-1.5132 -5.24942
-2.58829 -9.51219
-3.85744 -8.80009
-3.12148 -4.09935
-3.20404 -4.01677
-1.80162 -9.86338
-3.11667 -9.78642
-0.85485 -6.57524
-2.37406 -9.61928
-2.61722 -4.54454
-2.12103 -4.90099
-3.87648 -4.62941
-3.9342 -8.74958
-3.19215 -4.02886
-1.73392 -6.20956
-2.47128 -5.793
-1.43863 -2.93075
-0.289684 -6.74395
-2.23576 -10.2088
-0.82232 -3.28929
-2.94368 -9.87657
-0.954861 -3.22448
-2.62193 -5.69335
-2.35683 -10.1567
-3.54068 -9.55004
-3.51314 -4.98972
-0.0521616 -6.80032
-1.26493 -3.04732
-2.31773 -5.88892
-3.90405 -8.76866
-4.06767 -4.40945
-3.81821 -9.38294
-3.38652 -3.82295
-0.946524 -5.49996
-2.67177 -5.6598
-1.60489 -5.20242
-1.41347 -2.73003
-1.87434 -5.05313
-0.0912348 -5.76146
-1.77181 -2.66588
-2.96367 -5.44871
-1.88889 -5.04459
-1.0439 -5.46187
-1.54385 -5.23392
-3.00173 -9.85721
-2.92629 -4.28305
-1.62947 -2.78628
-1.24467 -2.45872
-4.03634 -8.68101
0.0268341 -5.78717
-1.58886 -2.81857
-1.61323 -2.7993
-1.17111 -5.40879
-4.79765 -8.70645
-2.76108 -4.42697
-3.71179 -4.79816
-1.01094 -3.19516
-4.64361 -8.82248
-1.04827 -3.17536
-0.926765 -3.23874
-4.06104 -4.4269
-0.737727 -5.57659
-3.96981 -4.52888
-3.31965 -5.16068
-3.9815 -9.2798
-4.8922 -8.04003
-1.31503 -2.4061
-1.94766 -5.00951
-3.3862 -9.09158
-1.66959 -2.7535
-1.97689 -4.99175
-2.03115 -9.76982
0.0607349 -5.7941
-2.14777 -10.2473
-1.67954 -6.2361
-2.34618 -4.74811
-3.31904 -3.89654
-1.10297 -3.14452
-4.08722 -8.64628
-3.47413 -3.72379
-1.62501 -6.26229
-1.49304 -6.31757
-4.12486 -4.35325
-5.19296 -7.78346
-3.76309 -9.41693
-3.93018 -4.57203
-1.23839 -3.06398
-2.42886 -4.68836
-3.42402 -5.06916
-1.20259 -3.08599
-3.57121 -8.98085
-0.802937 -5.55369
-2.51256 -9.55426
-0.642163 -6.64456
-0.329167 -6.73375
-3.56907 -9.53341
0.792771 -6.93385
-2.34375 -9.6329
-2.28321 -5.90978
-2.96328 -4.24937
-4.61811 -8.84132
-4.13772 -4.33817
-5.69992 -7.30767
-1.725 -2.70676
-0.898953 -3.25325
-2.81877 -9.4031
-2.91515 -9.89111
-4.17021 -9.156
-0.342104 -5.69868
-1.08395 -6.49251
-5.37264 -7.62139
-3.62376 -8.94854
-1.24717 -3.0585
-2.20782 -10.2217
-1.53117 -2.86297
-1.42114 -5.29476
-3.18264 -5.27579
-4.50908 -8.34231
-0.325663 -5.70314
-1.10267 -6.48537
-4.225 -4.2336
-1.38717 -2.96669
-0.972533 -3.19887
-0.524482 -5.64597
-2.28717 -9.65851
-2.14549 -9.72103
-3.21557 -4.00501
-2.82509 -4.37237
-4.17528 -4.29364
-1.43639 -5.28738
-2.06021 -9.75756
-0.124927 -5.75367
-2.73517 -4.44866
-1.75629 -2.67958
-2.48411 -9.56775
-3.28498 -3.93282
-1.99744 -10.3095
-2.26771 -10.1959
-2.03504 -4.95578
-0.639526 -5.60959
-3.70183 -8.89981
-3.59712 -8.96497
-3.19893 -9.19896
-1.45564 -2.9186
-3.88282 -8.78348
-0.564171 -6.66819
-2.79875 -9.9494
-3.59844 -4.90834
-2.6053 -5.70498
-2.13555 -4.89154
-1.6617 -2.76002
-1.01191 -5.47472
-4.14374 -9.17367
-0.20875 -5.73344
-2.68298 -4.49166
-0.931829 -5.50597
