14.83 15.63
15.41 23.2
9.57 11.74
14.99 7.09
19.93 8.81
16.71 26.95
10.22 36.19
26.25 9.83
13.33 18.43
11.99 29.21
21.63 24.32
5.6 5.96
6.36 23.09
12.79 12
26.77 19.99
15.36 25.13
17.28 27.98
24.97 39.61
27 6.49
3.88 15.15
5.03 34.31
16.14 21.43
5.49 13.05
24.47 16.97
12.25 14.37
22 20.5
24.13 19.68
6.14 11.36
14.16 37.02
3.46 14.43
26.96 34.6
18.85 16.78
5 25.91
10.1 4.27
17.33 21.09
23.37 23.83
14.58 19.15
25.49 26.86
28.17 27.22
17.09 10.69
7.46 37.55
24.66 4.59
15.79 11.08
18.44 26.3
26.77 8.12
11.71 11.12
11.78 11.32
4.3 16.27
22.22 4.92
11.18 21.49
21.29 21.79
15.35 10.33
25.47 24.1
23.93 17.23
8.19 17.52
4.17 25.71
8.99 23.51
27.21 9.45
22.12 13.11
10.91 4.29
11.44 12.54
25.58 14.83
4.58 37.29
20.11 8.22
18.14 24.59
14.16 7.65
6.69 4.53
19.81 12.27
9.05 10.01
12.24 17.24
14.86 15.38
5.21 37.9
23.01 14.96
19.67 25.49
16.1 7.14
20.66 14.65
27.98 20.17
4.04 6.54
23.02 4.61
15.64 21.13
11.5 26.71
22.75 16.89
15.56 38.33
21.85 6.46
11.66 38.77
12.31 25.19
9.7 6.45
24.74 25.06
12.22 10.4
23.66 4.39
10.05 26.81
5.21 8.19
7.4 14.06
13.37 6.01
21.41 15.25
16.73 6.39
25.6 12.8
