-0.232714 1.84975
-2.77436 -0.265268
-1.4369 -5.74266
3.48595 -1.55144
-3.14054 -9.48932
-6.69852 -6.53385
-8.07327 -4.32865
-3.24881 7.50286
-8.45229 -3.46284
-5.27494 6.76777
3.76184 -0.773887
nan nan
-3.66366 -4.08553
11.6431 -3.71714
nan nan
-5.25388 0.870901
nan nan
-8.98744 1.3128
0.158149 4.32449
nan nan
nan nan
-1.62738 -2.48454
nan nan
3.07767 -10.8629
nan nan
nan nan
nan nan
nan nan
-1.01154 7.63699
-6.14883 6.20119
nan nan
-2.68693 0.488455
6.26514 -10.1439
nan nan
8.0599 -9.16235
nan nan
nan nan
8.01663 -0.15414
nan nan
6.90553 -2.50436
5.82711 3.76782
5.69506 -4.36943
-3.20777 3.86708
-9.02247 0.352971
-0.21234 -10.6026
-2.20461 -1.71038
nan nan
-8.76129 2.21571
-7.47273 4.80177
-4.45367 -3.06357
6.65935 -3.69499
7.40081 0.990876
nan nan
nan nan
9.79424 -0.558841
-5.04955 -1.61816
nan nan
-4.74912 2.09925
nan nan
-8.45783 3.06726
3.83358 0.219454
3.87914 5.74455
nan nan
nan nan
-2.41131 1.2217
nan nan
nan nan
-1.24424 -10.3064
-0.956709 4.51369
11.1289 -5.6356
-2.08032 7.69964
-5.22959 -0.379711
9.51858 -7.97102
4.85159 -5.40233
-0.945585 -2.887
nan nan
-8.92535 -1.60405
2.42653 -6.33432
0.187111 7.51142
-2.54779 -1.00681
nan nan
nan nan
-8.08392 3.97665
-5.46599 -7.81634
nan nan
-4.36915 7.21092
-7.65834 -5.1164
nan nan
2.99872 -2.32137
nan nan
0.841402 -10.8245
-6.94417 5.49009
-0.153302 -3.22039
-4.14894 3.11741
11.4791 -4.73164
nan nan
nan nan
2.32825 -2.86955
-2.66478 -5.05894
nan nan
-1.7235 1.64545
1.54204 7.07115
11.495 -2.72764
8.77116 -8.63843
0.647739 -3.33652
2.68795 2.46406
6.51779 2.60816
5.2993 -10.482
nan nan
-3.99231 -9.00234
4.17081 -10.7361
nan nan
1.17512 -6.36059
nan nan
-2.09216 4.31491
-7.22059 -5.83305
nan nan
-8.72087 -2.60211
nan nan
1.3564 3.88417
nan nan
nan nan
3.28865 1.74245
4.89586 4.8354
nan nan
-6.12114 -7.21857
10.1384 -7.2425
nan nan
10.9337 -1.58729
nan nan
3.82668 1.10438
7.23121 -9.65454
nan nan
10.6908 -6.48958
nan nan
-2.19771 -9.96329
-0.128596 -6.19951
2.12315 3.20247
-9.07564 -0.640655
2.70387 6.48919
nan nan
7.17742 -1.27773
3.70135 -5.93058
-4.76098 -8.41897
6.53939 0.943916
1.5474 -3.22877
1.9828 -10.8788
nan nan
nan nan
nan nan
