0.187214 -1.00341
0.187214 -1.00341
0.187214 -1.00341
0.187214 -1.00341
0.187214 -1.00341
0.187214 -1.00341
0.187214 -1.00341
0.187214 -1.00341
0.187214 -1.00341
0.187214 -1.00341
0.187214 -1.00341
0.187214 -1.00341
0.187214 -1.00341
0.187214 -1.00341
0.187214 -1.00341
0.187214 -1.00341
0.187214 -1.00341
0.187214 -1.00341
0.187214 -1.00341
0.187214 -1.00341
0.187214 -1.00341
0.187214 -1.00341
0.187214 -1.00341
0.187214 -1.00341
0.187214 -1.00341
0.187214 -1.00341
0.187214 -1.00341
0.187214 -1.00341
0.187214 -1.00341
0.187214 -1.00341
0.187214 -1.00341
0.187214 -1.00341
0.187214 -1.00341
0.187214 -1.00341
0.187214 -1.00341
0.187214 -1.00341
0.187214 -1.00341
0.187214 -1.00341
0.187214 -1.00341
0.187214 -1.00341
0.187214 -1.00341
0.187214 -1.00341
0.187214 -1.00341
0.187214 -1.00341
0.187214 -1.00341
0.187214 -1.00341
0.187214 -1.00341
0.187214 -1.00341
0.187214 -1.00341
0.187214 -1.00341
