-8.44 8.01
-5.05 -12.35
-9.98 1.83
-9.07 -7.83
2.48 -10.58
0.25 -4.67
8.43 8.87
10.66 5.04
-5.72 0.29
-9.92 -6.47
5.07 0.02
6.37 8.91
5.15 -8.72
4.11 -8.32
-4.47 6.69
-2.42 -3.07
12.26 -3.93
-4.1 0.46
-4.42 8.68
-3.56 -14.01
-3.17 -3.21
12.26 -10.14
1.43 -9.11
-0.81 9.38
0.13 2.38
10.12 -1.49
0.09 7.59
1.59 4.39
4.46 -9.38
3.62 -4.88
0.31 -9.39
10.68 3.82
6.77 1.42
2.13 -9.77
-5.44 0.86
14.44 8.22
-9.52 0.04
11.6 -1.63
5.74 -6.44
12.12 -7.69
-2.9 -0.39
12.52 1.33
-0.13 -11.82
4.19 -4.25
-3.06 -7.96
-6.82 -13.15
6.72 6.69
7.25 -8.14
12.27 2.43
-9.16 1.92
11.65 -7.6
7.17 -12.03
2.98 8.12
6.01 9.99
10.91 2.43
-8.37 -9.61
13.67 -8.87
12.08 -7.81
2.35 -13.81
-9.45 -5.37
1.92 -8.2
-3.75 -1.88
13.67 7.05
2.13 -0.68
-1.47 -8.64
11.76 1.33
3.72 2.71
-4.45 -5.58
6.1 1.95
-7.33 -7.3
2.91 -11.14
-8.7 -11.74
13.56 -1.94
13.08 -9.84
-7.1 1.47
1.13 -2.63
-1.04 -2.56
11.45 0.65
-5.83 1.93
7.24 1.85
-1.78 -14.84
1.39 5.46
-6.37 9.37
6.5 9.07
14.87 4.06
8.28 7.66
-2.87 1.98
-9.68 2.55
-4.28 2.77
9.29 -14.82
-7.38 -13.39
-6.04 -4.32
8.21 -6.2
-8.8 5.75
-2.02 7.02
-5.94 -12.55
-1.1 -10.36
13.42 7.5
11.38 -7.31
-4.74 3.49
