24.04 9.44
24.48 19.87
13.26 8.27
24.96 11.49
23.12 7.28
24.03 6.25
17.73 18.26
24.61 10.89
11.55 4.46
16.16 8.63
20.41 15.3
21.72 21.26
24.99 21.36
16.45 18.48
25.67 8.31
14.75 5.66
19.17 11.16
26.08 19.14
16.81 8.98
24.75 9.03
20.93 20.51
15.61 14.22
18.1 9.55
10.57 6.14
14.76 8.36
13.54 10.42
9.43 7.66
13.44 8.26
10.39 10.82
26.85 9.6
24.73 8.68
24.36 4.27
21.94 12.52
25.63 9
28.76 11.68
29.65 14.15
25.6 17.27
17.15 17.14
28.39 21.28
24.71 14.36
23.79 19.2
15.3 13.91
15.72 6.05
24.92 4.5
20.66 7.45
22.62 21.13
23.59 6.29
26.35 6.48
12.38 5.26
23.82 7.57
11.87 6.46
23.21 12.09
28.89 16.91
26.33 4.84
21.6 9.01
21.83 7.93
22.53 18.92
25.09 6.49
18.08 10.5
21.99 6.56
25.16 11.58
20.03 13.9
22.85 5.16
25.08 15.27
15.1 11.85
20.29 12.33
28.7 12.91
22.24 12.99
24.02 12.73
24.19 5.85
27.26 7.28
19.57 8.72
12.61 5.72
24.05 12.53
28.08 17.21
15.13 7.65
19.83 19.74
17.41 11.56
23.6 8.23
