4.05 13.96
10.82 7.78
7.21 11.77
3.42 4.29
7.44 11.63
5.67 14.95
27.63 29.73
10.77 17.82
7.74 13.17
26.51 5.17
25.27 25.24
17.48 14.13
3.6 37.15
14.5 17.51
18.97 19.45
3.42 25.8
18.68 10.87
26.73 20.22
16.37 36.17
7.52 4.21
21.4 11.08
19.31 23.5
19.31 35.38
12.43 12.18
3.69 25.2
19.38 37.27
8.69 36.54
7.38 13.53
16.57 25.98
13.09 20.27
8.91 5.61
27.69 29.9
4.04 5.85
15.83 20.68
29.81 4.64
6.42 33.63
16.84 7.84
6.03 13.96
29.6 19.65
23.86 36.97
12.7 31
18.79 6.11
14.71 22.49
5.37 32.74
21.73 8.6
3.02 9.36
23.94 28.87
26.04 8.79
15.02 15.16
6.85 22.11
4.31 13.31
26.83 6.91
4.96 12.19
12.84 9.45
6.41 16.49
29.6 15.56
26.25 31.56
24.83 33.1
16.3 16.91
25.97 12.02
18.82 6.68
6.68 15.91
12.88 7.98
14.61 24.47
20.39 10.6
28.17 14.7
13.42 8.88
6.79 7.12
29.72 21.52
8.41 27.53
19.5 23.91
27.03 23.12
23.27 20.61
27.97 11.89
14.95 9.61
18.35 17.55
21.85 21.14
21.62 14.54
4.01 35.07
12.18 17.35
7.94 23.88
7.63 32.94
19.57 25.06
26.22 24.56
8.14 15.16
24.22 37.79
4.51 36.63
10.18 10.15
8.41 25.23
7.76 6.74
15.54 5.86
13.01 9.15
3.59 8.28
3.32 16.79
20.55 11.61
13.31 32.92
12.15 10.71
11.05 12.15
12.93 17.8
18.51 18.7
12.68 27.17
22.36 6.35
27.29 15.22
5.03 17.29
16.77 17.21
23.86 29.09
20.09 13.86
15.7 17.21
28.23 34.6
11.1 18.57
6.08 12.22
24.13 26.17
20.6 24.32
22.87 12.42
21.62 15.61
18.96 31.98
26.8 13.35
9.01 31.48
25.65 30.75
8.48 5.1
5.05 27.61
25.23 18.57
23.17 13.18
21.44 13.78
17.58 19.89
13.44 17.48
24.65 20
5.29 19.11
18.13 19.82
25.62 20.07
13.6 10.02
10.13 30.54
23.46 13.47
16.22 23.49
26.1 33.25
9.65 20.23
26.23 20.25
17.95 30.66
15.97 21.68
8.44 31.73
13.36 27.62
26.17 6.06
19.1 21.44
4.3 25.44
25.77 21.57
3.26 17.53
10.09 11.16
13.92 36.98
3.03 13.63
5.64 4.21
25.9 27.26
16.83 37.66
18.96 14.67
24.92 38.63
19.49 30.75
28.31 16.65
16.15 30.65
20.79 17.45
27.65 4.06
18.3 14.67
17.35 36.41
7.2 6.84
8.18 35.86
24.34 7.12
27.64 9.87
5.67 20.15
16.26 7.08
25.34 22.93
4.54 33.4
10.09 28.33
15.32 20.62
8.48 16.62
23.38 13.72
29.73 11.85
12.96 27.94
26.37 7.53
18.32 33.6
6.5 24.76
24.58 38.3
18.35 13.64
16.07 24.52
3.12 15.88
10.43 24.09
17.17 38.02
11.41 31.03
20.59 14.9
16.82 8.29
7.41 31.46
12.84 18.28
3.49 25.36
13.57 18.92
22.7 14.09
25.01 16.6
20.54 14.74
13.21 23.1
14.17 31.02
13.61 11.49
29.72 8.6
15.66 28.97
12.84 21.88
