10.31 7.94
-6.22 -9.72
-1.9 -8.56
3.1 -13.23
-4.24 -9.85
-6.98 -6.82
-8.58 -4.5
-4.43 8.4
-8.71 -4.36
-5.94 5.71
4.48 -3.49
3.49 -8.08
-5.09 -5.98
11.23 -4.53
14.18 -5.57
-5.88 0.21
14.38 -8.39
-9.75 1.94
-0.06 4.63
-8.5 7.77
12.22 1.89
-1.47 -4.24
-5.51 -5.84
4.28 -9.46
-8.45 -14.95
-4.17 -13.42
10.29 2.28
14.1 -14.31
-1.97 9.31
-6.91 5.31
6.14 8.64
-1.27 -0.9
7.32 -11.5
-3.94 -14.12
8.97 -8.91
-2.99 -13.7
14.24 -2.37
13.05 -0.96
12.29 4.35
8.56 -2.77
7.51 6.6
5.43 -3.59
-3.12 4.61
-9.38 0.76
-0.2 -8.89
-0.32 -1.51
13.92 8.26
-7.65 2.38
-7.6 4.61
-5.22 -4.34
7.15 -4.23
8.64 0.68
14.85 -12.87
11.53 -12.25
10.98 -1.21
-6.38 -4.12
13.53 -13.92
-6.55 2.64
4.59 -7.88
-8.99 3.2
0.85 -0.2
4.15 7.1
-1.82 -14.87
12.62 -12.9
-1.9 -0.18
-5.95 4.56
12.8 9.05
-2.06 -9.52
-0.37 3.66
12.65 -6.01
-4.24 7.19
-5.83 -1.84
9.17 -7.53
7.26 -4.88
-0.64 -3.83
0.44 -13.59
-8.71 -3.08
3.75 -6.35
-2.06 6.85
-0.6 -0.43
-7.62 7.52
5.94 7.39
-7.8 3.27
-5.96 -7.79
13.25 -10.25
-5.1 8.03
-7.89 -6.04
10.54 -9.6
3.11 -4.09
12.94 -14.8
0.49 -11.82
-8.01 5.04
0.74 -4.76
-5.2 3.78
10.87 -4.66
10.78 5.39
-0.36 -12.68
3.22 -3.66
-4.69 -6.48
-8.34 8.99
-2.09 3.4
0.12 8.56
11.87 -3.42
8.65 -7.53
1.55 -4.55
0.64 1.28
8.25 1.89
7.01 -11.64
3.63 8.72
-4.99 -8.74
4.92 -9.77
12.47 -10.56
2.52 -5.33
-9.24 -5.94
-2.26 4.56
-6.93 -6.41
7.61 9.17
-8.46 -3.28
12.16 9.53
1.25 4.25
-2.51 -14.03
12.29 -9.4
3.91 0.4
6.03 7.25
13.88 -2.85
-6.5 -7.04
9.43 -6.47
5.37 -13.75
12.43 -3.1
-7.83 -10.67
6.07 1.18
8.11 -9.65
-6.13 -4.87
11.85 -7.54
14.14 -13.03
-2.93 -10.46
1.09 -8.77
0.48 0.49
-8.27 0.21
0.88 7.23
9.89 1.91
6.16 -1.48
4.35 -5.4
-4.72 -8.43
7.91 -0.8
2.45 -3.95
2.55 -11.76
9.55 -14.74
14.65 3.26
-5.24 -14.54
