-4.90674 -0.147018
-5.77068 0.392849
-3.64257 -3.52056
-2.73013 -1.39292
-2.92982 0.653701
-2.51247 -0.440594
3.43998 0.847519
-2.93389 0.637245
-2.26656 -2.13681
-2.32702 -2.05642
-3.10925 -4.11129
-8.85282 0.200447
-4.48194 1.89771
-2.32836 0.790205
-3.00693 0.161287
-1.95071 1.99753
3.45083 -0.903983
-3.0127 -0.0149139
-0.67151 -2.79372
1.39272 2.10869
-0.225279 -5.7293
-8.85467 2.71254
-4.72133 -1.41167
-3.98573 -3.04332
-1.53614 -2.22031
-1.95072 -1.76082
-4.17528 -4.29364
-4.57419 -3.77112
-7.62689 -5.61955
-4.90606 -0.176073
-9.1007 1.81256
-2.63443 -1.55891
-2.99705 0.274278
-1.6791 -2.08097
-0.52524 1.34514
-2.51652 -5.78131
-2.54046 -0.128653
-2.25862 0.883468
-0.298959 -3.48849
-0.210922 -2.9637
0.32403 -3.61641
-4.54158 3.36739
-8.01608 -3.94625
3.11307 1.70781
-3.90471 -3.16499
-2.69216 3.74173
-1.81786 -1.92789
-4.31534 2.21243
-4.05873 3.83602
-0.986754 1.32589
-5.77548 -0.423018
-8.85433 -0.244147
-7.80562 4.78364
-2.74161 -1.33001
-9.25134 -0.984637
-8.50239 -3.93541
-3.34972 -5.13466
-8.84269 -0.557277
-0.751941 -2.75565
1.4432 -3.58229
-8.08776 3.44594
1.14136 2.13494
-2.72103 -5.62564
3.50439 0.540839
-3.70412 3.0078
-4.00906 -4.48547
-4.26105 2.30259
-0.0809187 -2.99788
-2.33759 -1.07403
0.978151 -3.06765
-7.57734 -5.69744
-3.22552 -3.99414
-2.93786 0.620744
-8.54925 -2.41625
-5.45796 -2.02043
3.11819 1.69777
-8.91729 -2.74426
-5.75349 0.575868
0.530572 -3.08303
-2.91103 3.6227
-2.30916 -2.08063
3.051 -2.78625
3.55541 -0.00822005
-8.08291 -4.82945
-7.30235 -6.10579
3.29011 -2.54872
1.20853 -3.03331
-2.34364 -1.05892
1.62415 -2.92211
-2.86442 -0.998316
-8.22548 3.13906
-4.71319 -1.44121
-2.0849 1.03947
-7.121 -6.35603
-8.82245 0.714397
-4.15434 2.4653
-3.27555 3.38053
-3.12068 -5.32606
-2.81909 -1.1336
2.84435 -2.9611
1.47024 -2.97103
-2.07785 -2.36255
3.47857 -0.788172
-3.07015 3.52424
-2.09873 -1.5512
-1.94006 1.12311
3.52158 -0.551074
-8.98244 2.29221
-5.49233 -1.91637
0.718745 -3.08464
-4.16017 3.7485
-1.3354 -3.00173
-2.05237 1.06114
-0.288108 -2.94063
0.103157 -3.03648
-2.07085 1.93256
-8.01235 4.47785
-4.57054 -1.88147
-1.91487 -2.5324
-0.624176 2.23133
-2.49618 0.371205
-0.711865 -2.77495
-2.76422 -1.2768
-8.3603 -3.05369
-3.95705 -4.54328
2.16866 -2.66427
-7.73885 4.09485
-4.88921 -0.480198
-2.22081 -1.3306
1.19089 -3.03659
2.52132 -2.40872
-2.77995 3.6963
-3.00569 0.178773
-8.00475 -3.97191
2.11064 2.02214
-4.3609 2.13266
-3.48514 -3.71104
-5.18569 2.44021
-2.55966 -1.69716
-4.50115 3.4122
-5.74374 0.658311
2.93632 -2.885
-2.82823 0.972087
-4.58651 -1.83779
-3.30551 3.35787
-5.78322 0.174768
2.35488 -3.26701
-2.86578 0.871201
2.83477 -2.96494
-1.13607 -2.53447
-8.60213 -2.20355
-8.69442 -3.43933
-7.07348 5.02359
3.5062 0.530031
3.00476 -1.87731
-2.27878 0.85897
3.54807 0.169826
-2.25415 -2.15278
-8.77839 -1.24485
-0.907872 -3.24817
0.271443 -3.06193
-2.56466 -1.68846
-9.29381 0.171241
-5.39258 2.0009
0.218053 -3.60474
-5.57353 -1.63863
-9.29041 -0.403593
-2.19431 -1.37853
-4.79384 -3.4352
3.45978 0.76421
0.704178 -3.64599
-2.77146 -1.25893
-2.50639 -0.478839
-2.96269 -0.599408
-2.53364 -0.257321
-1.12034 -2.54857
-1.53413 1.25416
-4.6505 1.48954
2.74072 -2.20072
-2.378 -0.968201
-8.85567 0.0709404
-3.67728 3.03433
-5.00153 -3.07394
-2.45384 -0.724109
-8.77124 -1.29808
-7.0435 5.05888
-2.59316 -1.63696
-9.25715 0.791327
-2.4258 -0.823609
-2.65214 -1.52397
-2.53191 0.139759
-9.28828 0.334385
-8.85475 0.122947
0.566477 -3.08423
2.53226 -3.16852
-2.4245 -1.91667
-2.85871 -1.01641
3.50911 -0.630927
-0.258211 -3.50045
-4.34802 2.15563
3.50846 1.02028
0.997364 2.14894
3.19599 1.06384
-2.98285 0.385901
-2.97008 0.480719
1.14216 1.28277
-2.45556 1.60277
-5.4343 -2.08966
2.60343 -2.33606
-2.12513 -2.30921
-8.77849 2.92999
-7.76315 4.05428
2.34944 -2.54374
-8.76195 -3.24537
-9.29645 -0.129187
-3.37494 3.3035
3.54169 -0.379664
0.884777 -3.64473
-2.70313 3.73618
1.04436 2.14446
-0.509969 -3.41857
-8.27156 3.02757
-0.0212967 2.2211
1.49617 -2.96347
-5.66738 -1.23824
-0.992308 -3.20503
-4.60844 1.60335
-1.12509 -3.12355
-3.52923 3.17321
-8.4291 3.74272
-4.26816 2.29091
-9.18745 1.34642
3.13187 -1.6794
-2.68298 -4.49166
-4.5075 -3.86554
-8.82471 0.688487
-3.01304 -0.103596
-2.97898 0.411355
-1.7382 -2.01813
-2.37566 -0.975104
-3.70484 4.1044
1.99564 -2.76193
-8.88501 -2.85601
3.51675 -2.26497
2.08295 -2.71467
-5.72465 -0.907722
-2.67362 -1.48024
-1.95857 -2.48884
-4.10948 2.52897
-8.38382 2.73248
-1.83937 1.16856
-4.55247 1.74308
-1.75002 1.19789
-3.83535 -3.26682
-2.9628 0.504295
3.46289 -0.855976
-3.12086 3.49117
2.76595 -2.17373
-2.50447 -1.79094
1.84413 -3.47928
-4.86988 -0.659122
-1.88889 -5.04459
-2.32961 1.73454
-5.75131 -0.699556
-2.93293 -0.744665
-4.20023 -4.26368
-2.53285 0.134182
3.43641 0.859952
-2.95588 -0.635782
-8.59586 -2.22985
-4.3695 -4.05138
-2.06649 -4.93662
-5.65295 1.17619
-2.44977 -0.739451
-0.844866 2.2251
0.862008 -3.07804
-8.84547 -0.504555
-2.09804 -1.54444
-2.54496 -1.72276
-4.43949 -3.95867
-2.01492 -1.67119
2.99394 -1.89263
-8.02607 -4.93641
3.37539 1.07223
-2.25215 -5.96147
1.49739 2.09711
0.996 -3.06565
-3.75722 2.95332
-2.43923 -0.777668
-7.36537 -5.19421
-2.52267 1.52024
-2.40944 0.640357
3.48695 0.636592
-3.76537 4.06224
3.55421 -0.174467
-0.557497 -5.63578
-1.90762 -2.53949
-9.21649 -1.291
-8.42067 -4.12687
3.1489 1.63621
-0.815647 -2.72359
-4.9063 2.90153
-2.2546 -1.26086
-2.22905 -2.18456
-5.20041 2.41283
-7.30424 -5.29359
-2.33243 0.783937
-8.73443 -1.52738
3.54076 -0.389701
-2.02033 -4.96496
-2.20269 0.943151
2.73445 -2.20731
-2.73517 -4.44866
-0.695709 -2.78254
-0.35902 -5.69405
-3.23885 -3.98105
-3.41403 3.27185
-3.28498 -3.93282
0.817324 -3.08083
-5.49383 1.73377
-2.54059 -0.00853747
-7.28476 -6.13068
3.13658 -1.67133
-8.73376 3.04922
3.40751 0.966052
-7.02566 5.08086
-0.786366 -5.55957
-4.55828 1.72755
-8.97049 -2.54888
-2.43939 1.62127
-2.17024 -1.42229
-2.4834 -4.64785
2.14277 -3.36721
-7.75121 4.07429
-9.06628 1.96594
-8.20654 3.1835
-7.62672 4.27469
-4.90416 -0.234332
-5.75875 0.526311
-4.90788 -0.0161156
-5.35567 2.0882
-1.68555 -2.74022
-2.64681 1.33904
-8.05465 -4.88298
-4.6414 1.51503
-4.53184 1.7888
-0.899575 -5.51821
-4.90779 -0.0603643
-4.45881 1.94557
1.75862 -2.87132
2.75337 -2.18727
-2.78562 -1.22314
-2.45782 -0.708763
-4.8844 -0.526821
-0.0897677 -2.99574
-2.97211 -0.544871
-2.92223 -0.789998
-2.45406 -5.804
-1.062 -2.58257
-0.389941 -2.90695
-3.08947 -5.35097
2.00467 -3.42304
-2.51364 -0.432815
-2.16464 0.978035
3.38206 1.05101
2.79694 -2.13959
-2.43551 -1.89999
-5.75505 -0.664841
1.87994 2.05172
-0.774632 2.22783
3.4045 -2.41595
-3.95006 -3.09766
3.51709 -0.581047
-8.87084 2.66371
-2.01543 -2.43005
-2.13706 -1.48
-2.97644 -0.517752
3.44713 0.817341
-7.69025 4.94134
-1.85629 -1.88186
-5.55336 1.55135
-1.94571 -1.76755
1.8988 -2.80984
2.98612 -2.84337
3.34018 1.18228
-8.76379 -1.35134
-2.03518 1.07179
3.26912 1.36683
-2.76062 -1.2856
-2.53847 -0.181536
-3.38652 -3.82295
-4.90158 -0.292711
-2.80268 -1.17842
-1.91833 -5.02713
-2.21007 -2.20813
-7.73389 4.88268
-2.67004 -4.50218
-2.9612 0.512574
2.16234 -3.35871
0.432062 -3.07758
0.0925796 -3.5835
-2.32336 1.74039
-5.52935 1.62774
-5.41037 1.9571
-4.82774 -0.939135
3.55589 -0.0708739
0.949545 2.15341
0.986946 -3.06668
-2.51131 -0.448151
-7.33495 -5.24396
-8.23351 -4.53267
-4.87095 0.551614
-1.73244 -2.0244
-2.47513 0.455694
-2.06247 1.93685
-0.0941903 -3.54367
-2.80648 1.02568
0.186692 -3.59985
-2.09988 -2.34023
-9.29661 -0.101349
-2.99971 0.248416
-5.20773 2.3988
-0.356046 -2.91857
-2.62095 -1.58492
-1.94168 2.00193
-5.79243 -0.213748
3.36229 -2.46665
3.55501 0.0127139
3.30186 1.28312
2.22228 -2.63061
0.324976 -3.06808
-2.37157 1.69367
-2.8883 -4.317
-2.16402 -4.87285
-4.47863 -2.11402
0.502826 -3.6368
-0.00106896 -3.56477
2.7828 -3.00337
3.21835 -1.52103
1.38273 1.26362
3.14635 -2.69744
-8.40882 -4.15381
-4.81371 -3.40267
-2.55673 1.47453
-2.30228 0.828024
-3.0137 -0.0500934
-2.26175 -1.24601
-1.22052 -3.07503
-5.77943 0.258971
-0.375434 -5.6895
-3.79228 2.91614
-4.73316 -1.36756
-2.56623 1.46128
-0.431989 -2.89194
-8.47939 -3.99031
-4.13772 -4.33817
-5.69689 -1.08147
-5.78271 -0.285174
-2.51757 0.256479
-8.17914 -4.64172
3.52011 0.423001
-4.8545 2.97792
-8.17778 3.24952
-8.59888 2.02801
-4.86396 -0.713242
-9.29226 -0.348431
-3.01284 -0.1124
-0.228155 -2.95873
-3.63148 3.07905
3.48905 0.625776
-3.37746 -3.85048
-1.32896 -2.39534
-1.66959 -2.7535
-9.15783 -1.68173
-9.19326 -1.45869
-0.898953 -3.25325
-9.25909 -0.901569
-2.43265 -0.800542
-2.76792 -1.26774
-4.5634 1.71538
-2.60253 -1.61965
-4.15415 -2.76797
3.43086 0.881249
2.953 -2.87124
-1.39073 -2.34614
-2.7864 1.06029
-0.946524 -5.49996
3.20965 -1.53805
-9.23146 1.03074
-2.74868 1.15306
-1.38717 -2.96669
-2.30276 -1.15666
-2.94109 0.613474
-0.503649 -2.93358
2.26893 -3.30981
-0.959833 1.32778
-8.70244 1.5664
-7.38025 -5.16965
-0.278603 -3.49453
-0.498991 -2.86668
-2.82235 -1.12446
-1.87578 -2.57793
-5.29716 2.21672
2.75819 -2.18316
-5.19325 -2.68829
-5.78458 -0.233873
-0.470032 -3.43285
-2.95765 -0.626554
-1.57244 -2.83139
-9.08952 1.86382
-8.74662 1.31854
-1.01542 -2.61899
2.44375 -2.47236
-4.47044 1.92169
-2.55534 -5.73826
0.93361 -3.07218
-9.0542 2.0168
-2.52002 -0.387065
-0.565138 -2.84007
3.45732 0.774751
0.897827 -3.07533
-2.1199 -1.50877
-7.7979 -4.41124
-0.998106 2.2163
0.960291 -3.06955
-2.86153 -1.0075
-2.18228 -1.40051
-8.82684 0.663304
3.53039 0.360178
2.92807 -2.89174
0.0888964 -3.0351
1.3905 -2.99324
-4.96547 -3.14033
-2.41887 -1.92511
-4.09709 -2.86501
-5.71802 0.838519
-8.86263 2.68773
-4.52992 -3.83416
-2.077 1.04503
-4.22636 2.35725
-2.22281 -2.19235
3.53838 -2.24071
-2.50379 -0.494189
-2.7187 -1.38329
-8.79562 -1.09419
-0.515638 -2.86014
2.10349 -3.38392
-8.2842 -4.42614
-2.4872 1.56504
-2.9903 -0.418091
-2.10687 -1.53016
-4.78799 1.01789
3.0189 -2.81504
-8.18917 -3.52822
-3.22507 3.4177
-0.344148 2.23074
3.54883 -0.287748
-7.64319 -5.59382
-0.789747 -2.73629
-2.50109 -0.509543
0.656016 -3.08539
0.42717 2.19586
-5.73437 -0.838097
2.41499 -2.49479
-2.53876 -0.17412
-2.62193 -5.69335
2.22907 2.00633
-3.46805 -5.02952
-4.43511 1.99303
-3.78369 2.92534
-8.43952 2.57103
-8.09788 3.42457
-2.48785 -0.578551
-3.89551 -3.17835
-2.77677 1.09359
2.6324 -3.10642
-2.00602 -4.97384
-7.1909 4.88077
-5.4863 -1.93402
2.09867 -2.70572
1.63276 -2.91909
-0.523999 -2.85489
-8.82419 -0.8208
-8.12651 -3.68541
-2.31725 1.74604
-4.9078 -0.0314168
-2.8777 -0.961872
0.790548 -3.08219
-2.10047 1.02867
-1.25619 -3.05284
-7.83624 -4.33365
-9.08888 -2.04551
-4.40845 3.5107
-3.00889 -0.21086
-7.20561 4.86235
1.67495 -2.90383
-4.52098 1.81321
3.31379 1.25144
-2.87587 -4.328
-2.9319 0.645358
-8.51614 3.56202
-9.03302 -2.29727
-9.29229 0.2257
-2.79672 1.04859
-5.73505 0.724166
-2.54059 0.0172502
3.29685 -2.53993
-2.37402 0.713023
-3.8729 3.98368
-8.31599 2.91506
0.193524 2.21051
-0.996118 -5.48098
2.96659 -1.93045
-2.37946 -1.98291
-7.95849 4.56064
3.32529 1.21998
-4.86736 0.579574
1.70863 -2.89111
3.55121 -2.22262
3.12855 1.67729
-1.95123 -2.49625
-1.51449 -2.8755
-1.98654 1.97935
2.77422 -3.00965
0.894521 -3.07416
2.55583 -2.37888
-4.82256 0.855535
-5.6865 1.01658
-8.25868 -3.34422
-1.14109 1.31265
-1.72666 2.08823
-0.236634 -2.95625
-5.45615 1.83859
-7.32165 5.39413
-2.04803 -1.62228
-1.37866 -2.97252
-2.51875 0.250202
-7.21984 4.8444
3.49275 -2.30315
-0.816404 1.33608
-0.89029 2.22292
-7.58346 -4.81861
-3.92302 -3.13803
-4.53714 1.77674
0.0654781 1.3406
-2.29778 0.834176
-5.77432 0.342808
3.31762 1.24106
-2.8125 -4.38322
2.11345 -3.37966
-5.70152 0.93605
-7.8234 -4.35981
-1.93252 2.00672
-2.7304 -1.35681
0.120842 -3.03959
3.20782 -2.6361
-7.77702 4.82352
-8.72099 1.4676
-4.2092 -2.67019
-1.67298 -2.08729
1.44577 2.10282
-3.95917 -3.0839
-2.54256 -0.0995655
-2.14433 0.995079
-3.79468 -4.71456
-2.8312 0.964473
3.20532 -1.54641
-9.08333 1.88686
-3.01356 0.209862
1.75269 -3.50736
-2.58944 1.42794
-2.90848 -0.844529
-4.88504 0.425325
-2.24798 -2.16062
1.92311 -2.79825
2.80923 -2.12573
-4.90179 0.198355
3.55476 0.0230362
-5.76651 0.443229
-4.84007 0.759701
-7.89807 -4.20503
-8.80661 -1.00602
-2.97059 -0.554091
-4.52635 1.80119
-0.916253 -2.66907
-9.27462 0.5773
-2.92563 0.670092
-4.55167 3.35659
-0.251495 2.22885
0.449982 -3.63253
-2.94749 -5.46097
-8.09421 -3.76391
-9.28942 0.306846
-1.0919 -2.56349
-2.96594 -0.581225
-1.32255 1.29146
-2.53869 0.0435984
2.2303 -3.32805
-3.3796 -5.10846
2.18186 -3.35009
-2.51289 0.285413
-3.2285 -5.23788
0.247475 1.33468
-1.66423 1.22313
-1.89284 -2.55384
-8.96158 2.36823
-2.51167 0.292521
-2.47313 0.462791
-7.02295 -5.71962
-8.83796 -0.636064
-3.01261 -0.121471
-5.04 2.69548
-4.50849 -2.04165
-5.64927 1.19232
-4.37582 -2.34428
-4.64986 3.24133
-4.63223 -1.706
0.11349 -3.58734
-3.87648 -4.62941
-1.47766 -2.2727
1.55618 -2.9449
-0.329278 -3.47927
2.85194 -2.95187
3.12223 -1.69571
-2.99835 -0.34595
-3.95503 3.92035
-2.15507 1.87682
-1.45653 1.44972
0.548523 -3.08369
1.73367 -2.88133
-2.14552 -1.46556
3.17847 -1.59693
-4.23211 -2.62819
-2.65099 1.33217
-1.09866 2.20811
-4.41902 2.00697
-5.24997 2.31566
0.879921 -3.07674
-3.3752 -3.83546
-2.27667 -4.7968
-6.57584 -6.32687
-8.18734 3.22777
1.34196 2.11417
-3.97958 -3.05413
-2.61649 1.38722
-0.623344 -5.61486
-1.53117 -2.86297
-3.0137 -0.0323024
-5.07968 -2.92389
-3.20404 -4.01677
-1.14353 -2.52947
-4.83542 -0.89498
-8.4911 -3.96247
-2.08012 -1.57291
-0.903762 1.33137
-0.105984 1.34447
-2.99139 -0.409164
-1.78986 -1.96038
-4.90483 0.126909
-1.43125 -2.31255
-2.7322 1.18061
-8.98957 2.26832
-0.82232 -3.28929
3.42517 -2.3904
-8.37779 -3.00067
-7.70471 4.92204
3.27235 -1.40877
1.57328 -2.93934
-4.89675 0.283979
-4.59699 -1.8085
-1.82896 -1.91477
-4.75128 1.16468
-7.56094 -5.72289
-1.36988 -2.97849
-4.32187 2.20124
-2.18637 -1.39315
-0.64808 -3.36533
-2.12852 -1.4944
3.04315 -2.79361
1.52186 -2.9557
0.365329 -3.62411
-1.29657 -5.35321
-8.36081 3.87678
0.0502154 -3.02654
-2.44201 0.559388
-5.75859 -0.630148
-9.24276 -1.06862
-2.25963 1.79663
-9.25198 0.84479
0.270515 -3.61233
-4.38248 -2.33015
-4.2009 2.39234
-2.45177 -1.87502
0.763501 -3.08331
-4.50998 1.83752
-6.72144 -6.13936
-3.78196 -3.33812
2.99423 -2.83644
-7.51179 5.16518
-7.30582 5.41204
-1.20187 -5.39527
-7.99717 -4.98973
-9.22555 1.04669
-2.00526 -1.6851
-1.24626 2.19188
-2.34051 0.771166
-4.79986 3.05041
-8.83821 2.76122
-1.83287 -2.61053
-2.45619 -4.66817
-5.64188 1.22405
-3.28942 -5.18656
-4.88888 2.92674
-0.86054 -3.27123
-1.71057 -5.14589
-4.31323 -2.47263
-8.55608 -2.38991
0.990681 -3.63976
-3.24401 -5.22492
-5.53911 1.59717
2.5047 -3.18476
-4.54303 -1.95428
-4.81406 -1.0129
0.24485 -3.05852
-2.74511 1.16032
-2.23282 1.81856
-2.89382 0.783467
-3.44159 -3.76111
-3.0127 0.0383753
-0.703911 -2.7787
-5.79041 0.0579562
-1.78219 2.06905
-1.45174 2.15655
-2.89867 0.767382
-1.15505 -5.41567
-2.54121 -0.0459029
-7.40086 5.30283
-1.45564 -2.9186
-1.97043 1.10804
-4.78667 -1.14588
-2.54107 -0.0984597
0.138546 -3.0426
3.50038 -0.680331
-2.19832 1.84537
3.52574 -0.521102
3.419 -1.01789
-2.63001 -1.5675
3.5487 0.159555
-5.49732 -1.89931
1.32816 -3.60259
2.21091 -3.33699
-8.06188 -3.84827
2.52232 1.14877
-8.77658 1.11902
-2.10819 1.02305
1.1283 -3.62856
-0.193661 -2.96857
-4.61771 -3.70772
-4.38624 2.08641
-3.08079 3.51727
3.14608 -1.6549
-2.47456 -0.639776
-3.42402 -5.06916
-8.60914 3.35485
-4.44128 -2.20082
-4.90782 -0.0456734
-0.111635 -3.55616
-2.88609 -0.926096
0.72268 2.17334
0.291592 -3.61516
-5.73724 0.707956
-8.81203 -0.952942
-1.09394 -3.14963
-8.68456 -3.46665
3.17397 -1.60516
-1.17111 -5.40879
3.49888 0.572644
-9.22002 -1.26348
-1.41781 -2.32381
-4.31364 2.20708
-4.33407 -4.09717
-1.07557 -3.15993
-8.8077 -3.10663
-2.99886 0.25696
-1.36273 2.17487
-1.83889 2.03838
-8.20946 -3.4756
-2.36973 -0.990875
-8.83474 0.560855
-7.28947 5.43041
-5.35864 -2.29612
1.08458 1.2871
-3.04916 3.53783
-2.25287 1.80219
3.29398 1.30389
-5.19326 2.42642
-1.77943 -2.6591
-2.88943 3.63527
0.0508291 -3.57545
-8.61689 1.95606
-2.04344 -2.40016
-3.10532 -5.33835
3.41352 0.944858
3.47164 0.711063
-2.50644 0.321291
-1.49076 -2.26117
-7.28443 -5.32353
-2.97534 -0.526628
-2.50768 1.5395
-8.56966 -2.33657
-9.23773 0.977627
-0.599049 -3.38492
-8.66434 -3.52205
-3.85242 2.85006
-2.49926 0.356958
-3.21557 -4.00501
-1.90838 1.1379
-7.63097 5.01916
-0.755072 -3.31984
-0.507202 -2.86347
3.3652 1.10386
2.09376 -3.38784
-4.53169 -1.98343
-9.28436 -0.541335
-2.53017 -0.295858
-1.52572 2.14332
0.948213 -3.64213
0.942419 -3.07134
-8.79293 0.993044
-3.33557 3.33467
-2.71915 -4.99484
3.43275 -0.970691
1.77529 -2.86448
-5.26834 -2.51865
1.89453 -3.4626
-2.63826 1.35292
-8.66677 -1.91031
-0.529873 -3.41127
-2.24735 -1.27568
-0.948079 -2.65126
-1.70888 -2.04972
-0.0373491 -3.00804
-8.71186 1.51705
-2.99352 -0.391051
2.90435 -2.01193
-2.94314 3.60368
-2.98532 0.368804
-0.753797 -5.57102
-1.6617 -2.76002
-8.81676 -3.07836
-4.78398 -3.4512
-4.04818 2.61194
1.11081 -3.05027
-4.79105 1.00362
3.25618 -1.44367
-1.21086 2.19627
-4.90196 -3.27356
-1.30027 -3.02467
-5.23142 -2.60361
-3.81875 2.88697
1.82439 2.0586
-2.50247 -0.501753
1.53676 -3.56282
3.4105 0.955576
-7.72678 4.11476
3.15548 -1.6384
-9.19149 1.32059
-4.20457 3.70852
3.5278 0.381416
-2.39407 0.673539
3.4389 -2.37315
-4.39812 3.52132
-1.19446 -2.49454
-9.02281 2.14299
-1.56798 -2.19071
-4.51543 1.82548
-6.99875 -5.7578
3.55233 0.0780699
-8.85628 0.0188635
-5.77437 -0.440031
3.23544 -1.48677
-0.726144 -3.33251
-3.31965 -5.16068
-4.71657 3.15892
-5.69063 -1.11637
-7.15797 -6.30614
-2.42916 0.593322
3.54596 -0.32877
3.42235 0.913026
-4.26955 -2.55779
-7.92623 3.76559
-8.76213 1.22685
-4.4048 2.05163
3.53091 -0.480801
-4.42931 3.48904
-1.64873 1.22725
-2.30364 -2.08871
-1.59939 -2.16073
-4.73676 1.21706
3.48925 0.601843
-7.69328 -4.61531
-2.68398 1.27585
0.820992 -3.64621
3.22072 1.48149
-5.06382 2.65595
-2.91088 -0.83531
-2.90613 -0.85348
-8.15198 -4.69559
-4.9011 0.21319
-1.45118 -2.29561
-4.75076 3.05573
2.28816 1.99828
-4.90575 0.0981726
-3.68384 -3.47253
3.35699 -1.20334
-0.614508 -2.81911
3.53768 -0.419966
2.06426 -3.39982
-0.305367 1.3465
3.55749 -2.21366
-4.70913 -1.45573
-1.08463 -3.15487
-9.17171 -1.59816
-8.31397 3.9652
-2.52731 0.183784
-8.9545 2.39276
2.05133 -2.73224
-2.36408 -1.00605
3.37645 -2.44983
1.94468 -3.44517
1.27896 -3.01905
-4.90374 0.155603
-1.87506 1.15229
-2.64369 -4.52342
3.46056 -0.86549
-0.207232 -3.51472
-2.54123 -0.0534471
2.6235 -2.31741
3.3146 -1.31154
3.06721 -2.77192
-3.00504 0.187638
-4.80231 -1.0721
-7.42974 4.56507
-6.94779 -5.83051
-9.27649 0.549976
-8.27834 4.03069
-0.305204 -2.93523
-4.28098 3.63722
3.29192 -1.3649
-7.49452 5.1907
2.02761 -2.74509
-5.78633 0.0731074
2.99945 -1.88464
3.54578 0.201773
-8.78735 2.92359
-0.508194 -5.65092
2.09984 1.19575
1.19141 -3.62154
0.608673 -3.64302
-4.3924 2.07496
-2.28842 0.846609
-5.39828 -2.19275
-8.13725 -3.65913
-4.13779 3.76825
-8.52035 2.31348
-2.87311 3.63833
2.64127 -3.10064
-3.89654 3.96575
-0.65617 -5.60412
-2.59793 -1.62818
-0.639526 -5.60959
-2.29283 -1.17901
0.144743 -3.59286
-2.41338 -1.9333
3.18752 -1.58016
-2.54017 0.00641671
3.55053 -0.256317
-7.90359 3.80755
-8.84563 0.381135
-2.96908 -0.563046
-5.67695 1.06458
-9.27241 -0.735031
3.3511 1.1462
-5.29092 2.23105
-2.53256 1.50725
-1.95044 1.11813
3.55479 -0.153744
-3.09742 -4.12281
-1.76372 1.19349
-4.435 -2.21504
-2.06063 1.05585
-2.18432 -2.23953
-9.18917 -1.48624
-9.19741 -1.4303
-1.10297 -3.14452
-1.63035 -2.13039
-6.68547 -6.18646
-1.97689 -4.99175
-2.03791 1.95122
-2.50514 -0.486356
-5.50812 -1.86458
0.316362 -3.06705
-2.99417 0.300067
3.49308 0.604479
3.03132 -1.83877
0.915723 -3.0738
-2.54129 -0.0683368
-2.87353 0.847083
-7.14701 -5.53895
2.32406 -3.27294
-9.24853 -1.0129
-1.01191 -5.47472
-4.85288 -3.3374
-1.54696 -2.84978
-3.00783 -0.228842
-8.83526 -0.666733
-1.42114 -5.29476
-7.70212 4.15504
-0.869922 -3.26672
-3.45356 -5.04264
-4.48755 1.88586
-2.71072 -1.401
3.43215 -2.38166
-2.43731 -5.81465
1.65805 -2.91003
-0.381587 -2.90985
3.42808 0.891739
-2.34058 -1.06659
-4.85617 -0.762193
-4.73306 1.23056
-8.69833 -1.74938
-1.94766 -5.00951
-0.978782 -2.63336
0.539572 1.32144
0.629204 -3.08532
-4.31318 3.60618
-2.91926 0.694527
-2.97507 3.58435
1.82941 1.22314
-2.24002 -1.29048
1.90733 -2.81451
-5.35782 2.13048
-5.67763 -1.18615
-2.07858 1.92708
3.55585 -0.0500154
-9.23018 -1.17962
-4.4737 -3.91221
2.17108 -3.35004
-2.49229 1.55878
1.69119 -3.52406
0.799726 -3.64645
-2.23471 -4.82554
-1.04827 -3.17536
-2.13274 -1.48731
-0.667668 -3.35728
-4.9023 -0.27789
-5.70569 -1.02943
-3.71295 2.99889
-3.86939 2.83086
0.182749 -3.04967
-6.95231 5.16342
-3.13316 -4.08783
-2.17835 -1.40773
-8.4525 -2.76202
-0.141528 -5.74976
-7.83288 -5.28072
-0.886276 -2.68599
1.08479 -3.05406
0.593231 2.18371
-2.3506 -2.02382
-5.64174 -1.36012
-1.464 -2.91258
0.354917 -3.62294
-0.500088 -3.42204
3.0878 -1.75208
-9.20333 1.24239
-7.24856 4.80781
-7.55582 5.1149
-8.32259 -4.34428
-0.308975 -3.48548
0.333777 -3.069
-2.33886 -2.04014
-0.737727 -5.57659
3.16478 -1.62182
-2.51038 0.299811
-7.52333 4.43086
-0.812854 -3.29365
-2.54712 1.48771
-2.85161 0.910121
1.41845 -2.98542
-2.93084 -0.753631
-2.17773 0.966498
-2.78313 -1.24987
2.26012 -2.60582
0.467911 -3.07993
-3.56669 3.13956
-2.5381 -0.189011
-4.9052 -0.205187
-4.79616 -1.1017
-0.399894 -3.45673
-8.78055 -3.18974
3.40153 -1.07423
-7.73302 -4.53904
-2.4975 1.55231
-5.57181 1.48964
3.30715 -1.3294
-8.07811 4.3735
1.69181 -2.89752
-5.6998 -1.0643
-8.02767 -3.9198
-2.1402 1.88709
-5.57624 1.47438
-8.56078 2.17166
2.91126 -2.90532
-1.03189 -2.60133
-0.767938 -2.74776
3.52298 -0.541192
-4.54126 -3.81822
1.66054 -3.53286
1.38045 -3.59386
1.26104 1.27355
-1.39592 -2.96066
1.59875 -2.93085
-2.52732 1.51357
-4.52143 3.38987
-3.59102 -3.58463
-4.33501 2.1785
-7.38535 5.32087
-2.41728 1.64579
-2.47803 -0.624415
1.26139 -3.02278
-2.988 -4.22659
-4.4539 -2.17192
0.682917 -3.64554
-3.283 3.37614
1.71175 -3.51903
-2.82548 -1.11559
1.39108 -3.59198
-4.99931 2.76069
-2.18412 1.85595
-4.87996 -0.570738
2.66854 1.13138
-8.71416 -3.38385
-8.31535 -3.1857
-0.657313 1.33589
-9.27822 0.523397
-0.0489646 -3.00602
3.50239 -0.675059
-7.17657 4.89862
-2.21231 1.83469
0.333793 -3.62047
-2.47099 -0.655136
-4.29167 -2.51508
-9.0097 2.19338
-2.38526 -1.97455
-8.58646 2.07604
-4.6811 1.39987
1.47893 -2.96854
-2.13606 1.00898
1.82503 -2.84332
-7.3204 -6.08011
-1.74433 -2.0115
-4.14915 3.75825
-1.18711 -2.49967
-8.8535 -0.294187
-4.70742 3.17162
-2.49938 -1.79929
-2.98802 -0.436217
-5.60905 -1.49971
-8.80444 2.85812
-2.21381 -5.95099
-9.27992 0.496007
-1.87257 -1.86181
-3.36417 -3.84758
-2.4808 0.434753
-0.687733 -2.78625
-2.30464 -4.77737
-9.25469 0.818944
3.04246 1.08427
-8.46992 2.47776
-2.6386 -5.68247
3.53445 -0.450619
-2.49398 -0.547826
3.53402 0.328498
2.79166 -2.99699
3.49092 -0.72945
-8.85662 -0.0589389
-5.0103 -3.05754
-1.99551 -1.69898
1.84964 -2.83243
2.70883 -2.23384
-2.99388 0.34598
2.0907 -2.71027
3.0288 -1.85252
-2.44922 0.533852
-2.14123 -1.47289
-5.78487 -0.487148
-2.41663 -0.853663
1.60423 2.08491
-8.88672 2.61472
-4.65945 1.46397
-4.87132 2.95181
-6.96502 -5.80607
-5.78113 0.225245
-2.92357 0.678182
-2.07109 -2.37001
0.489675 1.32398
-2.24165 -2.1687
-3.80862 -4.70024
-4.46038 -2.15704
-2.44134 -1.88223
-0.770329 -5.56523
-7.77528 -5.38153
-4.71388 1.29596
2.34964 1.98978
-2.83795 -1.07952
3.04694 -1.81548
-2.20455 -2.21617
-1.92952 -2.51795
1.87434 -3.46938
-8.02477 3.57513
-3.5597 -3.62273
-3.55547 -4.94891
-4.81969 -0.983294
-2.8329 -1.10623
-9.12248 -1.87736
-2.97548 -4.23816
3.22302 -2.62043
-0.744043 -2.75951
-8.85195 -0.346696
-0.0840138 -3.54612
-2.37386 -4.72833
-0.831454 -2.71536
-5.10476 -2.87377
1.7504 -2.87465
-2.71439 3.73045
-8.71533 3.09676
-1.87434 -5.05313
1.95485 -3.44146
-5.61462 1.33423
1.59934 -3.56155
0.1238 -3.5892
-4.47612 1.90989
-2.19666 -5.96105
-2.64251 1.34611
3.53977 -0.400026
-8.89332 -2.82768
0.835255 -3.07979
3.05929 -2.7791
-4.36218 -2.37293
-3.01327 0.0119477
-4.8583 -0.747207
2.66835 -3.0829
-2.46961 -4.65818
-1.26493 -3.04732
-3.13637 -5.31331
1.79349 -3.49518
-5.51873 -1.82983
0.041538 -3.02482
3.46752 -0.836626
-2.02109 1.96071
-8.73837 1.36834
-5.62266 1.30279
-1.86302 -2.58233
3.26803 -2.57278
2.65586 -2.28707
0.709898 -3.08482
2.03437 -3.41162
-3.00985 -0.192895
-0.973613 -3.21481
-9.17902 1.39878
0.534499 -3.63898
1.19364 -3.03071
-7.425 -5.92828
-2.20646 -4.84462
2.46075 -2.5574
-4.78157 3.0748
-9.28608 0.389528
-1.62947 -2.78628
-1.4432 1.27174
-1.07582 -5.44886
1.28761 -3.01718
-0.524482 -5.64597
-8.67435 -3.49476
-5.78402 -0.250794
-4.26164 -4.18851
3.27627 -1.40014
-2.67177 -5.6598
-8.67752 -1.85692
3.11496 -2.72757
-0.888924 -3.25749
-1.41347 -2.73003
-1.35662 -2.3736
2.01165 -2.75356
-5.63768 -1.37785
-6.6492 -6.23342
-3.7292 4.08761
0.672439 -3.64529
3.51777 0.455674
-7.79956 3.99188
-1.96567 -2.48163
-4.99246 -3.0908
1.20211 -3.62033
-1.0201 -3.19026
-0.146924 -5.74589
-8.11676 4.3104
2.94479 -2.87803
-8.76772 -1.32392
-0.44052 -2.88882
3.4889 -0.739308
0.812075 2.16575
-5.17863 2.45392
-2.53831 0.0511486
-7.99259 3.63882
-5.40368 -2.17578
-2.54025 -0.136101
-8.01421 3.5962
-7.24735 -6.19393
-2.43037 -0.808303
3.1307 -2.71256
-2.4617 -0.693413
-9.13807 -1.79375
2.07401 -3.39589
-4.59869 1.6283
-7.54125 -4.89406
-9.23979 -1.09608
-3.01157 0.0736983
-7.17607 -6.2815
3.55268 -0.215824
-7.95802 -4.07587
3.11193 -2.74427
-0.925027 -2.66442
-5.6175 -1.46482
-0.323 -2.92968
-2.57747 -4.57581
-5.56853 -1.65633
-9.24573 -1.04034
-4.05586 2.60178
3.35136 1.04251
1.25468 -3.6135
-5.2239 -2.62037
-8.5474 -3.8254
2.56955 -2.36674
-5.257 2.30142
-5.20089 -2.67158
-2.46781 -1.84995
-2.41162 -0.869253
-2.25346 0.889455
-5.71948 -0.942555
-4.19075 2.41163
-4.24042 2.33525
-2.50253 1.54601
-3.70336 -3.44272
-3.89448 2.80203
2.95545 -1.94547
-0.628444 -3.37327
0.0492619 2.21778
-2.10213 1.9123
-2.34777 1.7172
-5.6718 -1.20386
3.37993 -1.13915
-2.27888 -2.12079
-2.97934 -5.43676
-6.80994 -6.02124
3.55571 -0.101964
-2.29946 -1.16409
-9.21079 1.18945
3.55216 0.0963704
-8.80932 -0.979864
-1.53926 2.14022
1.0962 -3.63346
-1.49724 -2.25543
-3.63246 -3.53326
-8.30227 3.98686
-1.96084 -1.74713
-2.34482 -2.03187
-7.98249 3.65745
-0.677546 2.24395
-2.19187 1.85171
-2.53769 -0.196711
3.52909 0.370951
-8.63855 3.29407
3.23877 1.43983
2.38318 -3.25223
-2.42372 0.606852
-0.267189 1.34634
3.52079 0.434412
3.47618 0.689741
-8.30977 -4.37184
-2.7227 -4.45912
-9.04603 -2.24124
-4.16308 -4.30842
-8.6777 1.68887
-9.07702 -2.10155
-7.09778 -5.61284
-4.58148 3.322
-2.92872 -0.762853
-2.42813 -0.815845
-9.28446 0.415289
3.47396 0.700245
2.02458 -3.41542
-0.248156 -3.50334
1.24379 -3.0264
3.16055 -1.62847
-2.6904 -1.44503
1.95552 -2.78234
-1.22842 2.19414
-3.69756 -4.81225
-1.55594 -2.84412
-2.40669 -0.884523
-2.4153 0.626954
-7.61042 -5.64569
-8.44711 2.54808
-4.14598 -2.78211
-2.38745 -4.71093
2.94423 -1.96042
-5.26378 2.28757
-0.0723191 -2.99994
-2.13191 -2.3014
-4.876 0.509775
-7.89001 4.66264
-2.48212 0.418049
-2.95934 -0.617594
-0.955887 -2.64675
-5.78505 0.123763
-2.48796 0.406558
-7.01527 -5.73395
-8.82999 2.78515
-2.3908 0.680252
-4.6854 1.38676
-2.45844 0.511355
1.71691 -2.88791
-2.99471 -0.381821
0.376054 -3.62529
-5.78669 -0.148384
-6.61266 -6.28023
-5.75706 0.542683
-2.60256 1.40724
-2.70761 1.23317
-2.42994 -1.90846
-8.5062 -2.57609
1.99425 2.03727
-4.78985 -1.1313
-4.95621 -3.15661
3.37206 1.08267
1.12904 -3.04726
-2.32411 0.796675
-2.96104 -0.60837
-8.60471 2.00626
0.969959 1.29524
-3.6928 4.11261
-0.883658 -5.52418
-1.99006 -2.46078
-4.21245 -4.24887
-7.98554 4.51935
3.26048 -2.58091
2.6698 -2.27294
-5.46948 -1.98578
-2.73771 -5.61396
-8.72982 1.41802
-4.90061 -3.25563
-1.89462 2.02376
-8.69255 1.61946
2.52818 -2.40287
-2.88367 -5.50846
-2.40217 -1.94988
2.80022 -2.99072
-4.84921 0.704484
-0.480178 -3.42927
-1.7785 -1.97332
-2.20861 0.937345
-3.46234 3.23147
-4.67857 3.20632
2.94546 -1.9634
1.08595 -3.63258
-2.99745 -0.354859
-7.52528 5.15291
-1.48323 2.15253
-5.0964 -2.89031
-2.13281 1.89214
-8.42002 -2.86834
-2.53727 -0.204192
3.06252 -1.79172
0.280488 -3.06303
-4.90681 0.0552037
-4.16203 -2.75422
-4.32746 -2.44414
1.13872 -3.6275
-0.638933 -2.80839
-1.58684 -2.1728
0.642939 1.31584
2.03029 1.20298
-2.15797 -1.44396
-2.32914 -1.09543
-3.12148 -4.09935
-7.91766 4.62188
-2.97488 0.436726
-2.50599 0.295294
1.38367 -2.99449
3.31083 -1.32061
-3.68325 -3.46875
-3.83596 -4.67191
-2.31124 0.815486
0.679767 2.17678
0.593282 -3.08486
-8.56942 -3.7703
0.863519 -3.64535
-8.81719 -0.899694
-8.44009 3.72054
-3.81105 -3.29822
-8.43329 -4.09856
3.30332 -1.33842
-8.34206 2.84656
-6.82723 -5.99778
-5.75258 0.593199
-1.49806 -5.257
-4.78166 1.04478
-3.68612 3.02581
-3.76617 2.94392
-0.541382 -5.64081
-7.16186 4.91674
3.32905 -1.27622
-8.85419 0.148545
-2.08479 -2.35485
-2.61722 -4.54454
-2.79917 -1.18727
-3.72557 -4.78444
-1.86711 -1.86857
-2.84588 0.925743
-4.56863 1.70282
2.28816 -3.3005
0.748612 -3.08309
-3.0733 -4.14611
-1.92977 1.12809
-4.67 -1.58829
-2.41235 0.633757
-7.91512 3.78625
-3.2763 -5.20041
-4.60729 -1.77918
-4.81718 0.882874
-4.92357 2.87618
-4.02076 -2.9887
-2.94102 -0.708282
0.414148 -3.07625
-1.49862 1.26136
-5.68423 -1.15126
-8.39655 -4.18153
-5.78552 0.107055
2.26756 -2.60085
-5.52912 -1.79506
-9.2465 0.898155
-1.30104 -2.41679
-0.206929 2.23468
-5.43361 1.89806
-9.29549 0.089811
-7.05829 5.04153
-3.82212 -4.6863
-2.14964 -1.45844
-0.258792 -5.72077
-0.839223 -2.71128
-1.30815 -2.41138
-4.08151 3.81682
-7.49681 4.46954
-0.540436 -2.8502
-5.59605 -1.55177
-1.40932 2.16686
-0.253823 -2.95114
1.93934 -2.79035
-1.08432 -2.56836
-0.489076 2.23209
0.418021 -3.62971
-9.28822 -0.458812
3.32553 -1.28477
-0.915946 -5.51203
3.45814 -0.875274
-0.330662 -2.92701
-4.69764 3.1827
-2.06187 -1.60123
-8.61274 -3.65963
-8.81532 0.790493
-2.3093 -1.14166
-0.347676 -2.92138
-1.09921 -2.55875
-8.2491 -3.37021
-2.02623 1.07715
-2.53903 0.0362604
-4.7293 -1.38212
0.557368 -3.08397
-8.72642 -1.59084
-2.89632 -0.889802
-4.28596 -4.15817
-2.69447 -1.43634
0.209267 -3.05361
-5.70721 0.903612
-3.60394 3.1051
-8.65657 1.78651
-4.3101 -4.12772
-2.8963 0.775313
-8.70295 -1.72385
-2.67082 1.29622
-4.0325 2.63246
3.23403 1.45058
1.62977 -3.54076
-2.52816 0.176389
0.736701 -3.08419
-4.42919 2.00466
-3.15344 3.46834
2.27841 -3.30524
-2.37735 1.68783
-2.87083 0.855124
-8.81311 2.83359
-2.8159 -1.14246
-4.32406 3.59555
1.24056 2.12485
-9.29621 0.0351665
-0.802937 -5.55369
-8.85414 -0.268334
-2.95445 0.546082
-7.54962 4.39198
2.30839 1.17317
0.191498 -3.051
-7.67565 -5.54181
-2.6164 -4.54108
-7.81105 3.97257
-8.43641 -2.81519
-4.77517 1.07159
-2.48629 -0.58612
-1.46446 -2.28419
-8.46794 -4.01734
-3.8135 4.02767
-2.53705 0.0733291
0.249432 -3.60944
-2.95 -0.59367
-0.705059 -5.58777
1.64112 -2.91613
-7.29102 4.7528
-5.78338 -0.268233
-5.49897 1.71889
-7.99302 -3.99831
-8.22971 4.11775
-2.46068 0.504334
-5.31169 -2.31506
-5.17759 -2.72217
2.1064 -2.70128
-0.482297 -2.87313
2.8395 -2.09081
3.25192 1.40867
-2.54065 -0.120981
-7.5696 -4.84354
2.31251 -2.57004
-8.33502 -4.31745
-4.21939 2.36805
-5.74972 0.60899
-7.60099 5.05774
-3.09109 3.51047
3.41649 0.934305
0.0839638 2.21628
-4.00333 -3.01604
-8.35994 -4.26298
3.23811 -2.60466
-8.8328 0.586225
3.25633 1.39806
-4.65506 1.47658
-9.25952 -0.922596
0.155623 -3.59324
-4.5189 -3.84963
-2.83716 0.948979
-2.62543 -1.57634
-4.10525 -2.85137
-2.75387 -5.60256
1.96334 1.20983
3.55586 -0.0811431
-2.54076 -0.0159127
-7.47007 4.50802
-7.97072 3.68126
2.82143 -2.11179
2.16873 2.01444
-7.57079 5.09609
-5.36813 2.0592
-5.67082 -1.22105
-1.38394 -2.35164
3.49105 0.615273
-4.8986 0.255483
-4.76119 1.14843
-2.78656 -5.5793
1.93478 -3.44864
-2.69589 1.25456
-2.05732 -1.60819
-1.67902 1.21909
0.396223 -3.07482
-2.28321 -5.90978
0.509153 2.19003
-2.52197 -0.371754
-8.79482 -1.11226
-2.99103 0.326036
-2.7915 3.68995
-4.29295 -2.50324
3.33272 -1.26676
1.43261 -3.59114
-8.58933 -2.25692
-8.96323 -2.57646
-5.68015 1.04875
-2.35161 -5.86739
-4.62832 -3.69205
2.91588 -1.99729
-8.73407 1.39339
-0.559339 1.34454
3.21407 -1.52942
-9.29306 -0.321275
-8.85646 -0.111237
-8.83254 -0.714957
-2.87273 -0.971284
1.60729 -2.9279
0.227051 -3.05612
-8.03892 4.43614
3.53878 -0.410044
-8.85522 -0.215908
-5.77759 -0.38851
0.754654 -3.08363
-4.35793 -4.06654
-4.69214 -1.5148
-2.68979 3.73972
-0.716285 -3.33676
-5.76799 0.426302
-5.74577 0.642048
-1.30893 -3.01904
-4.77192 1.08478
3.20693 1.51251
0.611242 -3.08514
-9.26388 -0.845964
-2.00397 1.97009
0.926828 -3.64406
-2.26885 0.871257
-0.972533 -3.19887
0.603749 -3.08465
-0.54442 2.23203
2.49332 -2.43223
-1.36311 -5.32702
2.79085 -2.14638
-8.21757 4.13907
0.347256 2.20121
-2.4469 0.545692
-4.19364 -2.69826
-0.638412 -3.36925
-8.74274 3.02573
-8.75839 1.24401
-1.98003 -2.46694
-1.25755 1.29958
-1.52876 -5.24158
-3.94421 2.74309
-2.70374 1.24022
-4.49884 1.86174
-3.74854 2.96237
-2.5639 -4.58638
-5.12217 2.56671
-3.95333 2.7311
-2.91776 -0.808179
-4.90028 0.226941
1.93223 2.0461
3.07773 -1.76804
-3.36448 -5.12178
-4.11426 3.78575
-1.43954 2.16125
-6.73908 -6.11607
-3.30788 -3.90851
-1.39414 2.16955
-2.8835 -0.935032
0.253613 -3.05967
-8.27149 -4.45287
-8.50561 3.58452
-7.25809 4.79804
-4.818 3.02587
-0.994054 -2.62428
3.2319 -1.49203
-4.83772 0.773268
-4.63721 -1.69102
-5.41611 -2.14125
-8.21908 -4.56114
3.51558 -0.591087
-5.0954 2.60278
-8.58891 3.40128
-4.79416 0.990938
2.51381 -3.17943
-9.00601 -2.40931
-1.83998 -1.9016
-1.34653 2.17754
-4.7652 1.11149
3.49285 -0.719764
-3.43856 3.25395
0.66441 -3.63383
3.28414 -1.38255
3.48489 0.647096
3.47882 0.678069
-2.21461 0.931345
-2.98994 0.334504
-4.01193 -3.00258
-6.77465 -6.06873
-8.60169 -3.68795
-0.793657 -3.3025
-9.14715 1.58072
1.40964 -2.98776
-3.01371 -0.0413253
-1.86179 -1.87512
2.80901 -2.98422
-4.85561 0.663202
-3.71321 -3.42986
-2.88131 0.823349
-7.40244 4.60303
-2.76292 1.12345
-2.29966 1.76501
-2.13846 -2.2938
-2.21373 -1.34198
1.27574 -3.61054
-2.51412 0.278086
-9.21448 1.16268
-0.971265 -2.63779
-9.1004 -1.98946
-1.78427 -1.96676
1.81664 -2.84697
0.85318 -3.07865
-4.80018 0.963913
-1.42444 -2.31827
-3.23509 3.41043
-2.56938 -1.67997
3.59558 0.475332
-2.31575 -1.12664
0.439001 1.32643
-2.07104 -1.58709
-8.40803 2.6637
-8.54088 2.24275
-8.17906 -3.55412
-3.01218 0.0560494
-5.73896 -0.8033
-2.00757 1.09172
0.591664 1.31868
-3.32547 3.34251
-6.53875 -6.37336
-2.22891 -1.31253
1.25153 -3.02507
1.08475 2.14239
2.88104 -2.04096
-0.0112921 -3.5618
-0.17637 -2.97335
-2.39656 -0.915033
3.30478 -2.53246
-2.52885 -0.310595
-0.459645 2.23166
-2.35975 1.70548
-2.53965 0.0213495
-3.41961 -3.78599
-5.13377 2.53569
-1.38477 1.28156
-3.62702 -4.881
-1.8235 -1.92124
-2.78905 -1.21431
-2.53238 -0.27256
0.0819667 -3.58153
-0.27264 -3.505
-8.59921 3.37775
-5.73041 0.756993
2.82742 -2.10489
-4.84034 -0.865408
3.32649 -2.50799
-2.34659 -1.05148
-2.85055 -4.35024
-8.90952 -2.77171
2.24498 -2.61584
-3.74094 4.0787
-1.15076 -2.5246
-3.74025 -4.77054
-6.5576 -6.3498
-2.47628 -0.632208
3.52964 -0.491048
3.41042 1.04409
-5.6736 1.08085
-2.87612 0.839262
-7.78523 -4.43654
-1.90431 -1.82179
3.46936 0.721568
-0.448795 -2.88576
-8.69769 1.59066
-5.72084 -0.925206
-1.49771 2.14947
-8.86454 0.0515277
-4.75576 -1.27884
-2.3738 -1.99102
-2.15852 1.59182
3.48692 -0.749072
3.43539 -0.961323
3.33283 1.19888
-5.61872 1.31829
3.36696 -1.176
-2.57562 1.44796
-8.6873 3.16741
-1.36339 -2.36821
-4.89643 -0.380108
-4.70487 -1.47074
3.52839 -0.500972
-1.11829 2.20625
-8.71724 -1.6442
-5.58708 -1.58663
-1.04 1.32179
-0.0633134 -3.55094
-1.33048 2.18
-5.64565 1.20797
-2.51528 0.270962
-0.735704 -3.32835
-4.94907 2.8381
-5.07196 2.64258
-2.60412 -4.5549
-7.44819 5.24667
3.55448 0.0336712
-0.373011 -2.91281
-5.37819 -2.24474
1.79191 -2.85753
1.02236 -3.63761
-4.63827 -3.67567
3.50569 -0.650785
-9.07805 1.91495
-2.51475 -0.42526
0.826022 -3.08038
-5.12132 -2.84012
-8.92505 2.49194
-2.39683 -1.95809
-4.68129 -3.61244
-1.3642 1.28477
-8.60906 -2.17501
-8.86006 -2.93935
-9.24368 0.92441
-2.67588 1.29003
-4.13801 -2.79583
-5.67831 0.993549
-5.47509 -1.9687
-2.69863 -1.42739
-2.68206 -1.46265
-9.1277 -1.84978
3.55346 0.0649954
2.29021 -2.58548
2.22076 -3.33247
-1.58064 -2.17872
-2.69627 -4.4808
-2.70265 -1.41868
-8.58015 -3.74313
-1.92517 -1.79476
-2.88872 -0.916893
-8.07723 3.46803
-2.65526 1.32509
-5.50422 1.70354
-1.80363 2.0611
-4.77378 -3.46765
3.13842 -2.70513
3.39052 -2.43294
-2.91317 -0.826356
-1.8348 2.04899
-8.15831 -3.60666
-9.01968 -2.3533
-5.60228 1.38099
-3.00938 -0.202007
-2.86746 -5.52064
-8.93992 2.44243
0.76798 -3.64658
0.852736 -3.64559
-7.24883 -6.18111
-2.13555 -4.89154
3.0573 -1.79973
-2.53445 0.110249
-1.54385 -5.23392
2.27519 -2.5957
-2.33249 -4.7578
-0.392315 -5.68477
-2.29203 1.76879
-1.48414 -2.26701
-3.98472 2.69333
3.55351 -0.195161
-2.57142 1.47934
-3.75342 -4.7565
3.26825 -1.41781
-2.4925 -0.555396
-8.78336 1.06869
-8.16858 -3.58078
-3.00136 0.231051
-4.89473 0.312421
-2.53422 -0.249817
-2.38758 0.686757
0.481619 -3.63518
-2.98411 0.377232
-1.26336 2.18964
-1.89757 1.14269
-7.31921 4.71567
3.54498 0.212183
-1.85092 -1.88838
-4.88364 0.439809
-8.85657 -0.0854908
-0.556995 -2.84344
-8.64984 -1.96875
-1.55526 -2.20263
2.01952 -2.7494
-0.0983551 -2.99363
2.34217 -2.54899
3.45252 -2.3558
-8.51324 2.33745
-8.8365 0.535564
-5.72961 -0.872902
2.6959 -2.24697
-8.47264 3.65762
-2.39155 -0.920146
3.39359 1.01593
3.53667 -0.43035
-2.76108 -4.42697
-2.64334 -1.54145
-5.29706 -2.45028
-2.52492 -1.75693
-7.08161 -5.63684
-9.26834 -0.790401
-1.16654 -3.10762
-2.23638 -1.29777
-5.77753 0.292645
-5.26114 -2.53546
-8.25327 3.07242
-7.41022 -5.11973
-4.89771 0.269528
-4.17623 2.43324
-9.25958 0.764952
-8.97572 2.31835
-9.13734 1.63254
-3.00632 0.170162
-0.618753 -3.37714
0.969451 -3.64101
-9.27972 -0.624792
-7.92235 -4.15327
1.26488 -3.61559
0.575324 -3.08446
-2.55069 -4.5966
-8.30734 2.93738
-2.17436 -1.41491
-1.63075 2.1171
1.33134 -3.00726
1.81383 -3.4889
-2.72531 3.72485
3.54047 0.26492
-2.53323 0.125017
-5.27073 2.27327
-1.21205 1.30504
-1.71724 -2.71341
-2.84698 -1.05257
1.73224 -3.51326
-8.83824 0.509501
-2.55483 -1.70562
-3.27333 -3.94509
-7.33784 -6.05514
-2.51902 -0.394611
-4.34542 3.57449
3.23959 -1.47828
-1.01094 -3.19516
1.30715 -3.60588
0.895249 -3.64438
-5.3386 -2.34743
-2.91665 -0.816967
-4.81447 0.896251
2.65013 -2.29209
0.387424 -3.07408
1.7001 -2.89438
-2.98016 0.402894
-3.18056 -4.04057
1.91468 -3.45568
-2.38342 -0.952994
-4.39301 -4.02057
-0.841456 -3.28031
-5.07973 2.62948
-4.64002 3.25314
-2.22136 -1.32727
-4.78447 -1.17351
-1.46899 2.15545
-8.79604 0.967733
-4.40921 -2.267
-2.34835 0.758331
-5.42217 -2.12423
-3.02466 -4.19236
-8.48372 -2.65559
-8.84903 -2.97047
-2.00847 -2.43737
-4.46068 -3.92707
-1.47262 -2.90639
-9.19947 1.26806
-4.302 2.23503
-2.29613 -1.17164
-2.49676 -4.63779
-8.10824 3.40252
-3.88624 2.81154
3.30594 1.2725
-1.80266 1.18017
2.92153 -1.99004
-7.66627 -4.66628
-2.57088 1.45474
-1.37709 -2.35721
-8.64877 3.26148
-2.9816 0.394312
1.1203 -3.04866
-1.70825 1.21074
-5.78198 -0.302628
-8.7126 -1.67049
-8.66817 3.21453
-1.17571 -3.10217
-3.38481 3.29563
-1.93311 -5.01825
-4.86261 2.96412
-2.5296 -0.303072
-2.74744 3.71336
0.197038 -3.60149
-2.43342 -0.79205
-2.80322 1.0334
3.46603 -2.33835
-0.672325 -5.59877
0.0129773 2.21961
-1.17995 -2.50463
-4.73437 -1.39329
3.25213 -1.45222
-2.45193 -0.731505
-1.81403 2.05714
-4.62739 -1.72047
-7.74528 -4.51466
3.31935 -2.51609
-7.8694 3.86966
-3.6837 -4.8259
-2.25813 -1.25355
-2.86776 3.64769
-9.12723 1.68424
-5.78734 0.0050734
-1.63526 -5.18643
0.725444 -3.64631
-4.80886 0.923446
-2.92165 3.61646
-7.84617 3.91109
-1.74068 -2.69321
-6.92157 5.19773
2.86036 -2.9454
3.24553 -2.59686
-3.91662 -4.58663
-8.64433 -2.01709
-2.28364 0.852193
-2.6475 3.76383
-7.84845 -5.25398
-3.21479 3.42509
-8.40331 -2.92145
2.92732 -1.98256
0.842257 -3.64584
-3.9433 -4.55782
-1.34282 -2.3845
2.16808 1.18848
2.72798 -2.21407
1.63562 1.2406
-3.59844 -4.90834
1.27005 -3.02096
3.41035 -1.04623
-4.00076 2.67316
2.12205 -2.69218
-3.55745 3.14796
-4.74436 -1.3237
-2.90106 -4.30563
-3.72429 2.99813
-5.59378 1.41221
-3.52649 -4.97592
-4.67827 -1.56017
-0.00228597 -3.01576
-4.38929 -2.31559
0.459666 -3.07923
-3.8013 -3.31167
-7.76284 4.84311
-1.69551 -5.15404
-5.34945 2.10243
-1.73788 2.08451
-8.79594 2.88187
-1.44633 -2.30028
-9.2871 0.361108
-4.88638 0.411412
-8.38383 3.83228
-1.69154 2.09939
2.15318 -2.67368
-4.90098 -0.144284
-4.91942 -3.2227
-5.55895 -1.69116
-0.866307 2.22348
-3.85071 -4.63796
3.35018 -1.22157
3.16955 -2.67467
-3.58537 3.1224
-1.97087 -1.73339
-4.87677 -0.600182
-9.2959 0.0620976
0.912868 1.29914
-8.06861 -4.85662
-2.8488 0.917828
-1.19092 2.19739
1.05824 -3.05781
-4.26223 -2.57173
-4.90247 0.184255
-3.01259 -4.20369
-4.11715 2.51827
3.25312 -2.58877
0.342843 -3.06993
-1.13943 -5.42232
-2.91342 -4.29457
-2.48795 -5.78226
-1.05714 -3.17014
-9.28136 -0.596691
-8.82017 0.739536
-9.02651 -2.32483
3.5201 -0.56124
-2.1024 -1.53741
-2.7378 1.175
-4.67255 1.42538
-4.75932 -1.26426
-0.549734 -3.40386
-2.59856 1.41444
-1.77128 2.07317
-5.77193 0.376346
-8.12451 -4.74936
-2.83177 -1.09756
-7.91007 -4.17954
-2.58491 1.43456
-3.66299 -3.4947
-2.26285 -4.80632
1.56955 1.24744
-5.31739 2.17407
-1.7035 2.09567
-2.26525 -1.23868
-2.97344 0.44533
-3.9783 3.90186
3.40439 0.976837
-4.47064 3.44526
-5.55416 -1.70832
-1.51028 -2.24378
-5.29161 -2.46715
-5.66027 -1.27314
-8.47724 2.45469
-4.59122 3.31072
2.61009 -2.3299
-7.52493 -4.92188
-3.00862 0.12627
-8.50008 -2.59954
-2.58021 1.44137
-9.29621 -0.156236
-5.76192 -0.595478
-2.41402 -0.861726
-4.63145 1.54635
-9.18486 -1.51463
-7.11785 4.97051
1.32267 -3.00929
-2.53385 0.117746
-1.58717 -2.16636
-2.81342 3.67803
2.78457 -2.15335
-7.61136 -4.76793
-0.818866 -5.54795
-5.69562 0.968406
0.799387 -3.08177
2.17626 -2.6596
-8.51392 -3.90754
2.73045 -3.04067
3.53211 -0.470848
-2.23545 -2.17652
-2.4284 1.63357
-1.02815 -5.46822
-4.74775 1.17774
-5.32498 -2.38175
-2.47971 -0.616846
0.924537 -3.07302
-1.67726 -2.74649
-0.847263 -2.70704
0.067843 -3.02995
3.54327 0.233326
3.55173 -0.236456
-8.62676 -2.09679
-3.01759 3.55794
-1.79003 1.18461
-3.82688 2.87849
-1.11404 -2.54907
-1.32784 -5.33884
-1.66702 -2.09341
-0.760063 -2.75166
-8.47592 -2.68259
-4.17008 -2.74008
-5.22903 2.35736
-5.45053 1.85374
-1.60149 1.23906
-8.33752 3.92109
-2.49135 0.392403
-1.24973 -5.37434
-8.81954 -0.873785
-7.02757 -6.47971
-7.52741 -5.77444
-5.68741 -1.13407
-8.84678 -0.477718
-2.73811 -1.33904
-5.01575 2.73463
-8.59459 2.46452
-8.08342 -3.78968
0.0063652 -3.0176
3.11249 -1.71195
3.3854 1.04025
0.844087 -3.07924
-5.73664 -0.820955
-5.76651 -0.543772
-9.18321 1.373
-7.75159 4.8493
-5.63379 -1.39504
-8.19275 4.1822
2.07491 -2.7192
-3.36512 3.31139
-1.27106 -3.03911
-0.725893 2.2293
2.43624 -2.4784
-7.87881 -5.20128
-3.84915 4.00148
-2.72656 -1.36556
-9.15294 -1.71014
-0.420025 -3.45003
-7.7078 -5.48968
-5.60849 -1.4828
1.52705 -2.95508
-1.64929 -2.11159
-5.38473 -2.22726
-4.15901 -2.74306
-5.73198 -0.855753
-8.24214 4.09574
3.4458 -0.92315
-1.99903 1.09274
-8.66203 1.76186
-7.04618 -6.45535
-2.62085 1.38048
-2.73039 1.18963
3.41838 -2.39886
-0.115766 -2.98929
-4.6109 3.28774
2.29758 -2.58041
-1.5997 -5.20751
-1.63341 1.2312
-2.81912 -5.55589
-4.85354 0.676784
-2.97052 0.462262
-4.61806 1.57817
-1.31246 -5.34593
3.40747 -1.0555
-4.11234 -4.36786
-8.55428 2.19519
-1.95993 1.99296
-3.56969 -4.93555
-7.25786 -5.36746
1.86607 -2.82501
-2.48964 0.399589
-8.42391 2.61744
-1.73298 -2.6999
-8.3425 -3.10668
-1.84475 -5.07037
-3.0107 -0.174947
2.1453 -2.67841
-9.29732 -0.0447698
2.48615 -3.19549
-4.58128 -1.85222
3.55008 -0.267196
-2.17809 -4.86355
-5.14567 -2.78979
1.78316 -3.49834
3.48601 -2.31212
3.33981 -1.24868
-3.94352 3.9294
2.45079 -2.46677
-2.53301 -0.265051
1.427 -2.98312
0.386473 -3.6264
-2.51266 1.53316
-7.79156 4.80332
-4.79914 -1.08706
-2.99925 -0.336779
0.165707 -3.59641
-1.65355 -2.76671
-3.00539 -0.264853
-4.12171 -2.82363
-5.69371 -1.09918
2.46754 -3.2061
-3.00472 -0.273733
-0.89396 -2.68176
-5.33173 -2.36484
2.66333 -2.27928
-1.75629 -2.67958
-1.86334 1.1571
1.89052 -2.81373
-6.59543 -6.30238
-0.107846 -5.75764
-2.61179 -1.6023
-3.01352 -0.00578693
-5.16384 2.48129
-7.88601 -4.24454
-0.33946 -3.47591
2.00444 -2.757
-3.52836 -3.66888
-2.41812 0.620331
-7.49357 -5.82586
1.61578 -2.92502
3.32152 1.23037
-8.84794 -0.451883
-4.90703 -0.132673
-3.01177 -0.148188
1.48492 -3.57394
2.46503 -2.45535
-9.14812 -1.73774
-1.65556 2.11011
-0.227708 -3.50908
-4.93804 -3.18971
-6.93716 5.1804
2.42089 -3.232
-2.05731 -2.38511
-2.97201 0.453676
-4.90731 0.0263682
0.165003 -3.04691
-2.81259 -1.15159
-5.44623 -2.05506
-3.00329 -0.291767
-2.35834 -1.02121
-5.76934 0.409828
3.32913 1.20927
-2.91034 0.727077
-5.71271 0.871102
-2.02257 -2.42249
-4.49074 -2.08501
1.18216 -3.03819
-0.217324 -3.51196
-2.80934 -1.16045
-2.94295 -0.69932
-4.37364 2.10959
1.98472 -3.43052
3.35509 -1.19953
-8.4066 3.7876
3.47204 -0.817225
2.33585 -3.27675
-4.82239 -0.968723
-8.78179 -1.21863
-0.245325 -2.95367
-2.60587 -1.6107
-2.95093 0.562774
-8.79882 -3.13407
-8.83094 0.612123
-3.03874 3.54453
3.49503 0.593957
-4.24726 -2.59999
-2.38895 1.67589
-2.49973 -0.517108
-1.84799 -2.59647
-4.79058 3.06277
-4.89327 -0.424239
-7.2126 -6.23138
-4.83794 -0.879977
-3.0598 3.53097
-7.75928 -4.48784
-0.47509 -5.66084
1.52622 -3.56483
-2.99553 -0.37295
0.20051 -3.05233
-8.65395 -3.55014
-4.62236 -1.73537
-1.37831 2.17228
-5.72313 0.805865
-8.79898 0.942802
-7.58843 4.33356
-1.67981 2.10297
-3.86121 3.99246
-7.33343 4.69675
3.3735 -1.1576
1.65039 -3.5355
-4.20513 2.3899
3.05221 -1.80749
2.52318 -3.17391
-8.78846 -1.16543
-0.16618 -3.52567
-9.29136 -0.376409
-4.44703 1.96935
-4.85186 -0.791732
-2.33564 1.72884
-4.82522 0.841664
-5.69864 0.952004
-2.27276 1.78553
1.181 -3.62284
-2.43443 0.579744
-2.9244 -0.781039
-8.99629 2.24362
-8.16767 4.22514
1.45349 -3.58029
-1.20259 -3.08599
-1.87786 -1.85523
-2.47321 -1.84141
-5.44497 1.86838
-3.00859 0.135134
-3.54898 -3.63563
2.49529 -3.19021
-7.04859 -5.68546
-5.37178 -2.26171
3.04181 -1.82317
1.48743 -2.96606
-3.00957 0.117578
1.88246 -2.81748
-4.99272 2.77604
-4.87764 0.495527
-0.750078 2.22861
-4.89542 -0.394919
-1.56841 1.24672
-2.98768 0.351672
-7.75523 -5.41164
-0.700663 2.22995
-8.62861 1.9077
0.651179 -3.64465
-2.19089 -2.23159
-1.79281 2.06515
-8.61102 1.97984
-7.92378 -5.1222
-8.1924 -4.61514
-8.85275 -0.320818
1.19983 -3.03494
-5.52976 -1.7614
-2.28491 -2.11288
-6.96786 5.14588
-5.38044 2.0301
-4.32193 -4.11268
-5.20871 -2.65436
-5.15649 2.49474
-2.11556 1.01757
1.70165 -3.52182
-1.02444 -2.60591
-2.54984 -1.71432
0.15688 2.21252
-5.7411 -0.786174
-2.02948 -2.41513
-2.52727 -0.325871
-2.44353 -0.76234
-2.66769 1.30414
-8.43538 2.57272
-1.7768 1.18914
-8.49189 2.40777
-2.89126 -0.907953
-3.8676 -3.21867
-5.36201 2.0735
-3.01358 -0.0679066
-4.63686 1.52754
-8.26258 3.04969
-7.08818 5.00612
0.344199 -3.6217
3.26431 -1.42626
-4.21217 2.37914
-5.62974 -1.41274
-1.73647 1.20221
-3.77238 -3.35113
-4.89368 0.326427
0.00917646 -3.56693
0.781445 -3.08259
-2.15114 0.989486
-4.15728 -3.80325
2.81698 1.11313
-9.23458 1.00457
-2.70677 -1.40972
-4.92862 -3.20646
-4.61334 1.59058
-0.964372 -3.21957
-8.67763 3.19134
-5.60039 -1.53459
-5.65647 1.16051
-8.7695 1.16925
-2.31091 1.75185
2.68289 -2.26
-2.45623 0.518164
1.40107 -2.99001
-2.16253 1.87157
-9.11699 -1.90581
-0.369771 -3.46653
-1.77287 -1.97968
-2.8242 3.6721
-8.73528 -1.53751
-8.37181 -3.02147
3.46463 0.74289
3.46977 -0.829367
-1.74061 -5.12935
-4.88582 -0.511902
-7.30535 4.73398
-0.15051 -2.98031
-4.84509 -0.835844
1.68111 -3.52741
-2.29217 -4.78641
-7.45944 -5.87714
-4.67446 -1.57377
2.50735 -2.42053
-5.72056 0.822441
0.714967 -3.64617
3.20083 -1.55508
-8.84916 0.304028
3.19288 1.54344
-2.3189 -1.11923
1.89506 1.21668
2.31676 -3.28637
-4.63045 3.26461
-1.07697 -2.57307
2.37385 -3.25714
-7.51894 -5.79331
3.10266 -1.7281
-9.04184 2.0676
-1.41158 -2.94752
-4.81284 0.959446
-3.18418 3.44691
-1.19386 -3.09146
-3.68038 4.12103
-1.27293 -2.43789
2.67645 -2.26639
-0.870642 -2.6945
-5.78716 0.0223497
-4.68339 -1.54429
-2.52383 -0.356451
-1.98081 -1.71962
-8.24416 3.09446
-4.95766 2.8251
-0.96401 -5.49356
1.90684 -2.80604
-4.45562 3.44872
-4.80346 -3.41862
-4.75351 -3.53627
1.00479 -3.06462
-4.84472 0.732124
-5.76348 -0.578406
-4.06104 -4.4269
2.1331 -3.37135
-2.27916 1.78003
-2.19655 0.94875
-1.87797 -2.56812
-3.0001 -0.327876
-0.342104 -5.69868
-9.25397 -0.957214
-2.90343 0.751248
0.281205 -3.61378
3.44969 0.806841
-1.21825 -5.38828
-5.61059 1.34968
-4.88298 -0.541311
-4.08675 2.56026
-8.84807 0.329497
1.58844 -3.5509
-8.83441 -0.688903
3.40623 -1.03952
-8.32595 3.94285
3.27753 1.34587
-1.29413 -2.42204
-2.85154 -5.53231
1.40139 -3.59013
-4.06767 -4.40945
-2.40913 -0.877001
3.55525 -0.132992
-4.6769 1.41258
-8.64003 1.85921
-8.28958 2.98256
-8.33335 2.86966
-2.84601 3.65997
-2.02941 1.95605
3.40134 0.987309
-2.7786 -1.24105
-2.22034 0.925497
0.757093 -3.64704
-3.03335 -4.18297
1.68326 -2.90074
3.44183 0.838649
3.35525 -2.47484
2.96095 -1.93809
-2.90128 -0.871644
-1.24467 -2.45872
-3.61305 3.09655
-2.70914 -4.47022
-1.1145 1.30316
-5.02794 -3.02422
3.19254 -2.65165
-3.40441 3.27973
-8.58292 -2.28321
-2.53975 -0.151231
1.94729 -2.78644
-8.39496 -2.9476
-4.61743 -1.74984
-2.52294 -0.363966
3.55589 -0.0602959
-9.16466 1.47183
-9.10609 1.78726
-2.66083 -1.50645
-2.99637 3.57121
-1.87509 2.0323
-2.09285 1.03409
-2.52974 0.161714
1.10713 -3.63064
-5.11091 2.57595
-5.15384 -2.77266
1.80352 -3.4921
-2.07815 -4.92855
-4.5616 3.34477
-9.29044 0.280082
-9.04814 2.04181
-4.03514 -4.45624
1.13804 -3.04579
-3.91961 2.77252
-1.014 1.32385
-9.01298 -2.3809
-4.61083 3.26129
-2.23516 0.924365
-5.42208 1.92763
-1.11225 -3.13922
-8.74302 -3.30096
-9.03563 2.09247
-0.313391 2.23019
-2.45025 1.60889
-8.11081 -4.77586
-8.46231 2.50147
3.54143 0.254484
1.30516 -3.01329
-2.41881 -0.846441
-4.87341 -0.629644
-2.46745 -0.666332
0.493676 -3.63049
-7.96797 -5.04295
2.89274 -2.02649
1.22322 -3.61768
-2.14962 -4.88234
-4.07137 2.58108
-2.9844 -0.463292
-4.25436 2.31313
-2.79576 3.80341
-2.79349 1.05605
-2.29708 -2.09678
-2.24807 0.895618
1.83317 -2.83975
-1.25169 -2.4536
-0.685771 -5.59356
-5.33671 2.13125
3.01005 -1.86974
-5.66348 1.12861
-5.3744 2.04445
-0.82344 -2.71954
-2.75233 1.14557
-9.2407 0.951421
-2.73655 3.71904
-3.00966 -0.157677
-4.2266 3.6883
-4.54855 -1.9399
-2.87846 3.64157
3.52545 -2.25871
-5.5194 1.65822
-1.43639 -5.28738
3.5124 -0.611029
3.38625 -1.12064
-5.7795 -0.354032
-3.93018 -4.57203
-2.94172 0.6042
-3.00014 -4.21532
-8.77313 1.14377
-3.01247 0.0473541
0.629924 -3.6439
-9.29669 -0.0743344
-3.39448 3.28781
-0.579299 -3.3926
-4.8577 0.649024
-3.04905 -4.16929
-3.88491 3.9746
-3.01236 -0.130284
-4.69192 -3.59617
-7.99879 4.4989
-1.52961 -2.22629
1.07603 -3.05532
-8.62909 3.30825
-1.22933 -3.0696
-0.490526 -2.86996
-3.46343 -3.73613
-0.410115 -3.45335
-1.48065 1.26486
-3.96055 2.72322
-2.40341 0.653709
-2.9266 -0.771813
-0.659213 -2.79829
-7.41688 5.28388
-2.8914 0.791374
-3.00605 -0.255713
-9.26201 0.737768
3.45575 -0.884763
-2.94359 0.596034
-3.61661 -4.85488
-1.98476 1.9619
-2.46706 0.483609
-5.53418 -1.77792
-6.70323 -6.16326
-2.94491 -0.69009
-2.35363 1.71136
-6.98168 -5.7823
-2.034 -1.64324
-1.53937 -2.85677
-4.7484 -1.30842
-8.44447 -4.07214
-8.39509 3.81019
1.05432 -3.63525
2.98303 -1.90786
-2.59062 -4.56552
-1.60533 2.12392
-0.500857 -3.11585
-2.34959 -1.04383
-3.45237 -3.74882
-3.04262 -5.38787
-5.14888 2.50855
1.76708 -2.86786
-7.51261 -4.94448
1.04044 -3.06019
3.4948 -0.709779
0.0327298 -3.02302
-7.8635 -5.22799
-0.0425925 -3.55567
-3.00056 0.239611
-1.52325 -2.23208
-2.84582 -0.0667824
-0.0287231 -3.00998
2.40787 -2.50026
-0.107128 -2.99144
-4.32855 2.18973
1.28611 -3.60903
-0.559503 -3.40017
-5.06263 -2.95739
-5.75621 -0.647435
-1.96474 -1.74125
-9.20907 -1.34687
-5.62873 1.25186
-0.0561147 2.22252
-0.270981 -2.94593
-4.701 1.34696
-2.66986 3.75285
-8.84687 0.355733
-2.11853 -2.31677
-3.00751 0.152662
-1.85563 -2.58931
-2.99313 0.308815
-1.71497 2.09203
-2.16486 -2.26281
-4.79715 0.977631
-3.39433 -5.09554
-1.99429 -2.45219
3.53946 0.275658
-5.27744 2.25936
3.1736 1.58483
-1.82764 1.17103
3.39504 1.00856
-2.94928 -0.671782
-1.33939 -2.38818
-3.99614 -4.49983
-8.22514 -3.43875
-4.81993 0.86899
-3.90299 2.79209
1.14677 -3.04434
-2.42004 -5.82557
2.72149 -3.0469
-3.15693 -4.06425
-2.66943 -1.4889
-4.88161 -3.28849
-8.09073 4.35392
-8.06128 -3.84194
-2.51693 -0.409932
-4.27062 -4.17199
-0.945601 -3.22921
-2.90008 3.62909
3.55223 -0.225993
-1.12125 -3.13407
-0.381038 1.3465
2.43014 -3.22694
0.494683 -3.08141
3.16932 -1.61362
-1.81016 -2.6314
-0.590649 -3.39063
-2.47843 -1.83311
-8.75057 1.29397
-0.785685 1.33749
-5.2431 2.32945
-4.67091 -3.62822
-3.7308 2.98069
-1.40542 -5.30232
0.289275 -3.06408
-4.35571 -2.38663
-4.90267 0.098974
-2.24276 0.90155
-0.146631 1.34511
-4.02452 3.8644
-1.81506 -5.08745
-1.47097 -2.27853
-2.80003 1.04089
-1.52272 -2.86934
-1.68043 -5.16227
-7.73965 -5.43743
3.5473 0.180655
-1.80238 -2.63812
-4.34163 2.16691
-2.16971 1.86644
-2.52378 -4.61726
2.55064 -3.15749
-2.48944 -0.570757
-3.84938 -4.65792
-2.95952 0.521089
-2.206 -1.35666
-1.70144 -2.72685
-2.27736 -1.21416
-2.08642 1.92223
-2.08912 -1.55869
-2.36559 1.69967
-9.20713 1.21543
2.86341 -2.0624
-8.56842 3.44732
-1.725 -2.70676
-1.60489 -5.20242
-5.78451 0.140956
2.19915 -2.64537
-2.43178 0.586758
-1.24717 -3.0585
1.47435 -3.57611
3.24794 -1.46101
-5.59152 -1.56946
-2.32211 -1.11159
-8.35157 -3.0798
2.97204 -1.92302
-2.87817 -0.953163
-8.63861 -2.0434
1.56461 -2.94218
-7.67722 4.19512
-2.34618 -4.74811
2.47178 -3.18324
-5.3978 1.98585
-1.75815 -2.69223
-4.24958 -4.20342
-0.0615643 1.34038
3.5557 -0.0291301
-2.75585 1.13828
-5.48327 1.76391
-0.145607 -3.53096
-8.19951 -3.50152
3.55056 0.128094
-0.80313 -3.29816
-5.70443 0.919603
-8.30086 2.94909
-8.20502 4.16092
-2.0365 -2.40751
-2.48304 -0.601483
-8.76591 1.19395
-4.89578 0.298001
-8.41183 -2.89451
-4.40258 -2.28686
-4.74347 -3.51593
-1.31784 -3.01322
3.01548 -1.86191
-7.22642 -5.41678
-5.69267 0.984329
-5.34528 -2.3305
-5.31074 2.18857
3.28581 1.32489
-1.93548 -1.78117
-8.85658 -0.0332808
-0.490021 -3.42576
2.25548 -2.60756
-8.68784 1.63983
-3.57008 -3.61017
-0.175163 -5.7417
0.312685 -3.61788
-7.27706 4.771
-2.40323 -5.83613
0.102879 -3.58541
1.37012 -3.59565
-4.15016 -4.3235
-9.05871 -2.1852
-9.11157 1.76118
3.12698 -1.68772
3.18497 -2.65928
-7.84859 -4.3083
-2.74141 1.16778
-7.46929 -5.01954
-2.78012 1.0862
3.45229 0.796029
-4.87438 0.523598
-2.5089 -0.463492
-3.622 -3.54633
2.71276 -3.05291
-2.65939 1.31819
-7.71429 4.13525
-1.55938 -5.22598
0.789248 -3.64652
1.97165 -2.77423
-5.42835 -2.1067
-3.40778 -3.79892
-8.20598 -4.58776
-1.23534 1.3023
-3.71179 -4.79816
-1.92307 2.01078
2.4294 -2.48362
-2.87001 -0.980209
-2.09442 1.91721
-6.71832 -6.33658
-1.95586 -1.75388
-8.85599 -0.163542
0.937748 -3.64263
-8.55266 2.17676
0.369532 -3.07249
-9.10596 -1.96185
-2.85447 0.902172
-5.6048 -1.51689
-2.5218 0.22742
-8.32483 2.89205
-1.59692 -2.81223
-5.58076 1.45864
-1.15762 -3.1129
3.54685 -0.36659
-4.46635 -2.14299
-2.90808 0.735066
3.34755 1.15662
-4.72169 1.26978
-4.89151 0.333628
3.38933 -1.11149
-5.30424 2.20262
0.460422 -3.63344
-1.81237 -1.93433
-8.65571 -1.9637
-7.35536 -6.02968
2.47921 -2.44384
1.06701 -3.0566
-2.13018 1.00638
-5.51337 -1.84746
0.836566 -3.62219
0.357634 -3.07621
-3.72331 -3.4166
2.85493 -2.07476
-5.4808 -1.95111
-0.675755 2.23047
-1.88853 -1.84185
-0.227248 1.34605
-2.67721 -1.47127
-4.84482 2.98899
2.59622 1.14006
-1.55167 1.25041
-2.51974 0.241965
-2.4691 0.47698
1.35764 -3.00098
-8.94714 2.41797
-4.10201 2.53932
-4.23713 -4.21875
-1.46727 -5.27227
-7.14732 4.93467
-2.63899 -1.55006
-9.13227 1.65891
-4.85407 -0.776745
-2.10506 -2.33209
-7.63962 4.25458
2.55991 -3.15272
-5.50928 1.6886
-9.20133 -1.40277
-2.32522 -1.10418
1.5817 -2.93657
-7.8227 3.95232
-9.17462 1.42529
-4.25925 3.65783
-2.96328 -4.24937
1.04922 -3.05903
-2.76989 1.10855
-8.83054 -0.741786
-2.03865 -1.63633
-2.51475 -1.77395
-4.58381 1.66573
-1.45163 -5.27984
-3.92009 3.94766
2.77844 -2.1601
-5.47252 1.79395
-2.47116 0.469672
-4.89141 0.354805
-8.46219 3.67538
-2.35251 -1.03635
-4.74409 1.19116
-2.48145 -0.608966
2.70428 -3.06044
2.59617 -3.12946
-0.382607 -2.90586
-3.39748 -3.81078
-0.845732 1.33461
0.262662 -3.06083
-4.54778 1.75219
-3.88623 -3.19187
-4.38756 3.5324
3.10771 1.71822
3.41033 -2.40605
-4.04829 -4.44137
-5.57791 -1.62149
3.50397 -0.660545
3.41612 -1.02745
-2.96904 0.470588
3.26493 1.37713
-4.34838 -2.40153
-3.34168 -3.87211
-2.1904 0.954869
0.407631 -3.62857
3.17692 -2.66668
0.51328 -3.63754
-1.64562 -2.77319
-2.91485 0.710825
-2.78686 1.07116
2.86902 -2.93869
2.49601 -2.42461
-2.98052 -0.490646
3.18329 1.56416
0.111862 -3.03802
-2.47128 -5.793
-7.61414 4.29417
-4.90314 0.169724
-1.4809 -2.9003
-9.28288 -0.569414
-7.67514 4.20961
-2.07567 -1.57988
-7.69153 -5.51614
-2.53104 -0.287811
-2.26612 1.79118
-2.54081 -0.113548
-2.14778 1.8819
-7.63897 -4.71715
-3.83534 2.86914
-4.42777 -3.97441
-3.01291 0.0296585
1.02262 -3.06246
-4.82777 0.828177
3.54673 -0.318365
-8.65013 -1.99004
-4.46422 1.93535
-0.723564 1.33999
-9.27274 0.603856
3.45327 -0.894467
-0.598093 -2.82619
-1.88625 1.14758
-8.83437 -3.02262
-4.28946 3.623
-3.00095 -0.318713
-4.87169 -0.644165
-9.26612 -0.818584
-5.63817 1.23966
-2.27921 -1.20889
-2.52102 -0.379297
-9.26867 0.657647
3.34025 1.17776
-0.692182 1.3411
1.69813 1.23567
-2.52467 0.205654
1.63993 -3.53818
3.43807 -0.951659
-2.23172 0.913565
-5.76504 -0.560833
-2.86719 -0.989396
3.54517 -0.338833
-1.8004 -5.0958
-1.18669 -5.40206
0.23176 2.20832
2.44887 -3.21658
-1.58886 -2.81857
0.858123 1.30276
-2.93842 -4.27203
-1.8809 -1.85043
-4.83283 0.800754
2.21454 -2.63558
-8.36727 2.77836
-9.2815 0.469386
-5.75323 -0.681942
-4.4477 -2.18617
-9.06483 -2.15759
-2.79951 -4.39437
3.29684 -1.34945
0.873993 -3.64506
-1.84055 -2.60341
-7.3956 -5.14421
-3.50068 3.19846
3.49926 -2.29441
-2.82212 0.9875
-8.57884 3.42408
3.55113 0.117411
2.81531 -2.11876
-8.72445 3.07295
-8.5272 2.29017
-4.14676 2.47634
3.15821 1.61653
-4.40908 -2.27268
-0.364657 -2.91566
2.61432 -3.118
-2.95788 0.529348
-4.71277 -3.56405
-0.491407 -5.65598
-1.03865 -3.18025
-8.38454 -4.20844
0.294036 1.33279
-0.155802 2.22612
2.19146 -3.34579
-0.0548461 -3.00404
-4.45004 3.46722
-8.49886 2.3856
-2.53916 -0.166376
-3.64979 3.06143
-0.854957 -2.70293
-9.15188 1.55514
-4.57141 3.33357
-2.89967 -5.49682
-4.55215 -3.80269
1.04356 -3.63609
-8.39188 2.70982
1.97487 -3.43417
-1.28264 -3.03604
-2.1069 -4.91012
-7.44251 -5.90235
-3.00735 -0.23768
-9.1116 -1.93342
-0.655243 -2.8011
-1.78526 -5.10437
-7.37303 -6.00436
2.20653 1.2056
-8.45486 2.52447
-8.49469 3.60764
-8.6726 1.71299
-1.28004 -2.43263
-1.13946 -3.12353
-3.83562 4.04284
-1.94409 -2.50343
-4.08077 2.56646
-8.80087 -1.05913
-1.74983 -2.00537
-4.70591 1.32205
-4.04024 2.62236
-8.8787 2.63959
-2.11119 -1.5231
-1.13709 2.20439
3.51133 0.498243
-4.57368 1.6906
-8.26846 -3.31744
-1.12881 -2.53931
-3.01028 -0.18405
-2.52077 0.234804
3.39549 -1.09289
-2.19819 -1.37132
-7.34998 -5.21946
-2.99514 0.291563
-0.489546 1.34565
-7.93761 3.74427
-2.36694 0.72607
-1.0592 2.2116
3.12011 1.07401
-2.53048 0.154474
-4.84302 -3.35398
3.50744 -0.640714
-0.432151 2.23181
-2.96597 0.487461
-8.50626 2.3607
2.88699 -2.03363
3.39247 -1.10206
1.46407 -3.57818
-8.85114 0.252275
-4.8427 -0.850605
3.47423 -0.80765
-5.54427 -1.74313
0.968831 -3.06872
-2.53739 1.50082
-4.22459 -2.64207
-5.77195 -0.474584
-4.12456 2.50786
-8.82852 -0.767855
-4.49112 3.42315
-4.2485 3.66792
-8.95567 -2.60484
-4.23351 2.3461
2.61689 -2.32359
-2.30023 -5.89953
-4.28852 2.25753
1.06476 -3.6344
-8.8502 0.277782
-1.99068 -1.7058
-2.30472 1.75746
0.0716925 -3.57953
-5.39103 -2.21028
-7.4768 -5.85113
-8.93293 -2.68835
-1.09143 1.31738
3.02073 -1.8543
-8.75602 -1.40462
3.083 -1.75929
-1.85515 2.04071
-2.45164 0.53195
-2.31993 0.802879
0.906651 -3.07459
-5.71685 -0.959721
3.51864 -0.571102
-4.48074 3.43438
-2.74572 -1.32125
-4.90391 -0.247493
-1.57442 -5.21825
-4.79307 -1.11628
-4.51126 -2.03167
-2.52647 0.191036
-4.02929 -2.9752
-5.08801 -2.90736
-1.75537 -5.12114
3.54657 0.191057
-2.6053 -5.70498
0.269384 2.20609
-6.98291 5.1288
-2.46549 -0.678064
1.96472 -3.43789
-1.76705 -1.98622
-5.77735 0.327181
-2.46623 1.59027
-2.4969 -0.532466
-4.3346 3.58519
-3.61182 -3.55899
-2.50074 0.349927
-0.389961 -3.46
3.14141 -1.663
-5.64541 -1.34295
3.35821 1.12504
-9.21146 -1.36226
3.02693 -2.808
-8.5674 2.14749
1.0261 1.29129
-0.955757 2.21915
0.155161 1.33787
-3.01311 0.0206764
-3.25536 3.39555
-2.35964 0.739056
-0.133151 -2.98485
-0.569553 -3.39635
-7.40792 -5.95342
-2.77674 -5.59573
-4.90709 0.0405796
-4.2168 -2.65634
-8.23466 3.11737
-3.49128 3.20664
-3.01002 0.108918
-4.81115 -1.02791
-8.54219 -2.44324
3.52224 0.423924
1.54699 -3.56052
1.23361 -3.61633
-3.54792 3.15659
2.98012 -2.85536
-0.156048 -3.52829
1.71324 2.07207
-2.89379 -0.898752
-4.02231 -4.47066
-0.954861 -3.22448
-5.32381 2.15997
-1.51679 1.25775
-0.926765 -3.23874
3.24761 1.41896
-5.77658 -0.405508
-7.47522 4.50587
-2.94549 0.587613
3.31824 -1.30272
-8.13835 3.33739
-2.41175 1.65178
0.512625 -3.08228
-4.62753 1.5529
-8.40011 2.68644
3.55503 -0.143524
-0.379723 -3.46333
-0.931829 -5.50597
-7.71998 -4.56424
-2.50911 0.306923
-1.69109 -2.06848
-4.41634 -3.98967
-0.454312 1.34604
-2.28606 -1.19396
-5.12626 2.549
3.4548 0.785527
-2.61199 1.39415
-1.23839 -3.06398
-5.56441 1.50324
0.439235 -3.63157
3.50792 0.519538
-3.85837 -3.23185
0.746712 -3.64651
0.545268 -3.63966
-4.87918 0.481678
-5.0877 2.61595
-7.01331 5.09395
0.239086 -3.60788
-5.72558 0.789752
3.2162 1.49173
-0.746276 -3.325
-5.66712 1.11303
-5.70936 0.727039
-8.76 -1.37758
-7.34717 4.67833
-7.81087 -4.38516
-3.48156 3.21503
3.55122 -0.24661
3.36031 -1.19431
-5.46716 1.80871
-1.32647 -3.00754
2.81753 -2.97789
1.44371 1.25846
-1.21601 -2.47934
-0.242288 -5.725
-2.16621 -1.42945
-1.6183 2.12048
-4.90773 -0.0746391
-4.16904 2.44385
-4.86807 -0.673651
-4.8617 0.621205
-0.573513 -2.83658
-2.19724 -2.22386
-3.80964 2.89738
-5.78121 -0.319587
-0.423696 -2.89495
-1.69368 -2.06243
-0.159052 -2.97804
-0.0735117 -3.54857
-4.89438 -0.409362
-2.54123 -0.0833891
-5.67031 1.09663
-0.325663 -5.70314
0.0854904 -3.03326
3.53162 0.349719
-2.71914 1.21134
-4.6978 1.34807
2.32737 -2.55956
-8.85525 0.0965722
-1.00927 -2.61513
-3.1636 3.4613
-1.4044 1.27838
1.22617 -3.02991
-2.46358 -0.685849
-3.26198 -3.95699
-0.799792 -2.73173
-2.84403 -1.06147
-7.6753 4.96117
-2.53748 0.0659389
-5.31112 -2.41603
-4.50267 -2.05597
-1.20159 -2.48954
-2.98589 3.5777
-0.783889 -3.30693
-2.81592 1.00286
2.74438 1.1217
-2.24857 -5.93048
-9.16692 -1.62628
-2.39086 -1.96642
-2.17892 -5.97132
-5.16173 -2.75601
-4.86241 -3.32127
-6.89669 -5.90221
-4.64971 -3.66018
-0.727977 -2.76727
-0.0218441 -3.56027
3.18803 1.55397
-4.70986 1.30922
-5.41633 1.94217
-3.62241 3.08768
-1.31503 -2.4061
-2.38876 -0.937774
-3.34534 3.32702
-9.17028 1.45101
-1.16538 -2.51465
-8.90989 2.54131
-9.29377 -0.293405
-1.77055 -5.11265
-2.51548 -0.418493
-3.01084 0.0913214
-4.65146 -1.64718
-4.90614 0.0839854
-3.58429 -4.92177
0.0591557 -3.02828
-3.13274 3.48252
-4.225 -4.2336
-8.89444 2.59053
2.88603 -2.92539
-0.590185 -2.8296
-2.48619 0.413715
-8.09672 -4.80304
-8.22944 -3.42293
-5.13768 -2.80642
-2.36337 0.732476
-5.2148 2.38515
-2.0174 1.08233
-6.8621 -5.95007
-7.58614 5.07666
-0.776034 -2.74373
-2.68794 1.26884
-2.45392 0.525158
-4.30258 3.61646
-1.54247 -2.21449
-8.00328 3.61784
-1.04697 -2.59199
-8.79173 -1.13846
-5.24337 2.351
-0.931681 1.32993
-4.72548 1.25685
-2.0005 -1.69192
-0.0198289 -3.01195
3.55165 0.107041
2.87524 -2.04806
-2.97356 -0.535919
-5.4616 1.82388
0.576963 -3.64148
0.700787 -3.08499
-3.74287 -3.3906
-7.90366 4.64259
-4.83516 0.785279
-8.78006 1.0935
-4.28183 2.26857
2.9195 -2.89853
3.54349 -0.359267
-2.46733 -0.670494
-2.86819 0.86292
1.84153 -2.83605
-4.80882 3.03834
-0.912201 2.22174
-8.84414 -0.530524
-4.10417 3.79745
-8.69904 -3.41803
-1.98569 -1.71282
-7.3887 4.62184
-1.61186 -2.1486
-3.96685 3.91099
2.43965 -3.2217
0.10933 1.33932
3.17839 1.57465
-8.94825 -2.63241
-2.38421 0.693502
3.51241 -2.27661
-4.5938 1.64077
-8.52511 -3.86552
0.390474 1.32867
3.13879 1.65677
1.78826 -2.86308
-4.12672 3.77793
-3.29626 -3.92087
-3.93116 3.93758
-4.1616 2.45475
3.15385 1.62607
-9.29443 -0.2662
-1.0439 -5.46187
-2.63646 3.76919
2.34523 -3.27196
-8.84289 0.432693
-8.84121 -0.58327
-0.457686 -2.88254
-9.08246 -2.07414
1.21748 -3.0316
-4.88025 2.93911
-3.20467 3.43237
-2.57186 -5.72732
2.89437 -2.9188
-1.96879 1.9885
0.176044 -3.59812
-3.8374 4.01014
-2.94731 0.579425
0.958988 -3.64157
-2.42886 -4.68836
-5.78637 -0.165262
3.01062 -2.82227
-2.49774 0.36464
-2.83074 -4.36526
-5.44036 -2.07211
-0.0894692 2.22381
-9.27042 -0.763042
1.56773 -3.55577
-2.45974 -0.701201
-7.44311 4.54629
-7.43991 -5.06969
-2.49465 -0.541951
3.09913 -2.74246
-7.89238 3.82805
-4.76295 -1.24925
-2.60758 1.40086
0.539377 -3.08338
-7.08374 -6.40577
-8.16788 3.27187
-3.77762 4.05353
-7.87348 -4.2567
-1.5932 -2.1667
0.023941 -3.02126
2.2826 -2.59068
-8.46826 -2.70882
-0.021557 1.34279
-1.07934 2.20985
-3.65544 -4.85352
-1.39013 -5.30962
-7.59416 -5.67121
-5.56384 -1.67349
-4.42306 2.01658
-4.82865 -0.945162
-3.90342 -4.60078
-7.24195 -5.39249
-8.99915 -2.4369
3.42996 -0.981502
-4.73709 -1.35256
-4.90642 -0.16174
-3.64078 3.07013
-2.04929 -4.94683
-0.879569 -3.26205
-8.78521 -1.19164
-1.69699 -2.0623
1.04224 -3.05719
-3.0852 -4.13465
-8.6827 -1.83061
1.55752 -3.55813
-8.41771 3.76551
1.86438 -3.47268
3.22695 -1.50393
0.620093 -3.08524
-3.87708 -3.20508
-8.11589 -3.71155
-7.97733 4.51111
-5.04246 -3.0079
3.53331 -0.46059
-7.83398 4.74352
-5.65294 -1.30804
-4.49664 -2.07071
-4.03586 3.85512
0.691939 -3.08512
3.51461 0.476954
3.36169 1.11443
-8.8501 -0.399263
-0.657991 -3.36121
2.73914 -3.0346
-8.10407 4.33127
-3.66801 3.04368
-2.51992 -1.76532
3.34326 -1.23975
3.37879 1.06147
-7.9312 4.60172
-4.13951 2.48664
-0.417495 1.34647
3.54074 0.248944
-3.6683 4.12916
-7.98154 -4.02393
-8.81459 -0.926807
-3.01105 -5.41239
-4.09429 2.54995
-1.72649 -2.03084
2.2592 -3.31468
-0.313614 -2.93254
-1.01675 -2.6106
-3.73308 -3.4037
3.55525 0.00202666
3.22535 1.47093
-5.77825 -0.371132
-4.29884 -2.50107
2.7152 -2.22728
-4.80827 -1.0425
3.31197 -2.52441
2.57796 -3.14079
-1.64265 -2.11812
-2.44561 -0.754787
-8.35044 2.82409
-0.27605 -5.71636
-4.88973 -0.468048
-1.2659 -2.44315
-2.90639 0.743766
-2.20217 -1.36389
-2.06653 -1.59406
-8.32309 -4.31554
-5.58953 1.42756
2.05422 -3.40382
3.22981 1.46067
2.54841 -2.38564
-2.8499 -1.04341
-0.296534 -2.93798
-2.86276 0.878706
3.3836 -2.44128
-2.47703 0.448792
-5.78693 0.039113
1.82384 -3.48576
-1.03929 2.2132
-0.349543 -3.47296
-3.96798 -3.07053
-4.28428 -2.52945
-4.93198 2.86359
-4.55963 -1.9107
-2.24632 1.80765
-8.55821 3.47024
-1.83467 -1.90801
-4.3559 3.56405
-0.901859 -2.67739
-3.82048 -3.28514
-1.2589 -2.44831
-0.167843 -2.97567
-2.9792 -0.499591
-7.72353 -5.46395
2.86925 -2.05535
-2.29307 0.840491
-8.85338 0.17363
-0.11484 -3.53866
-1.92012 -1.80139
-7.43233 5.26558
-2.8864 0.807386
-2.92778 0.661793
-7.27324 -5.3431
-2.93174 -5.47285
-1.79483 -2.64529
2.67716 -3.07703
-7.60146 4.31343
-7.06452 -6.43073
-0.20875 -5.73344
-4.08038 -2.89266
-4.98271 2.78663
-2.61831 -0.916883
-5.71584 0.85535
3.28091 1.3449
-4.24044 -2.61314
-4.84245 0.74572
-2.71149 1.22581
3.47645 -0.797773
1.03312 -3.63688
-4.70071 -1.48529
1.16447 -3.04132
-1.34386 1.28783
0.693701 -3.64579
-3.61293 -4.89447
-2.80962 1.01816
1.87465 -2.82091
-4.68953 1.37401
-8.34936 3.89863
1.51598 -3.56738
1.35949 -3.5973
-3.24538 3.4029
2.03545 -2.74087
0.405326 -3.07556
-3.75281 -3.37745
3.54745 -0.308268
-8.73095 -1.5638
-8.84695 0.436148
2.39336 -2.51128
0.225485 -3.05827
3.51618 0.466469
-6.6671 -6.2103
-2.5348 -0.242081
-5.2828 -2.48448
-8.1582 3.29354
-0.934451 2.22046
1.29679 -3.60744
-7.82004 4.76331
-0.135459 -3.53353
-5.6638 -1.25595
-1.06938 -2.5779
-1.02952 -3.1852
-2.82514 0.979913
-3.00175 -0.309815
-3.31904 -3.89654
2.24964 -3.31899
-0.783889 -2.73979
-2.58851 -1.64548
-0.755343 1.33878
2.16081 -2.66905
-1.54983 -2.20796
-7.35361 5.35762
-8.84293 -2.99514
3.28985 1.31454
-2.44464 1.61503
-8.63264 -2.07048
1.60912 -3.54589
-0.373602 2.23118
-2.8324 0.934752
-5.48711 1.74794
-8.75207 -1.43087
1.34878 -3.00313
-3.00666 -0.24684
2.63028 -2.31102
-9.29548 -0.211187
-4.72584 3.14716
3.54998 0.138473
-4.8992 -0.336353
-1.86502 2.03658
3.51927 0.445192
1.49518 -3.57181
-1.34393 -2.99596
-8.82548 -3.0509
-3.7811 -4.72844
-3.53863 3.16493
-2.53499 -1.73986
-3.43348 3.25575
-1.91478 -1.8083
-4.76996 -1.21964
-0.283102 2.22957
-9.09507 1.83858
-5.78394 0.15764
-2.79592 -1.19637
3.5026 0.551335
-1.65019 -5.17849
-5.74161 0.675041
-1.68502 -2.07482
-5.76202 0.493034
1.34915 -3.59919
-7.41592 4.58436
-2.99772 0.265627
-9.21799 1.13666
3.37029 -1.16667
-1.03896 -2.59681
-0.523839 -2.85688
-4.52018 -2.01256
2.63269 -2.68332
3.33623 -1.25786
-3.45284 3.23951
-4.87218 -3.30465
-4.86428 -0.703151
-2.62332 -4.68605
-4.73535 3.13501
-0.187846 1.34565
-7.70804 -4.61467
1.6602 -2.91122
-8.65836 3.23838
1.36624 -2.99886
-0.419474 -5.67569
-3.8395 -3.25854
-4.34581 -4.08208
-1.70923 -2.72024
-2.33469 -5.87857
-5.56267 1.52054
2.40051 -2.50586
1.74218 -2.87786
-4.64603 1.5021
-9.27439 -0.707545
1.10255 -3.05141
-2.88886 0.799492
-1.30147 1.29384
-0.440117 -3.44322
0.200331 1.33633
-2.52277 0.220244
-4.12486 -4.35325
-4.94714 -3.17343
-8.28738 -3.26486
-2.12103 -4.90099
-0.571118 2.23188
-0.219416 -2.96126
-1.56625 2.13381
0.587366 -3.64226
-8.68796 -1.80353
1.96347 -2.77836
-8.57376 2.12394
-5.74939 -0.716666
-4.18243 3.72859
-2.48696 1.5776
-2.02919 -1.65034
1.50721 1.25296
1.11756 -3.62963
-2.11759 1.90227
-3.49735 -5.00279
-1.57423 -2.18481
-4.42212 -2.24388
0.147274 -3.04405
3.19647 -1.56332
-2.81915 0.995443
0.749119 1.30962
-1.77181 -2.66588
2.91015 -2.0045
-2.54129 -0.0609274
-8.37536 2.75629
1.76773 2.06552
3.56082 -0.221342
-0.176423 -3.52258
-2.0245 -1.65723
-2.53502 0.102964
3.26058 1.38776
2.29761 -3.29587
3.4806 0.668418
-1.4043 -2.33501
-8.28988 4.01146
-5.63051 1.27127
-8.25415 4.07432
-0.581636 -2.83317
-9.26428 0.711346
-0.186722 -3.52025
1.50466 -2.96093
-1.59259 2.12723
-2.54039 -0.000944854
-0.798142 2.227
2.04445 -3.40768
-4.41706 2.02819
-7.48366 -4.9948
-3.79179 -3.32472
-5.05606 2.6691
-1.66387 2.10315
-1.76027 2.07685
-2.24368 -1.28307
-2.35597 0.745434
-1.79087 -1.95739
3.53183 -2.24985
0.423235 -3.07694
-8.58024 2.09966
-7.33789 5.37564
-8.11824 3.38107
3.29796 1.29353
-8.69662 3.14413
-2.99211 0.317302
-2.39721 1.67331
2.37878 -2.5222
-4.59605 -3.73947
-7.46354 5.22825
3.55262 0.0860076
-9.29443 0.144341
-7.81769 -5.30665
-9.22488 1.08375
3.55543 -0.122758
-9.14605 -1.79788
-2.71527 1.21869
-5.40454 1.97159
3.16378 1.60547
-2.33304 -2.04817
-3.75346 4.07065
-2.95413 -0.644744
-2.53609 0.088159
-2.42098 0.613499
-7.11435 -5.58809
2.77211 -2.16703
-1.5116 2.14646
3.00255 -2.82926
-5.53425 1.61274
-2.96455 3.59076
-4.36698 2.12209
-4.51146 3.40089
-8.89677 2.26022
-4.84967 -0.806289
2.63685 -2.30479
-0.408709 -5.68013
-0.687208 -3.34913
-3.07405 -5.36319
-4.90084 -0.307109
-5.78264 0.191468
-2.72288 1.20419
-2.53962 -0.214403
-2.75688 -1.29465
-4.0703 3.8263
-4.37708 3.54276
1.6193 -3.54339
-4.83293 -0.909552
-5.7141 -0.9774
-2.5097 -1.78233
3.54817 -0.297862
1.44434 -2.97837
1.42231 -3.58628
0.635432 2.18042
-4.76853 1.09836
0.308624 2.20367
-4.86031 -0.732666
-8.62287 1.93154
-3.48293 -5.01598
-8.52691 3.53881
-1.65487 -2.10579
-9.22357 -1.23516
-1.1846 -3.09685
-1.4044 -2.95479
-7.87575 4.68385
-4.45083 -3.94336
-2.93703 -0.726474
-9.06037 1.99102
0.673978 -3.08531
-6.84496 -5.9736
-8.69298 -1.77723
-8.77155 -3.21699
-2.2911 -2.10472
-2.04608 1.9465
-2.49096 -0.563188
-2.54103 -0.0308978
-7.70647 -4.59016
-9.16123 1.50314
-1.23037 -2.46907
-9.23353 -1.15185
2.06717 -2.72351
-2.48895 -1.81622
-6.931 -5.85421
-8.82146 2.80974
-2.98563 -0.454352
-9.11681 1.73581
2.83356 -2.09776
-8.72193 -1.61713
-5.71137 -0.994572
-5.01928 -3.04065
3.41329 -1.03673
-2.2326 -1.30526
-0.465565 -2.87949
-3.47211 3.22314
-4.76642 -1.23467
-4.76313 3.09906
-9.22694 -1.20765
-2.98313 -0.472495
-2.91264 0.718838
-1.10766 -5.43567
-4.8751 -0.614799
-2.40602 1.65793
-4.27491 2.27992
-3.58636 3.12652
-4.34151 -2.41561
-2.43697 0.573037
-2.66508 -1.4978
1.77311 -3.50133
-2.4409 -1.89176
2.58721 -3.13506
-5.24638 -2.56956
2.38597 -2.51682
-4.86361 0.607478
-4.88898 0.383133
-4.04648 -2.94775
2.54204 -2.39092
-7.53631 4.41173
1.21251 -3.61904
2.37684 -2.52095
-2.48444 0.420675
-8.14234 4.26787
-2.98186 -0.481437
-1.23004 -2.47118
-5.04538 -2.99084
-1.98003 1.10302
2.50025 -2.42646
0.428801 -3.63061
3.27457 1.05314
-0.292254 -5.71205
-3.65296 -3.50744
-0.963457 -2.64235
-2.43485 -0.792989
-7.19466 -6.25608
-7.9342 -4.12774
-7.62546 -4.74211
-0.432569 -3.45039
-4.90564 -0.190839
-9.07106 -2.12916
-2.35223 0.75063
-9.29501 0.116706
3.36947 -2.45811
-4.59184 -1.82294
-8.66728 1.7378
-5.60652 1.36567
-6.90626 5.21469
2.1314 -2.686
-8.80473 0.892128
-1.62427 -2.13642
-3.19215 -4.02886
-1.26521 -5.3674
-3.94117 -3.11101
-2.27228 -1.2238
-7.9486 3.72352
-4.89214 -0.438693
-0.77439 -3.31122
-0.441928 -5.67058
3.51079 -0.620837
0.903636 2.15761
-4.48462 -2.09973
-2.54091 -0.0235125
-8.75192 3.00151
-2.76645 1.11619
-4.8974 -0.365624
-2.46282 0.497504
2.20134 -3.34134
-0.630882 -2.81195
-1.06014 -5.45529
0.619454 -3.64348
-5.54386 1.58207
3.2003 -2.64378
-2.6296 1.36673
3.15403 -2.68995
-7.56248 4.37274
-8.75267 -3.27276
-8.74384 -1.48418
-1.80115 -1.94738
-7.59765 -4.79291
2.65926 -3.08891
-6.88012 -5.92535
-8.87685 -2.88353
2.33467 -2.55437
-0.539664 -3.40763
-1.90013 -2.54678
-1.96037 1.11318
3.3637 -1.18503
0.260137 -3.61089
-1.20892 -2.48437
-0.460168 -3.4363
-8.52506 -3.88044
-5.7651 0.459698
-5.07106 -2.94089
-2.51114 -4.62707
-2.0915 -2.34735
-8.64378 -3.5774
-2.70481 -5.63696
-4.77335 -1.20508
-4.01669 2.65287
1.72215 -3.51612
-4.88715 -0.497424
-3.31565 3.3501
-1.13154 -5.43494
2.45802 -2.46099
-3.0305 -5.40237
0.485845 -3.08095
-8.93242 2.4676
3.49667 -0.700071
-7.65209 4.235
-3.78949 4.04504
-2.48165 -0.839812
-3.96981 -4.52888
-4.65937 3.22981
-2.42351 -0.831147
-3.11196 3.49657
-4.3344 -2.43009
-3.51314 -4.98972
-8.53523 -2.46951
1.31781 -3.60423
-4.76382 -3.4836
-1.60523 -2.80569
3.42732 -0.989668
-2.85723 0.89444
-4.64194 -1.6766
-2.36903 -5.85744
3.2185 1.50048
-0.62258 -2.8156
0.129562 -3.04109
-5.76798 -0.526207
-2.7695 3.70173
-7.1947 -5.46599
-1.85176 1.16174
-2.73433 -1.3478
-3.92776 2.76284
-8.80193 0.917107
2.22979 -2.62576
-0.626866 1.34302
-5.73949 0.691272
-1.17448 2.20045
-1.18904 1.30762
-4.7801 -1.17548
-2.42294 1.6396
-8.10524 -3.73735
-2.5256 -0.341157
3.241 -2.62978
-7.54036 5.1342
-2.28941 -1.1866
-4.74087 -1.33799
3.53845 0.286095
-3.01045 0.0999942
3.55417 0.0440047
-2.52171 -5.76034
-4.60365 1.61572
-3.29564 3.36538
3.08321 -2.75725
-2.67989 1.28305
-4.88772 0.397072
-1.76139 -1.99255
3.14379 1.64664
-2.01243 1.96547
-7.66073 4.98036
2.51424 -2.41472
2.40206 -3.24218
-0.0912348 -5.76146
-3.01326 -0.0945191
-3.00435 0.196229
-7.78661 -5.35921
-1.37035 -2.36264
2.56896 -3.14633
-5.27571 -2.50132
-4.55427 -1.92498
-5.78747 -0.0117134
-2.03504 -4.95578
-3.96856 2.71338
0.772603 -3.08296
-9.14222 1.60702
-9.00313 2.21815
1.53904 -2.95035
-0.720146 -2.77104
-8.33361 -3.13277
-2.86729 0.802027
-3.01108 -0.16611
2.58989 -2.34844
-4.86878 0.562059
-3.51971 3.18176
-6.87516 5.24875
3.06756 -1.78393
-2.17792 -2.24722
-7.8938 -5.17515
-2.8529 -1.0345
2.36414 -2.53302
-2.32115 -2.06442
1.29024 2.11966
-4.06351 -2.92024
3.52508 0.402665
-2.11533 -1.51615
-5.14145 2.52193
-2.46099 1.59643
3.5363 0.30729
-8.76076 2.97794
3.29958 -1.34718
-5.75527 0.559527
-1.43863 -2.93075
3.44065 -0.942263
-2.36688 -0.998574
-5.31797 -2.39915
2.695 -3.06503
-3.25903 -5.21229
0.0299901 -3.57125
-4.00147 3.88321
-0.516538 2.2321
-8.04602 3.53225
-2.82509 -4.37237
-2.26385 0.877282
-1.92219 -2.52501
-2.92629 -4.28305
0.916501 -3.64357
-8.29721 -4.3986
-8.49122 -2.62936
2.75672 -3.02218
2.01413 -3.41702
-0.0528047 -3.55335
-2.40649 0.644511
3.52792 -0.51994
-7.64557 5.00039
-2.95296 3.59807
-2.4839 -1.82457
-2.47678 1.57769
-7.5099 4.45053
-4.60675 -3.72384
-4.03797 -2.96134
-4.75832 1.13812
-8.98499 -2.4929
-2.99248 -0.399974
-5.77852 0.275568
-4.41905 3.49973
-0.940483 -2.65562
-2.26883 -1.23113
-5.21626 -2.63762
-4.02445 2.64293
-2.46254 -1.85824
0.374581 2.20304
-9.27804 -0.652094
-4.27704 -2.54342
-2.79255 -1.20521
-2.95609 0.537804
-2.33656 0.777466
-8.29677 -3.23859
-8.53786 -2.42421
-2.50365 0.335626
-5.77652 0.309215
-2.84096 -1.07063
-5.5487 1.5665
-7.83464 3.93143
-3.51722 -3.67345
-3.47413 -3.72379
3.38301 -1.13064
-3.33448 -5.14788
3.48281 -0.768646
-1.35903 -5.32431
-1.97297 -2.47419
3.42178 -1.00859
-1.5132 -5.24942
-2.83511 -5.54429
-4.66913 3.21791
-4.83339 -3.37007
3.24384 -1.46953
-0.7067 -3.34087
-5.78697 -0.131014
-2.394 -0.922556
-0.647208 -2.8047
-2.1605 -1.44366
-4.49639 -3.88097
-1.49773 -2.88794
-7.13925 -6.33147
-2.53635 -0.219387
-2.52741 -1.74786
-7.94579 -4.10228
-5.77085 -0.76146
-8.97661 -2.52241
2.45112 1.15703
3.19754 1.53325
-3.01367 -0.0235448
-5.78719 -0.0968733
-7.86211 4.70319
-1.88476 2.02811
0.524043 -3.63829
1.15986 -3.62523
-3.84402 2.85948
-4.39586 -2.30144
2.8515 -2.07665
1.34017 -3.00519
-8.81017 0.841358
3.38861 1.02979
0.351649 -3.0708
-8.70725 1.54138
-8.27788 -3.29143
-2.54001 -0.143775
1.85398 -3.47487
3.09273 -1.74418
-1.6366 -2.12418
-5.78755 -0.0290103
2.12314 -3.37558
-1.90383 -5.03575
-2.49297 0.385416
-4.74048 1.20418
-2.579 -1.66274
-7.78722 4.01352
-3.2134 -5.25043
-3.14295 3.47555
-2.58884 -5.716
-2.95051 -0.662935
-7.93844 -5.09607
-1.28113 -5.36022
-0.406836 -2.901
-4.66082 -1.61774
-1.16493 1.3102
-5.22077 1.56924
0.682754 -3.08525
0.598205 -3.64254
-2.53533 -0.234596
-2.38782 -4.71826
-1.32211 -2.40065
0.638053 -3.08537
-4.72294 -3.54818
-4.66537 -1.60323
-8.48403 3.63004
-2.50223 0.342676
-1.66554 -5.17028
-1.90963 -1.81495
3.12273 -2.7202
3.53293 0.338717
-2.38606 -0.945497
-8.6146 -2.15017
-3.49575 -3.69867
-4.04747 3.84543
-8.83985 0.48417
0.307119 -3.06613
-4.71775 1.28307
-4.2374 3.67828
-6.73855 -6.111
-9.28571 -0.514087
-0.851297 -5.53615
-4.9065 0.069396
-0.186562 -2.97087
-4.74456 3.12318
-5.62575 -1.42993
-1.42155 -2.94282
3.50984 0.508285
-9.16249 -1.65415
-4.17792 -2.72627
-5.78758 -0.0458184
-1.89912 -1.82842
3.07534 -2.76449
-5.52388 -1.8127
-8.74247 1.34382
-2.17133 0.972193
-3.15173 -5.301
-8.52799 -2.49655
-4.90746 -0.103639
-4.77849 1.058
2.207 -2.64037
-2.3972 0.667007
-2.15171 -2.27833
-4.21548 3.69867
-2.33145 -1.08911
3.35472 1.13547
-1.36133 -2.98428
-7.49838 -4.96929
-8.53731 3.51622
0.555727 -3.64029
-5.74535 -0.751411
0.698033 1.311
0.0197323 -3.56914
-9.29661 -0.0195492
-4.81685 -0.998316
3.09778 -1.73604
-2.97626 0.428361
-2.77329 1.10119
-2.24859 -4.81609
-1.7207 -2.03709
-5.78719 -0.114155
3.27534 -2.56487
-7.13037 -5.56402
0.449983 -3.07881
-1.78726 -2.6521
1.54748 -2.94768
-7.95346 -5.06914
-8.6229 -3.6327
1.46165 -2.97351
-8.14974 3.31007
-8.65118 1.8106
-2.39136 -0.930271
-9.2644 0.609418
-4.94069 2.85071
-4.90296 -0.263507
-0.909519 -2.67313
3.66714 0.997142
-8.24545 -4.50705
-8.42832 -2.8415
-2.3809 0.699918
-0.936052 -3.23406
-0.590451 -5.62541
-5.17276 -2.73902
-0.319279 -3.48234
-2.20524 1.84012
-2.43955 0.566118
-8.90131 -2.80015
-3.77481 2.93478
-3.97677 2.70323
-4.5373 -1.96907
-2.44773 -0.747007
-2.3465 -2.01302
2.57628 -2.36072
-4.08678 -4.39744
-7.85409 3.92252
2.5626 -2.37291
-2.15805 0.983684
-7.37492 4.64079
-4.1149 -2.83591
-8.03883 -3.89413
2.65041 -3.09472
2.9696 -2.85736
-5.78558 -0.199549
-2.52895 0.169163
2.36423 -3.26216
-8.85626 -0.137765
-4.90764 -0.00250561
2.41145 -3.23756
-2.36023 -4.73809
-2.96367 -5.44871
-2.77379 -4.41624
2.13764 -2.68298
-5.76933 -0.509165
-5.02379 2.72174
-1.61728 1.23628
-1.8254 -2.61744
2.19166 -2.65004
-2.84303 0.93343
2.72168 -2.22062
3.53737 0.296846
-4.9836 -3.10717
-8.01391 -4.96078
-5.43312 -2.039
-2.23947 -2.13874
-2.04372 1.06656
-1.90411 2.01951
-2.04282 -1.62979
-4.37986 2.09819
-5.78748 -0.0799659
-1.29737 2.18492
-2.54234 1.49418
-8.59112 -3.71514
-5.30471 -0.0100043
3.4727 -2.32978
3.54472 -2.23181
2.3197 -2.56505
-5.01637 0.0445415
-8.05192 4.41552
-3.695 3.01695
-8.12977 4.28885
-2.99545 -5.42442
3.28028 -1.39122
1.0119 -3.63838
-2.40142 -4.70841
1.80849 -2.85048
0.778458 -3.64657
0.550313 2.18698
-6.52038 -6.39621
-1.44702 -2.92477
-8.52088 -2.52281
-8.78985 1.01826
3.55452 -0.164294
-2.54127 -0.0759708
-2.99902 -0.301796
-4.85969 0.635326
-5.5851 1.44334
-2.40042 1.66388
0.476747 -3.08045
-1.83513 -5.07717
0.173978 -3.04827
-7.98283 -5.01597
-0.237785 -3.50626
3.34092 -2.49147
-4.44117 1.98103
-2.14516 -2.28595
-0.0111887 -3.01384
-3.18264 -5.27579
-5.00743 2.74787
-4.87266 0.537814
-4.66825 1.43832
-1.43784 -2.30697
-2.52806 -0.318343
-4.88219 0.453528
-4.82689 3.01373
-3.91119 2.78247
-0.220333 2.22804
2.87741 -2.93215
3.43369 0.870443
-4.69638 -1.50026
-0.70278 1.99198
-2.37248 -0.983395
3.47944 -2.3208
-2.97985 -0.447112
-3.58025 -3.59761
-1.5794 2.13067
-4.70221 -3.58035
-4.80308 0.950573
-3.53853 -3.64813
-3.00291 0.213655
-3.01336 -0.0857409
2.96754 1.09401
3.55549 -0.0902861
2.97763 -1.91534
-2.68807 -5.64857
-2.21913 1.82939
-4.08863 -2.87904
-2.94679 -0.681127
1.80956 -3.26545
-0.124927 -5.75367
-8.81775 0.765414
-2.78686 -4.40516
-4.6007 -1.79617
-9.28839 -0.48268
-2.80231 3.68409
-8.73358 -3.32833
1.97958 -2.7702
-2.53381 -0.322785
-4.96597 2.81243
-8.81343 0.830954
2.93293 -1.97527
-8.02547 4.45733
-9.18061 -1.54219
-1.58054 -2.82508
-2.36225 -2.00744
-1.61323 -2.7993
-2.20993 -1.34921
1.88459 -3.46596
-7.16268 -5.51507
-2.75322 -1.30343
-8.06702 3.48918
-1.15788 -2.51968
-2.53792 0.0584754
-2.40167 -0.899784
-2.31773 -5.88892
