20.61 34.59
26.24 37.33
7.58 17.78
23.4 12.92
11.97 10.36
26.21 24.97
17.09 6.74
12.66 4.37
19.89 28.46
26.82 15.52
15.74 6.75
18.94 10.32
27.84 31.72
6.36 10.45
3.29 39.12
7.53 22.46
20.34 10.34
29.47 14.26
6.09 11.85
28.78 6.69
22.17 8.86
11.88 35.55
29.92 25.49
8.53 8.65
23.87 17.12
17.56 16.5
16.86 28.03
10.55 4.21
20.65 6.26
26.94 13.23
16.72 23.67
29.19 27.93
16.96 12.91
29.39 26.08
19.41 21.6
14.93 10.41
24.03 7.17
13.32 37.92
17.29 10.33
23.76 10.44
25.5 22.98
10.85 27.65
14.94 12.99
9.77 25.92
20.74 22.94
15.37 8.19
21.12 30.28
22.53 18.82
26.41 25.66
20.5 25.93
9.84 26.36
14.74 25.9
18.69 38.32
8.78 28.63
10.09 39.46
4.71 20.88
14.94 16.87
27.22 11.01
13.62 20.5
13.82 18.05
23.65 25.24
5.39 17
8.25 14.34
17.1 29.75
18.89 9
3.93 26.8
16.2 18.43
12.33 12.18
7.69 17.82
26.9 35.5
22.85 8.66
5.3 23.86
26.17 5.57
22.08 34.41
7.97 24.7
7.27 25.45
14.41 36.86
26.06 9.8
5.8 11.37
9.36 17.54
21.86 34.53
6.52 9.76
20.86 19.7
29.54 9.32
15.59 5.85
26.27 22.28
4.56 14.75
13.88 22.41
13.78 12.02
27.47 38.72
6.15 37.95
22.21 31.19
10.91 11.94
5.82 14.76
23.77 12.56
12.78 12.73
26.77 26.97
6.5 7.49
8.76 13.13
16.24 34.37
