-5.29092 2.23105
-1.21205 1.30504
-4.87169 -0.644165
-8.96158 2.36823
-2.83795 -1.07952
-2.93786 0.620744
-2.17835 -1.40773
-5.61462 1.33423
-4.95766 2.8251
-2.08479 -2.35485
-2.42098 0.613499
-3.01311 0.0206764
-2.46254 -1.85824
-8.43538 2.57272
-2.06653 -1.59406
-5.48327 1.76391
-4.52098 1.81321
-2.95 -0.59367
-2.43551 -1.89999
-2.54129 -0.0609274
-4.90746 -0.103639
-1.91478 -1.8083
-2.95765 -0.626554
-4.6007 -1.79617
-2.94549 0.587613
-2.76792 -1.26774
-1.85515 2.04071
-3.14295 3.47555
-3.01291 0.0296585
-8.42391 2.61744
-8.09788 3.42457
-5.57181 1.48964
-8.76591 1.19395
-3.01367 -0.0235448
-2.52731 0.183784
-4.53184 1.7888
-4.90614 0.0839854
-2.81909 -1.1336
-2.23947 -2.13874
-3.0001 -0.327876
-2.51693 -0.409932
-2.33759 -1.07403
-8.20654 3.1835
-1.77181 -2.66588
-0.931681 1.32993
-2.03865 -1.63633
-8.71186 1.51705
-8.74247 1.34382
-2.53381 -0.322785
-4.90681 0.0552037
-4.44703 1.96935
-2.63899 -1.55006
-2.9319 0.645358
-2.78562 -1.22314
-3.71295 2.99889
-1.76139 -1.99255
-4.81685 -0.998316
-2.44977 -0.739451
-2.7187 -1.38329
-2.27878 0.85897
-4.21217 2.37914
-2.16486 -2.26281
-0.54442 2.23203
-2.95588 -0.635782
-2.00526 -1.6851
-3.43856 3.25395
-2.84588 0.925743
-8.43952 2.57103
-3.45284 3.23951
-5.12217 2.56671
-8.77313 1.14377
-2.54017 0.00641671
-7.90359 3.80755
-4.90374 0.155603
-2.20217 -1.36389
-8.16788 3.27187
-3.283 3.37614
-4.6978 1.34807
-3.79228 2.91614
-4.82256 0.855535
-2.50599 0.295294
-2.98563 -0.454352
-2.98532 0.368804
-2.4691 0.47698
-2.13018 1.00638
-0.52524 1.34514
-5.78113 0.225245
-4.876 0.509775
-5.20773 2.3988
-2.579 -1.66274
-1.14109 1.31265
-8.55266 2.17676
-3.0137 -0.0323024
-5.76799 0.426302
-4.63721 -1.69102
-4.85186 -0.791732
-4.79715 0.977631
-2.10213 1.9123
-4.41902 2.00697
-4.90642 -0.16174
-2.02257 -2.42249
-3.00504 0.187638
-1.56625 2.13381
-1.78219 2.06905
-8.67763 3.19134
-2.73811 -1.33904
-9.10609 1.78726
-8.89444 2.59053
-4.55247 1.74308
-9.09507 1.83858
-4.26816 2.29091
-5.79041 0.0579562
-1.66423 1.22313
-2.02109 1.96071
-4.38624 2.08641
-2.48165 -0.839812
-3.86939 2.83086
-4.76295 -1.24925
-1.43125 -2.31255
-0.657313 1.33589
-4.54778 1.75219
-2.53769 -0.196711
-2.23172 0.913565
-3.78369 2.92534
-2.30276 -1.15666
-5.70721 0.903612
-5.78322 0.174768
-5.65295 1.17619
-8.93242 2.4676
-1.25755 1.29958
-8.50626 2.3607
-2.9612 0.512574
-2.394 -0.922556
-5.48711 1.74794
-4.64194 -1.6766
-5.24997 2.31566
-5.70936 0.727039
-2.85723 0.89444
-2.22281 -2.19235
-2.8324 0.934752
-2.67362 -1.48024
-1.81237 -1.93433
-2.9266 -0.771813
-4.66913 3.21791
-4.85561 0.663202
-3.0137 -0.0500934
-2.13281 1.89214
-1.29737 2.18492
-4.70591 1.32205
-2.98411 0.377232
-4.87764 0.495527
-5.67831 0.993549
-5.05606 2.6691
-9.00313 2.21815
-5.36201 2.0735
-2.41402 -0.861726
-3.01336 -0.0857409
-1.4044 1.27838
-1.96567 -2.48163
-4.47044 1.92169
-2.99313 0.308815
-9.13734 1.63254
-2.19089 -2.23159
-3.41403 3.27185
-1.7035 2.09567
-2.94172 0.6042
-4.50267 -2.05597
-5.76934 0.409828
-1.58684 -2.1728
-4.37708 3.54276
-8.81311 2.83359
-4.94907 2.8381
-3.7308 2.98069
-1.8235 -1.92124
-2.41881 -0.846441
-3.00472 -0.273733
-2.53364 -0.257321
-8.39188 2.70982
-0.692182 1.3411
-2.9792 -0.499591
-8.85467 2.71254
-2.16253 1.87157
-3.01045 0.0999942
-5.0954 2.60278
-4.53714 1.77674
-5.02379 2.72174
-4.86988 -0.659122
-3.66801 3.04368
-5.38044 2.0301
-1.92977 1.12809
-2.3809 0.699918
-1.69699 -2.0623
-5.16384 2.48129
-2.5296 -0.303072
-5.4616 1.82388
-4.40908 -2.27268
-3.39448 3.28781
-2.09873 -1.5512
-1.66387 2.10315
-2.46549 -0.678064
-4.32187 2.20124
-2.92223 -0.789998
-4.1616 2.45475
-8.33335 2.86966
-2.92982 0.653701
-5.73505 0.724166
-9.19149 1.32059
-2.86153 -1.0075
-4.87677 -0.600182
-1.65487 -2.10579
-5.77085 -0.76146
-5.73664 -0.820955
-4.63045 3.26461
-1.85092 -1.88838
-2.4808 0.434753
-1.85629 -1.88186
-1.67981 2.10297
-4.98271 2.78663
-5.62873 1.25186
-8.77658 1.11902
-4.4048 2.05163
-2.58491 1.43456
-4.07137 2.58108
-1.99903 1.09274
-1.49076 -2.26117
-2.28491 -2.11288
-2.98285 0.385901
-2.25346 0.889455
-7.85409 3.92252
-8.78735 2.92359
-5.70152 0.93605
-8.80444 2.85812
-2.35964 0.739056
-8.33752 3.92109
-1.96879 1.9885
-4.90674 -0.147018
-8.4066 3.7876
-4.8844 -0.526821
-5.56267 1.52054
-8.6873 3.16741
-1.4043 -2.33501
-5.14145 2.52193
-3.33557 3.33467
-2.93389 0.637245
-8.66817 3.21453
-2.53748 0.0659389
-1.16493 1.3102
-9.17028 1.45101
-4.36698 2.12209
-4.11715 2.51827
-2.60758 1.40086
-2.89126 -0.907953
-1.19092 2.19739
-1.87786 -1.85523
-4.74409 1.19116
-3.00889 -0.21086
-2.25963 1.79663
-2.34482 -2.03187
-0.459645 2.23166
-2.06187 -1.60123
-5.36813 2.0592
-4.75076 3.05573
-1.8254 -2.61744
-8.59888 2.02801
-2.3972 0.667007
-8.83821 2.76122
-8.30227 3.98686
-5.63768 -1.37785
-1.98003 -2.46694
-2.90639 0.743766
-2.8529 -1.0345
-0.844866 2.2251
-1.71497 2.09203
-8.66728 1.7378
-8.37536 2.75629
-4.01669 2.65287
-2.68794 1.26884
-4.41905 3.49973
-5.72558 0.789752
-2.23545 -2.17652
-2.34659 -1.05148
-3.01084 0.0913214
-2.31091 1.75185
-2.8159 -1.14246
-2.33145 -1.08911
-4.89151 0.333628
-1.95586 -1.75388
-8.77849 2.92999
-4.89643 -0.380108
-2.21007 -2.20813
-2.48619 0.413715
-2.51038 0.299811
-0.755343 1.33878
-4.77849 1.058
-2.24165 -2.1687
-2.50644 0.321291
-4.45004 3.46722
-8.76076 2.97794
-5.00743 2.74787
-4.90731 0.0263682
-1.73244 -2.0244
-2.82823 0.972087
-2.44134 -1.88223
-5.6998 -1.0643
-4.57054 -1.88147
-8.64877 3.26148
-4.84245 0.74572
-2.01543 -2.43005
-0.998106 2.2163
-2.49774 0.36464
-5.72465 -0.907722
-3.0107 -0.174947
-4.40258 -2.28686
-3.98472 2.69333
-0.571118 2.23188
-4.08675 2.56026
-2.85871 -1.01641
-5.6736 1.08085
-2.26656 -2.13681
-4.84034 -0.865408
-9.03563 2.09247
-4.3559 3.56405
-2.41338 -1.9333
-8.31599 2.91506
-0.816404 1.33608
-4.59184 -1.82294
-2.86442 -0.998316
-8.79293 0.993044
-4.3924 2.07496
-1.87509 2.0323
-2.74161 -1.33001
-1.95044 1.11813
-2.13191 -2.3014
-2.53385 0.117746
-2.2326 -1.30526
-8.44009 3.72054
-8.52035 2.31348
-2.81915 0.995443
-1.96037 1.11318
-2.94102 -0.708282
-5.71685 -0.959721
-2.68398 1.27585
-1.86302 -2.58233
-2.56938 -1.67997
-1.80363 2.0611
-1.65556 2.11011
-2.98994 0.334504
-2.67721 -1.47127
-2.53285 0.134182
-2.87083 0.855124
-2.48785 -0.578551
-1.33048 2.18
-3.92776 2.76284
-3.80964 2.89738
-1.97297 -2.47419
-5.69864 0.952004
-2.47803 -0.624415
-2.86819 0.86292
-1.99429 -2.45219
-3.76617 2.94392
-4.37986 2.09819
-5.73041 0.756993
-2.27228 -1.2238
-5.69267 0.984329
-2.0245 -1.65723
-2.78313 -1.24987
-9.18321 1.373
-1.21086 2.19627
-2.02948 -2.41513
-2.48895 -1.81622
-1.98476 1.9619
-4.82522 0.841664
-5.67082 -1.22105
-2.26885 0.871257
-2.50074 0.349927
-2.97201 0.453676
-2.99971 0.248416
-2.53533 -0.234596
-9.1007 1.81256
-2.39407 0.673539
-4.4539 -2.17192
-1.09143 1.31738
-4.73316 -1.36756
-3.0127 0.0383753
-2.88609 -0.926096
-2.52294 -0.363966
-8.28958 2.98256
-4.05586 2.60178
-2.49398 -0.547826
-4.62739 -1.72047
-2.55673 1.47453
-9.11681 1.73581
-8.55428 2.19519
-2.5348 -0.242081
-4.52143 3.38987
-2.53256 1.50725
-2.07567 -1.57988
-2.20993 -1.34921
-5.78458 -0.233873
-4.39812 3.52132
-2.3189 -1.11923
-8.58024 2.09966
-2.44464 1.61503
-2.27921 -1.20889
-3.49128 3.20664
-3.01326 -0.0945191
-2.25415 -2.15278
-2.37402 0.713023
-2.27888 -2.12079
-3.00783 -0.228842
-4.3346 3.58519
-2.20269 0.943151
-3.58537 3.1224
-4.70742 3.17162
-2.20455 -2.21617
-2.45782 -0.708763
-8.23466 3.11737
-1.69109 -2.06848
-4.81969 -0.983294
-2.82235 -1.12446
-3.64979 3.06143
-5.71948 -0.942555
-4.27491 2.27992
-2.80003 1.04089
-2.29708 -2.09678
-2.53975 -0.151231
-1.37831 2.17228
-1.32255 1.29146
-2.42351 -0.831147
-2.52974 0.161714
-8.98244 2.29221
-5.49383 1.73377
-1.87578 -2.57793
-1.59259 2.12723
-3.46234 3.23147
-2.64251 1.34611
-3.95333 2.7311
-2.52816 0.176389
-4.72548 1.25685
-2.96594 -0.581225
-9.02281 2.14299
-5.77852 0.275568
-5.13377 2.53569
-1.63035 -2.13039
-3.55745 3.14796
-4.55828 1.72755
-2.46282 0.497504
-2.89867 0.767382
-2.76062 -1.2856
-5.07196 2.64258
-2.47321 -1.84141
-5.5851 1.44334
-2.86719 -0.989396
-1.41781 -2.32381
-4.88772 0.397072
-2.51289 0.285413
-2.72288 1.20419
-4.88025 2.93911
-4.60365 1.61572
-1.83889 2.03838
-2.42372 0.606852
-2.01492 -1.67119
-2.99705 0.274278
-2.50768 1.5395
-5.78755 -0.0290103
-4.84509 -0.835844
-2.10819 1.02305
-8.59921 3.37775
-2.5089 -0.463492
-5.78394 0.15764
-5.78505 0.123763
-2.94731 0.579425
-2.91665 -0.816967
-2.67989 1.28305
-0.986754 1.32589
-1.83287 -2.61053
-3.22507 3.4177
-2.8499 -1.04341
-2.0915 -2.34735
-4.04024 2.62236
-4.50998 1.83752
-2.99902 -0.301796
-2.49938 -1.79929
-4.88715 -0.497424
-0.89029 2.22292
-2.98802 -0.436217
-2.99745 -0.354859
-5.06382 2.65595
-2.64334 -1.54145
-2.29613 -1.17164
-2.99553 -0.37295
-0.677546 2.24395
-2.13706 -1.48
-2.99248 -0.399974
-4.87095 0.551614
-2.98313 -0.472495
-2.45556 1.60277
-2.31725 1.74604
-2.68206 -1.46265
-1.74433 -2.0115
-2.52002 -0.387065
-1.17448 2.20045
-4.15434 2.4653
-4.45881 1.94557
-4.88888 2.92674
-2.23638 -1.29777
-4.89327 -0.424239
-4.5634 1.71538
-5.24337 2.351
-2.44773 -0.747007
-9.15188 1.55514
-4.302 2.23503
-2.22905 -2.18456
-1.95993 1.99296
-0.798142 2.227
-1.24626 2.19188
-9.06037 1.99102
-2.33304 -2.04817
-4.68339 -1.54429
-4.90247 0.184255
-3.31565 3.3501
-4.88364 0.439809
-2.39155 -0.920146
-1.79483 -2.64529
-2.99772 0.265627
-8.00328 3.61784
-2.81592 1.00286
-2.40913 -0.877001
-2.4245 -1.91667
-3.64078 3.07013
-2.47456 -0.639776
-2.35975 1.70548
-4.74775 1.17774
-2.42813 -0.815845
-4.84967 -0.806289
-1.48323 2.15253
-2.95445 0.546082
-2.1904 0.954869
-4.7484 -1.30842
-2.7322 1.18061
-3.00605 -0.255713
-4.66082 -1.61774
-8.07723 3.46803
-4.79105 1.00362
-3.34534 3.32702
-2.22891 -1.31253
-3.01157 0.0736983
-4.54158 3.36739
-1.68502 -2.07482
-4.79616 -1.1017
-2.36337 0.732476
-2.98052 -0.490646
-2.38606 -0.945497
-2.49465 -0.541951
-2.76292 1.12345
-5.73198 -0.855753
-5.76192 -0.595478
-5.6718 -1.20386
-2.66769 1.30414
-2.4258 -0.823609
-1.90838 1.1379
-4.73676 1.21706
-2.79592 -1.19637
-2.17024 -1.42229
-2.44201 0.559388
-2.30228 0.828024
-2.9844 -0.463292
-2.84698 -1.05257
-8.93992 2.44243
-4.77335 -1.20508
-4.42306 2.01658
-4.24042 2.33525
-3.00435 0.196229
-4.83283 0.800754
-2.28364 0.852193
-4.00076 2.67316
-1.80266 1.18017
-5.53425 1.61274
-1.58064 -2.17872
-2.26612 1.79118
-1.67902 1.21909
-1.52572 2.14332
-2.95051 -0.662935
-2.40042 1.66388
-4.87438 0.523598
-3.00329 -0.291767
-4.72133 -1.41167
-1.51028 -2.24378
-8.36727 2.77836
-8.24416 3.09446
-2.35223 0.75063
-2.36973 -0.990875
-4.40921 -2.267
-0.626866 1.34302
-5.78747 -0.0117134
-5.12626 2.549
-2.48796 0.406558
-4.82774 -0.939135
-2.98768 0.351672
-2.47116 0.469672
-2.02919 -1.65034
-5.76348 -0.578406
-2.49926 0.356958
-2.06247 1.93685
-4.42212 -2.24388
-2.53739 1.50082
-2.07858 1.92708
-1.96474 -1.74125
-2.55966 -1.69716
-3.25536 3.39555
-0.903762 1.33137
-2.76989 1.10855
-1.77943 -2.6591
-5.26378 2.28757
-8.38383 3.83228
-2.6904 -1.44503
-4.75128 1.16468
-2.91264 0.718838
-3.00957 0.117578
-1.93252 2.00672
-4.48194 1.89771
-8.41771 3.76551
-1.09866 2.20811
-2.70374 1.24022
-8.51614 3.56202
-5.78552 0.107055
-4.90179 0.198355
-2.29778 0.834176
-7.89238 3.82805
-1.54983 -2.20796
-2.75585 1.13828
-4.59122 3.31072
-2.58021 1.44137
-1.98569 -1.71282
-2.18432 -2.23953
-2.34051 0.771166
-2.54065 -0.120981
-2.66943 -1.4889
-2.8864 0.807386
-8.47724 2.45469
-5.15649 2.49474
-2.63001 -1.5675
-2.65526 1.32509
-5.58953 1.42756
-1.48414 -2.26701
-2.89382 0.783467
-2.11533 -1.51615
-2.61649 1.38722
-2.63826 1.35292
-2.51131 -0.448151
-3.00751 0.152662
-8.53731 3.51622
-2.52102 -0.379297
-2.54103 -0.0308978
-4.61334 1.59058
-8.6777 1.68887
-2.96904 0.470588
-2.99139 -0.409164
-2.98016 0.402894
-0.559339 1.34454
-1.60149 1.23906
-5.63817 1.23966
-8.17778 3.24952
-8.13835 3.33739
-4.73535 3.13501
-8.72445 3.07295
-4.90084 -0.307109
-5.71802 0.838519
-4.7801 -1.17548
-4.5373 -1.96907
-2.47678 1.57769
-3.1636 3.4613
-2.14778 1.8819
-2.1199 -1.50877
-2.51266 1.53316
-8.92505 2.49194
-5.22903 2.35736
-1.87257 -1.86181
-2.99417 0.300067
-3.01327 0.0119477
-2.84403 -1.06147
-5.62266 1.30279
-2.50639 -0.478839
-8.72099 1.4676
-5.2148 2.38515
-2.99211 0.317302
-8.73376 3.04922
-2.26525 -1.23868
-2.47628 -0.632208
-2.82514 0.979913
-4.49112 3.42315
-2.34777 1.7172
-2.75688 -1.29465
-4.64603 1.5021
-2.54059 0.0172502
-2.05731 -2.38511
-5.78451 0.140956
-8.46231 2.50147
-2.66508 -1.4978
-4.9023 -0.27789
-2.46706 0.483609
-3.00056 0.239611
-4.70487 -1.47074
-2.94295 -0.69932
-4.89771 0.269528
-2.37248 -0.983395
-2.14123 -1.47289
-2.64681 1.33904
-5.78693 0.039113
-2.16971 1.86644
-5.78719 -0.114155
-2.24798 -2.16062
-2.56466 -1.68846
-7.84617 3.91109
-5.78758 -0.0458184
-4.67 -1.58829
-0.373602 2.23118
-4.79307 -1.11628
-4.10948 2.52897
-2.91088 -0.83531
-2.14964 -1.45844
-2.19655 0.94875
-4.45562 3.44872
-2.53876 -0.17412
-5.63051 1.27127
-2.51528 0.270962
-9.12723 1.68424
-1.89284 -2.55384
-4.09429 2.54995
-2.17436 -1.41491
-4.85354 0.676784
-4.76853 1.09836
-4.9052 -0.205187
-1.94571 -1.76755
-3.48156 3.21503
-1.5794 2.13067
-4.90788 -0.0161156
-5.50422 1.70354
-2.0005 -1.69192
-2.8963 0.775313
-2.54046 -0.128653
-4.58381 1.66573
-3.63148 3.07905
-1.46899 2.15545
-5.57624 1.47438
-2.9816 0.394312
-4.47612 1.90989
-1.36273 2.17487
-8.73407 1.39339
-5.30424 2.20262
-4.2009 2.39234
-2.53792 0.0584754
-5.71137 -0.994572
-1.87506 1.15229
-4.55963 -1.9107
-4.61743 -1.74984
-4.20513 2.3899
-9.17462 1.42529
-3.91961 2.77252
-4.85969 0.635326
-2.97211 -0.544871
-5.43361 1.89806
-2.6296 1.36673
-2.49229 1.55878
-2.97488 0.436726
-2.47703 0.448792
-8.56842 3.44732
-4.90416 -0.234332
-4.42931 3.48904
-2.53962 -0.214403
-5.45615 1.83859
-4.32406 3.59555
-2.41887 -1.92511
-8.94714 2.41797
-5.31074 2.18857
-2.1024 -1.53741
-4.99272 2.77604
-2.86578 0.871201
-4.8545 2.97792
-5.69371 -1.09918
-1.71724 -2.71341
-2.35834 -1.02121
-2.41812 0.620331
-2.33564 1.72884
-4.28852 2.25753
-2.63443 -1.55891
-3.75722 2.95332
-4.66825 1.43832
-4.90709 0.0405796
-1.8348 2.04899
-3.56669 3.13956
-1.89912 -1.82842
-2.05732 -1.60819
-8.26258 3.04969
-2.54234 1.49418
-4.6109 3.28774
-0.959833 1.32778
-1.43954 2.16125
-2.45844 0.511355
-4.79914 -1.08706
-4.90606 -0.176073
-2.40167 -0.899784
-4.87266 0.537814
-2.48145 -0.608966
-5.0877 2.61595
-2.53903 0.0362604
-2.49135 0.392403
-2.48444 0.420675
-2.51548 -0.418493
-2.29307 0.840491
-1.93548 -1.78117
-7.99259 3.63882
-8.06702 3.48918
-2.36694 0.72607
-1.75815 -2.69223
-4.58128 -1.85222
-4.89675 0.283979
-2.76422 -1.2768
-2.31575 -1.12664
-4.60729 -1.77918
-2.7786 -1.24105
-2.4969 -0.532466
-1.7382 -2.01813
-5.7411 -0.786174
-8.02477 3.57513
-5.7795 -0.354032
-5.75323 -0.681942
-2.15805 0.983684
-2.25862 0.883468
-2.7304 -1.35681
-5.75621 -0.647435
-2.67082 1.29622
-5.75505 -0.664841
-5.27744 2.25936
-2.53965 0.0213495
-1.60533 2.12392
-2.08642 1.92223
-2.45623 0.518164
-2.95788 0.529348
-3.54792 3.15659
-2.44561 -0.754787
-7.9486 3.72352
-5.64565 1.20797
-4.50115 3.4122
-1.75629 -2.67958
-8.61102 1.97984
-2.54107 -0.0984597
-2.40649 0.644511
-8.76213 1.22685
-4.88898 0.383133
-5.78633 0.0731074
-2.18637 -1.39315
-2.04608 1.9465
-2.75233 1.14557
-7.83464 3.93143
-2.07085 1.93256
-3.23509 3.41043
-5.64188 1.22405
-5.56441 1.50324
-5.77759 -0.38851
-2.50447 -1.79094
-3.61305 3.09655
-2.32411 0.796675
-1.98081 -1.71962
-4.14676 2.47634
-3.72429 2.99813
-2.94109 0.613474
-5.11091 2.57595
-2.80962 1.01816
-4.89368 0.326427
-3.01261 -0.121471
-9.14222 1.60702
-4.96597 2.81243
-5.53911 1.59717
-4.51543 1.82548
-2.93084 -0.753631
-2.05237 1.06114
-8.46219 3.67538
-4.81406 -1.0129
-4.86736 0.579574
-2.24735 -1.27568
-2.75322 -1.30343
-2.94679 -0.681127
-1.52325 -2.23208
-1.64265 -2.11812
-2.48964 0.399589
-2.97059 -0.554091
-2.04282 -1.62979
-2.21461 0.931345
-3.60394 3.1051
-4.76119 1.14843
-2.46099 1.59643
-2.97644 -0.517752
-5.74972 0.60899
-2.7378 1.175
-2.78905 -1.21431
-4.64002 3.25314
-1.98654 1.97935
-0.432151 2.23181
-1.58717 -2.16636
-2.52741 -1.74786
-2.53727 -0.204192
-2.97008 0.480719
-2.4284 1.63357
-2.51902 -0.394611
-2.49297 0.385416
-1.95071 1.99753
-4.69764 3.1827
-5.78338 -0.268233
-2.96269 -0.599408
-2.22034 0.925497
-5.68741 -1.13407
-2.49973 -0.517108
-2.19724 -2.22386
-2.79917 -1.18727
-2.95952 0.521089
-4.46038 -2.15704
-8.69255 1.61946
-5.50928 1.6886
-2.53445 0.110249
-5.68423 -1.15126
-2.19431 -1.37853
-5.78264 0.191468
-4.72169 1.26978
-2.54123 -0.0534471
-8.40011 2.68644
-5.67695 1.06458
-2.57088 1.45474
-4.62753 1.5529
-3.01236 -0.130284
-2.44353 -0.76234
-3.81875 2.88697
-2.34364 -1.05892
-3.0127 -0.0149139
-1.86334 1.1571
-2.65939 1.31819
-2.60253 -1.61965
-4.47863 -2.11402
-2.13846 -2.2938
-2.45974 -0.701201
-8.79594 2.88187
-1.89757 1.14269
-0.866307 2.22348
-2.32115 -2.06442
-2.0365 -2.40751
-2.80934 -1.16045
-2.39656 -0.915033
-2.40944 0.640357
-1.0592 2.2116
-1.47097 -2.27853
-5.72961 -0.872902
-4.90764 -0.00250561
-1.6366 -2.12418
-1.86502 2.03658
-2.52492 -1.75693
-2.54025 -0.136101
-2.47313 0.462791
-2.3738 -1.99102
-2.53609 0.088159
-4.63145 1.54635
-1.56798 -2.19071
-1.86179 -1.87512
-1.04 1.32179
-3.58636 3.12652
-4.34163 2.16691
-4.76996 -1.21964
-2.39136 -0.930271
-7.92623 3.76559
-4.80827 -1.0425
-5.76798 -0.526207
-4.73709 -1.35256
-2.38895 1.67589
-2.50365 0.335626
-1.96084 -1.74713
-2.93703 -0.726474
-2.07109 -2.37001
-1.49862 1.26136
-1.53413 1.25416
-3.00985 -0.192895
-2.04803 -1.62228
-4.80308 0.950573
-1.34653 2.17754
-4.34802 2.15563
-2.65099 1.33217
-2.97344 0.44533
-3.01247 0.0473541
-2.04344 -2.40016
-4.90483 0.126909
-5.33671 2.13125
-2.95093 0.562774
-4.58651 -1.83779
-0.750078 2.22861
-0.675755 2.23047
-4.65945 1.46397
-2.51364 -0.432815
-4.46422 1.93535
-5.71271 0.871102
-5.44497 1.86838
-1.69368 -2.06243
-2.77677 1.09359
-2.91776 -0.808179
-4.701 1.34696
-2.50253 1.54601
-1.03929 2.2132
-9.04814 2.04181
-4.6414 1.51503
-1.90013 -2.54678
-3.01002 0.108918
-1.76027 2.07685
-1.91487 -2.5324
-2.46068 0.504334
-1.725 -2.70676
-2.10506 -2.33209
-1.49724 -2.25543
-1.18904 1.30762
-5.77658 -0.405508
-4.5938 1.64077
-5.78271 -0.285174
-8.7695 1.16925
-5.77548 -0.423018
-4.92357 2.87618
-8.62287 1.93154
-1.86711 -1.86857
-2.26385 0.877282
-4.88638 0.411412
-0.344148 2.23074
-2.53323 0.125017
-1.80238 -2.63812
-8.32483 2.89205
-2.54129 -0.0683368
-1.94168 2.00193
-3.53863 3.16493
-2.4409 -1.89176
-5.78121 -0.319587
-2.84303 0.93343
-1.64929 -2.11159
-1.70144 -2.72685
-5.42208 1.92763
-2.04372 1.06656
-4.81284 0.959446
-4.63223 -1.706
-2.54123 -0.0833891
-4.90703 -0.132673
-2.36559 1.69967
-2.40602 1.65793
-4.87132 2.95181
-2.46623 1.59027
-3.43348 3.25575
-5.58076 1.45864
-1.92307 2.01078
-2.35597 0.745434
-2.53191 0.139759
-8.69769 1.59066
-2.74572 -1.32125
-4.8577 0.649024
-4.93198 2.86359
-4.90098 -0.144284
-4.86396 -0.713242
-4.25436 2.31313
-1.13709 2.20439
-4.58148 3.322
-4.85407 -0.776745
-2.46781 -1.84995
-4.75832 1.13812
-2.51475 -1.77395
-8.04602 3.53225
-2.53048 0.154474
-5.78719 -0.0968733
-4.87918 0.481678
-5.70443 0.919603
-2.27736 -1.21416
-1.40932 2.16686
-9.08952 1.86382
-2.46733 -0.670494
-4.86031 -0.732666
-3.37494 3.3035
-1.7207 -2.03709
-1.76705 -1.98622
-2.39683 -1.95809
-1.7785 -1.97332
-8.45486 2.52447
-2.02623 1.07715
-4.71388 1.29596
-5.75349 0.575868
-3.01352 -0.00578693
-1.51679 1.25775
-2.86276 0.878706
-1.90963 -1.81495
-2.26883 -1.23113
-8.65657 1.78651
-1.82764 1.17103
-4.84472 0.732124
-4.89438 -0.409362
-8.74662 1.31854
-4.26105 2.30259
-2.11759 1.90227
-4.8617 0.621205
-1.95123 -2.49625
-2.45193 -0.731505
-2.80648 1.02568
-8.25327 3.07242
-8.73837 1.36834
-5.3744 2.04445
-5.78697 -0.131014
-2.43939 1.62127
-0.70278 1.99198
-5.77652 0.309215
-5.46716 1.80871
-4.79058 3.06277
-4.17623 2.43324
-3.01177 -0.148188
-2.45025 1.60889
-2.17773 0.966498
-4.39586 -2.30144
-2.9244 -0.781039
-1.79281 2.06515
-1.88625 1.14758
-4.86361 0.607478
-2.59856 1.41444
-1.4432 1.27174
-2.79255 -1.20521
-1.11829 2.20625
-1.84055 -2.60341
-8.08776 3.44594
-8.51324 2.33745
-2.43697 0.573037
-8.82999 2.78515
-2.58851 -1.64548
-8.49469 3.60764
-3.82688 2.87849
-4.90782 -0.0456734
-2.4469 0.545692
-2.47099 -0.655136
-5.47252 1.79395
-2.50223 0.342676
-2.15797 -1.44396
-3.00291 0.213655
-3.96055 2.72322
-4.08077 2.56646
-4.71775 1.28307
-2.31124 0.815486
-4.94069 2.85071
-5.7651 0.459698
-1.76372 1.19349
-4.8974 -0.365624
-5.77193 0.376346
-4.51126 -2.03167
-8.5272 2.29017
-2.37735 1.68783
-2.91926 0.694527
-2.09804 -1.54444
-2.45164 0.53195
-5.76202 0.493034
-1.81403 2.05714
-9.17902 1.39878
-2.30472 1.75746
-3.18418 3.44691
-3.85242 2.85006
-2.97356 -0.535919
-2.38342 -0.952994
-5.77943 0.258971
-4.52635 1.80119
-2.38526 -1.97455
-2.14516 -2.28595
-2.4839 -1.82457
-3.00569 0.178773
-2.36408 -1.00605
-2.52727 -0.325871
-8.1582 3.29354
-1.39073 -2.34614
-4.19075 2.41163
-2.53847 -0.181536
-2.45177 -1.87502
-2.28941 -1.1866
-4.60844 1.60335
-2.077 1.04503
-4.78667 -1.14588
-1.26336 2.18964
-4.90296 -0.263507
-4.9065 0.069396
-2.51974 0.241965
-4.67446 -1.57377
-4.02445 2.64293
-2.09442 1.91721
-5.72084 -0.925206
-5.78198 -0.302628
-2.30364 -2.08871
-2.11119 -1.5231
-2.41663 -0.853663
-2.14433 0.995079
-8.39509 3.81019
-2.16464 0.978035
-4.59699 -1.8085
-4.8583 -0.747207
-4.71657 3.15892
-2.51992 -1.76532
-2.39721 1.67331
-0.845732 1.33461
-5.64541 -1.34295
-2.4975 1.55231
-2.378 -0.968201
-2.47513 0.455694
-1.61728 1.23628
-4.38756 3.5324
-3.00136 0.231051
-2.71072 -1.401
-5.18569 2.44021
-4.47064 3.44526
-3.32547 3.34251
-4.61083 3.26129
-2.8312 0.964473
-9.08333 1.88686
-2.83177 -1.09756
-4.67255 1.42538
-2.11556 1.01757
-2.76645 1.11619
-2.62095 -1.58492
-5.66738 -1.23824
-2.99886 0.25696
-2.80268 -1.17842
-2.38421 0.693502
-2.53422 -0.249817
-2.03518 1.07179
-2.8835 -0.935032
-4.435 -2.21504
-4.70071 -1.48529
-2.35363 1.71136
-2.62543 -1.57634
-4.89214 -0.438693
-2.88131 0.823349
-3.68612 3.02581
-5.19326 2.42642
-1.49771 2.14947
-5.67031 1.09663
-8.62909 3.30825
-3.00735 -0.23768
-4.57368 1.6906
-3.15344 3.46834
-2.3093 -1.14166
-2.99835 -0.34595
-2.3465 -2.01302
-1.66702 -2.09341
-1.5116 2.14646
-1.99068 -1.7058
-1.83467 -1.90801
-4.8986 0.255483
-8.30734 2.93738
-2.34835 0.758331
-2.32336 1.74039
-5.64174 -1.36012
-4.71319 -1.44121
-2.14552 -1.46556
-2.54127 -0.0759708
-2.34959 -1.04383
-4.49074 -2.08501
-4.87996 -0.570738
-2.87001 -0.980209
-2.77146 -1.25893
-2.50514 -0.486356
-4.85617 -0.762193
-1.53926 2.14022
-4.46635 -2.14299
-3.70412 3.0078
-1.62427 -2.13642
-5.7141 -0.9774
-2.91485 0.710825
-2.03791 1.95122
-8.65118 1.8106
-2.59316 -1.63696
-5.73896 -0.8033
-1.82896 -1.91477
-4.89542 -0.394919
-3.01371 -0.0413253
-2.9903 -0.418091
-4.63686 1.52754
-1.87797 -2.56812
-2.00397 1.97009
-8.60914 3.35485
-1.81786 -1.92789
-2.65214 -1.52397
-4.81115 -1.02791
-1.55167 1.25041
-4.59869 1.6283
-2.96908 -0.563046
-1.74983 -2.00537
-8.55821 3.47024
-2.38758 0.686757
-8.79604 0.967733
-2.51412 0.278086
-2.40341 0.653709
-2.69589 1.25456
-5.39258 2.0009
-2.50247 -0.501753
-1.90411 2.01951
-4.48462 -2.09973
-2.23282 1.81856
-2.88886 0.799492
-3.94421 2.74309
-2.85161 0.910121
-5.73724 0.707956
-0.723564 1.33999
-2.48696 1.5776
-5.66027 -1.27314
-4.37364 2.10959
-2.54712 1.48771
-3.01218 0.0560494
-1.90431 -1.82179
-1.92952 -2.51795
-5.64927 1.19232
-3.88624 2.81154
-2.24368 -1.28307
-2.22136 -1.32727
-1.90762 -2.53949
-5.79243 -0.213748
-4.90575 0.0981726
-2.82212 0.9875
-9.16466 1.47183
-4.9011 0.21319
-4.88504 0.425325
-5.69562 0.968406
-1.81016 -2.6314
-7.8694 3.86966
-9.16123 1.50314
-7.93761 3.74427
-5.07973 2.62948
-5.32381 2.15997
-1.99551 -1.69898
-4.04818 2.61194
-1.78986 -1.96038
-7.91512 3.78625
-3.00539 -0.264853
-0.725893 2.2293
-5.72056 0.822441
-5.70569 -1.02943
-5.77195 -0.474584
-2.71527 1.21869
-4.79416 0.990938
-2.43955 0.566118
-2.0174 1.08233
-8.48403 3.63004
-2.50379 -0.494189
-4.3609 2.13266
-1.79087 -1.95739
-5.75527 0.559527
-5.78669 -0.148384
-2.98186 -0.481437
-4.76642 -1.23467
-8.49886 2.3856
-5.71584 0.85535
-5.78637 -0.165262
-2.25287 1.80219
-4.86807 -0.673651
-4.23351 2.3461
-4.49664 -2.07071
-4.52018 -2.01256
-4.80882 3.03834
-4.7652 1.11149
-5.76651 -0.543772
-3.97677 2.70323
-5.77437 -0.440031
-2.17133 0.972193
-2.42994 -1.90846
-2.52732 1.51357
-4.4477 -2.18617
-4.90564 -0.190839
-2.32961 1.73454
-2.53238 -0.27256
-3.40441 3.27973
-2.19819 -1.37132
-1.59939 -2.16073
-2.27276 1.78553
-4.99931 2.76069
-3.01304 -0.103596
-4.90773 -0.0746391
-9.13227 1.65891
-2.74141 1.16778
-4.68953 1.37401
-5.45053 1.85374
-8.44711 2.54808
-8.65836 3.23838
-2.3908 0.680252
-2.25813 -1.25355
-2.52467 0.205654
-1.22842 2.19414
-4.81447 0.896251
-8.86263 2.68773
-1.1145 1.30316
-5.78558 -0.199549
-2.87612 0.839262
-5.30471 -0.0100043
-4.57141 3.33357
-9.11157 1.76118
-2.95934 -0.617594
-2.49096 -0.563188
-5.75131 -0.699556
-3.30551 3.35787
-5.77735 0.327181
-4.80886 0.923446
-9.0097 2.19338
-4.86261 2.96412
-2.24807 0.895618
-2.99925 -0.336779
-5.78716 0.0223497
-2.61831 -0.916883
-2.90613 -0.85348
-5.73949 0.691272
-8.34206 2.84656
-1.88476 2.02811
-2.54081 -0.113548
-2.18412 1.85595
-4.56863 1.70282
-1.98003 1.10302
-3.24538 3.4029
-8.71533 3.09676
-0.700663 2.22995
-8.11824 3.38107
-5.59378 1.41221
-4.28183 2.26857
-5.68015 1.04875
-2.8777 -0.961872
-2.00757 1.09172
-2.90808 0.735066
-2.54496 -1.72276
-2.39086 -1.96642
-5.35567 2.0882
-3.00862 0.12627
-1.77287 -1.97968
-1.54247 -2.21449
-3.01356 0.209862
-2.70677 -1.40972
-0.934451 2.22046
-4.9078 -0.0314168
-4.78447 -1.17351
-2.43923 -0.777668
-1.85176 1.16174
-8.78336 1.06869
-4.90391 -0.247493
-8.59459 2.46452
-4.6811 1.39987
-3.90299 2.79209
-2.79349 1.05605
-8.75192 3.00151
-8.38382 2.73248
-4.65146 -1.64718
-2.60256 1.40724
-2.4617 -0.693413
-1.72649 -2.03084
-2.3506 -2.02382
-1.48065 1.26486
-4.5616 3.34477
-2.33886 -2.04014
-9.06628 1.96594
-4.31364 2.20708
-4.73437 -1.39329
-2.28842 0.846609
-4.9063 2.90153
-2.034 -1.64324
-3.00095 -0.318713
-8.57884 3.42408
-1.70825 1.21074
-5.20041 2.41283
-2.56623 1.46128
-2.32702 -2.05642
-1.70888 -2.04972
-1.94006 1.12311
-3.89448 2.80203
-2.53635 -0.219387
-7.98249 3.65745
-5.41633 1.94217
-5.67763 -1.18615
-1.56841 1.24672
-4.62236 -1.73537
-2.43178 0.586758
-2.5381 -0.189011
-2.89379 -0.898752
-2.43037 -0.808303
-1.69154 2.09939
-8.14974 3.31007
-3.77481 2.93478
-2.52895 0.169163
-2.58944 1.42794
-2.09285 1.03409
-2.19832 1.84537
-2.26175 -1.24601
-2.53499 -1.73986
-4.82689 3.01373
-8.32595 3.94285
-2.84582 -0.0667824
-4.89578 0.298001
-8.50561 3.58452
-2.32836 0.790205
-8.58646 2.07604
-2.48304 -0.601483
-2.08012 -1.57291
-2.71149 1.22581
-2.72656 -1.36556
-5.17863 2.45392
-8.78985 1.01826
-8.31397 3.9652
-2.29946 -1.16409
-4.79986 3.05041
-1.80115 -1.94738
-9.04184 2.0676
-2.67588 1.29003
-2.51247 -0.440594
-2.43485 -0.792989
-5.01637 0.0445415
-4.86878 0.562059
-1.78726 -2.6521
-1.77128 2.07317
-3.91119 2.78247
-8.57376 2.12394
-4.83794 -0.879977
-8.10824 3.40252
-2.88872 -0.916893
-8.98957 2.26832
-4.6505 1.48954
-2.00847 -2.43737
-4.13951 2.48664
-5.66348 1.12861
-2.83716 0.948979
-4.80018 0.963913
-4.74048 1.20418
-5.60652 1.36567
-2.21231 1.83469
-4.33501 2.1785
-2.13606 1.00898
-4.61806 1.57817
-2.02941 1.95605
-8.8787 2.63959
-8.99629 2.24362
-2.29966 1.76501
-2.37566 -0.975104
-1.70923 -2.72024
-4.87341 -0.629644
-4.32855 2.18973
-1.84799 -2.59647
-2.92778 0.661793
-3.38481 3.29563
-5.2431 2.32945
-8.97572 2.31835
-2.90848 -0.844529
-1.75002 1.19789
-2.10687 -1.53016
-5.76504 -0.560833
-4.53169 -1.98343
-2.52885 -0.310595
-4.64986 3.24133
-8.75839 1.24401
-2.48212 0.418049
-2.92563 0.670092
-8.4291 3.74272
-2.5218 0.22742
-2.41235 0.633757
-4.8992 -0.336353
-2.45384 -0.724109
-3.21479 3.42509
-2.48629 -0.58612
-5.40454 1.97159
-1.92219 -2.52501
-4.66537 -1.60323
-5.77753 0.292645
-1.83937 1.16856
-2.0849 1.03947
-2.54001 -0.143775
-2.206 -1.35666
-5.74577 0.642048
-2.8488 0.917828
-5.78748 -0.0799659
-3.50068 3.19846
-5.29716 2.21672
-2.9628 0.504295
-4.10201 2.53932
-2.87817 -0.953163
-1.57423 -2.18481
-1.61186 -2.1486
-1.23534 1.3023
-1.43784 -2.30697
-5.6638 -1.25595
-8.74274 3.02573
-5.257 2.30142
-1.014 1.32385
-3.67728 3.03433
-5.22077 1.56924
-1.92517 -1.79476
-2.23516 0.924365
-2.99103 0.326036
-2.16621 -1.42945
-2.57562 1.44796
-2.01243 1.96547
-1.46446 -2.28419
-4.83542 -0.89498
-3.00859 0.135134
-4.77192 1.08478
-5.65294 -1.30804
-1.94409 -2.50343
-2.61179 -1.6023
-4.8427 -0.850605
-8.30086 2.94909
-2.70761 1.23317
-5.27073 2.27327
-4.88582 -0.511902
-4.75932 -1.26426
-2.12513 -2.30921
-4.78166 1.04478
-2.15507 1.87682
-2.13274 -1.48731
-4.8751 -0.614799
-2.54256 -0.0995655
-4.12456 2.50786
-4.83293 -0.909552
-2.08912 -1.55869
-2.47971 -0.616846
-2.06063 1.05585
-2.33243 0.783937
-2.52077 0.234804
-5.61059 1.34968
-5.52935 1.62774
-2.53916 -0.166376
-3.84402 2.85948
-2.96597 0.487461
-2.89632 -0.889802
-2.24632 1.80765
-2.1402 1.88709
-4.90158 -0.292711
-2.96104 -0.60837
-4.22636 2.35725
-1.63341 1.2312
-2.1605 -1.44366
-8.87084 2.66371
-2.41175 1.65178
-2.90128 -0.871644
-8.27156 3.02757
-4.90267 0.098974
-3.00666 -0.24684
-2.99514 0.291563
-4.72584 3.14716
-4.86428 -0.703151
-4.6854 1.38676
-5.04 2.69548
-2.77329 1.10119
-2.92357 0.678182
-2.53831 0.0511486
-8.66203 1.76186
-1.97043 1.10804
-2.80322 1.0334
-2.54091 -0.0235125
-8.61689 1.95606
-4.6769 1.41258
-4.41706 2.02819
-3.20467 3.43237
-2.46358 -0.685849
-2.46745 -0.666332
-2.10047 1.02867
-2.52267 1.52024
-2.97626 0.428361
-2.87353 0.847083
-2.15114 0.989486
-2.19187 1.85171
-5.78487 -0.487148
-4.48755 1.88586
-2.4153 0.626954
-2.93293 -0.744665
-4.74087 -1.33799
-8.35044 2.82409
-3.52923 3.17321
-4.70986 1.30922
-2.53104 -0.287811
-2.90343 0.751248
-1.47766 -2.2727
-4.55427 -1.92498
-8.6726 1.71299
-2.78012 1.0862
-4.83772 0.773268
-2.34058 -1.06659
-2.18228 -1.40051
-5.14888 2.50855
-2.37946 -1.98291
-4.90314 0.169724
-3.00175 -0.309815
-8.58891 3.40128
-5.60228 1.38099
-3.01284 -0.1124
-8.22548 3.13906
-2.47843 -1.83311
-1.45174 2.15655
-4.31534 2.21243
-2.41728 1.64579
-5.35782 2.13048
-1.5932 -2.1667
-2.33656 0.777466
-2.07104 -1.58709
-2.43265 -0.800542
-2.09988 -2.34023
-1.95857 -2.48884
-5.34945 2.10243
-2.69863 -1.42739
-5.78402 -0.250794
-8.46992 2.47776
-3.47211 3.22314
-4.82865 -0.945162
-2.95413 -0.644744
-1.74068 -2.69321
-5.54386 1.58207
-8.88672 2.61472
-2.62085 1.38048
-5.77432 0.342808
-2.7864 1.06029
-2.51875 0.250202
-2.55483 -1.70562
-8.9545 2.39276
-2.74868 1.15306
-4.55167 3.35659
-3.695 3.01695
-2.44922 0.533852
-4.74456 3.12318
-2.54076 -0.0159127
-2.27916 1.78003
-2.8914 0.791374
-4.69638 -1.50026
-2.66083 -1.50645
-8.18734 3.22777
-5.69689 -1.08147
-4.82239 -0.968723
-5.76651 0.443229
-2.32522 -1.10418
-1.85563 -2.58931
-4.89473 0.312421
-4.7293 -1.38212
-1.3642 1.28477
-2.28606 -1.19396
-2.99388 0.34598
-9.0542 2.0168
-5.73437 -0.838097
-2.37157 1.69367
-2.31993 0.802879
-4.78985 -1.1313
-3.27555 3.38053
-2.36225 -2.00744
-2.92872 -0.762853
-1.8809 -1.85043
-3.00938 -0.202007
-3.00966 -0.157677
-8.49189 2.40777
-0.624176 2.23133
-2.2546 -1.26086
-2.74511 1.16032
-2.79672 1.04859
-5.74535 -0.751411
-5.66712 1.11303
-2.52806 -0.318343
-2.73013 -1.39292
-2.15852 1.59182
-5.77068 0.392849
-5.78734 0.0050734
-5.76933 -0.509165
-5.5487 1.5665
-1.42444 -2.31827
-4.88973 -0.468048
-4.21939 2.36805
-2.97534 -0.526628
-2.99352 -0.391051
-3.62241 3.08768
-1.72666 2.08823
-2.51757 0.256479
-1.73647 1.20221
-8.5674 2.14749
-1.6183 2.12048
-4.50849 -2.04165
-2.12852 -1.4944
-4.84007 0.759701
-1.73298 -2.6999
-5.75706 0.542683
-2.52383 -0.356451
-2.32914 -1.09543
-8.69662 3.14413
-1.63075 2.1171
-4.49884 1.86174
-4.81718 0.882874
-4.88298 -0.541311
-8.89677 2.26022
-1.73788 2.08451
-2.20861 0.937345
-5.75859 -0.630148
-5.55336 1.55135
-1.78427 -1.96676
-4.78157 3.0748
-4.84921 0.704484
-4.16904 2.44385
-4.84482 2.98899
-4.70913 -1.45573
-8.70725 1.54138
-3.29564 3.36538
-8.47264 3.65762
-3.36512 3.31139
-5.49897 1.71889
-5.75258 0.593199
-1.99006 -2.46078
-8.36081 3.87678
-1.89462 2.02376
-2.50109 -0.509543
-2.42294 1.6396
-2.52197 -0.371754
-8.63855 3.29407
-5.74161 0.675041
-1.45118 -2.29561
-2.71914 1.21134
-2.32211 -1.11159
-2.40217 -1.94988
-2.53301 -0.265051
-9.07805 1.91495
-2.51475 -0.42526
-2.70265 -1.41868
-2.41162 -0.869253
-2.49618 0.371205
-2.52647 0.191036
-2.86729 0.802027
-4.80231 -1.0721
-8.72982 1.41802
-2.78686 1.07116
-8.01421 3.5962
-2.48944 -0.570757
-2.30916 -2.08063
-4.88219 0.453528
-2.54039 -0.000944854
-8.68784 1.63983
-2.61199 1.39415
-9.19947 1.26806
-2.59793 -1.62818
-5.41037 1.9571
-4.88921 -0.480198
-2.40669 -0.884523
-2.51167 0.292521
-5.3978 1.98585
-8.54088 2.24275
-2.42916 0.593322
-4.54303 -1.95428
-4.67857 3.20632
-2.95609 0.537804
-2.22081 -1.3306
-2.97052 0.462262
-3.83534 2.86914
-4.73306 1.23056
-1.34386 1.28783
-2.53869 0.0435984
-2.4925 -0.555396
-2.94491 -0.69009
-3.01028 -0.18405
-5.5194 1.65822
-1.7768 1.18914
-2.85447 0.902172
-1.92012 -1.80139
-2.54984 -1.71432
-4.83516 0.785279
-1.52961 -2.22629
-5.72313 0.805865
-2.60587 -1.6107
-2.2911 -2.10472
-2.5256 -0.341157
-8.64003 1.85921
-4.81993 0.86899
-2.38876 -0.937774
-1.95072 -1.76082
-4.44117 1.98103
-2.17792 -2.24722
-2.20524 1.84012
-2.52277 0.220244
-2.87273 -0.971284
-8.56078 2.17166
-4.89141 0.354805
-4.75576 -1.27884
-4.51146 3.40089
-2.07785 -2.36255
-5.69063 -1.11637
-2.81259 -1.15159
-1.30147 1.29384
-2.21913 1.82939
-1.45653 1.44972
-2.45392 0.525158
-2.94928 -0.671782
-2.8329 -1.10623
-4.34542 3.57449
-8.90989 2.54131
-3.01108 -0.16611
-4.54855 -1.9399
-4.90028 0.226941
-2.53705 0.0733291
-1.39414 2.16955
-3.01358 -0.0679066
-2.36688 -0.998574
-2.35251 -1.03635
-2.91317 -0.826356
-2.54121 -0.0459029
-1.88853 -1.84185
-5.01575 2.73463
-2.99471 -0.381821
-2.53502 0.102964
-8.78006 1.0935
-2.11853 -2.31677
-4.44128 -2.20082
-4.82777 0.828177
-8.34936 3.89863
-8.82146 2.80974
-1.67298 -2.08729
-1.83998 -1.9016
-0.774632 2.22783
-2.94359 0.596034
-4.78799 1.01789
-7.97072 3.68126
-4.42919 2.00466
-0.955757 2.21915
-4.43511 1.99303
-1.38477 1.28156
-3.00693 0.161287
-2.5097 -1.78233
-4.818 3.02587
-4.77517 1.07159
-4.65506 1.47658
-8.70244 1.5664
-2.53017 -0.295858
-4.0325 2.63246
-1.53614 -2.22031
-2.29283 -1.17901
-2.29203 1.76879
-4.40845 3.5107
-3.74854 2.96237
-3.51971 3.18176
-5.6865 1.01658
-1.55526 -2.20263
-2.69447 -1.43634
-0.489076 2.23209
-2.97985 -0.447112
-4.67827 -1.56017
-5.75875 0.526311
-4.90779 -0.0603643
-9.14715 1.58072
-3.96856 2.71338
-4.69214 -1.5148
-4.65937 3.22981
-1.44633 -2.30028
-1.07934 2.20985
-5.77825 -0.371132
-5.65647 1.16051
-2.91034 0.727077
-0.785685 1.33749
-8.62861 1.9077
-4.74436 -1.3237
-2.15171 -2.27833
-1.6791 -2.08097
-2.4872 1.56504
-2.24276 0.90155
-4.76313 3.09906
-9.18745 1.34642
-2.43443 0.579744
-2.84096 -1.07063
-5.61872 1.31829
-2.54059 -0.00853747
-2.82548 -1.11559
-2.21373 -1.34198
-4.38929 -2.31559
-5.74374 0.658311
-8.40803 2.6637
-8.52691 3.53881
-2.73039 1.18963
-2.24002 -1.29048
-2.43342 -0.79205
-8.60471 2.00626
-0.912201 2.22174
-4.48074 3.43438
-1.79003 1.18461
-2.50911 0.306923
-2.97898 0.411355
-1.64873 1.22725
-3.00632 0.170162
-2.73433 -1.3478
-0.516538 2.2321
-5.31739 2.17407
-8.75057 1.29397
-2.57142 1.47934
-5.74939 -0.716666
-1.97087 -1.73339
