23.75 27.4
28.95 15.56
5.73 13.05
21.17 39.24
8.31 37.98
5.66 22.75
20.49 31.82
6.58 15.23
15.91 15.23
20.8 6.57
21.2 25.82
27.34 26.4
19.51 28.19
4.76 6.33
14.26 21.19
20.07 14.52
7.71 29.33
15.42 18.03
19.63 5.62
17.37 27.29
18.52 31.73
21.64 17.45
26.53 8.67
18.52 17.36
14.89 37.58
24.64 11.37
9.16 23.96
16.2 26.31
9.05 24.93
14.62 17.25
11.42 9.2
21.55 24.78
16.73 6.71
13.91 11.21
7.16 10.83
17.18 4.21
15.27 24.3
21.14 22.59
11.63 24.63
20.64 30.24
7.21 16.71
17.79 35.37
10 6.8
28.97 22.65
15.71 35.73
26.44 28.78
6.32 8.32
6.15 5.11
26.41 14.88
19.42 8.81
17.12 15.82
14.83 27.11
24.18 9.68
28.93 12.42
10.57 10.25
14.46 8.25
8 25.41
13.84 6.5
12.86 22.75
22.57 5.64
16.49 17.28
14.26 15.44
6.51 36.1
15.45 15.48
27.05 17.11
4.73 28.21
16.73 22.67
11.5 38.89
3.35 25.62
4.94 12.55
20.23 37.16
17.75 13.03
24.85 9.23
7.82 13.08
19.89 29.79
12.96 29.82
13.07 19.32
9.61 6.75
13.44 31.33
22.33 11.16
13.78 23.42
27 18.83
29.78 36.46
21.3 10.4
7.72 5.79
24.82 32.32
25.54 38.41
20.81 24.9
6.51 17.03
29.46 21.66
18.65 36.82
21.63 34.61
21.12 37.34
20.76 22.72
29.84 13.28
11.13 19.81
19.99 10.25
23.05 10.14
17.31 11.96
16.6 13.51
12.4 36.49
3.13 14.41
23.52 10.29
9.67 12.84
