-8.87685 -2.88353
-5.57055 -7.43466
-0.557497 -5.63578
-7.1947 -5.46599
-1.60632 -6.27097
-3.36448 -5.12178
-1.04588 -6.50685
-0.210539 -6.76367
-8.77155 -3.21699
-6.30132 -7.33988
-1.44035 -6.34647
-3.19215 -4.02886
-3.35914 -9.10739
-1.45922 -9.99324
-4.4539 -2.17192
-7.33495 -5.24396
-4.1974 -9.13774
-7.78661 -5.35921
-4.89914 -8.62786
-9.29621 -0.156236
-6.07373 -6.91681
-4.84302 -3.35398
-1.5514 -6.2965
-5.26834 -2.51865
-8.50239 -3.93541
-6.98168 -5.7823
-9.16249 -1.65415
-2.59062 -4.56552
-3.82212 -4.6863
-8.76195 -3.24537
-8.85522 -0.215908
-7.57734 -5.69744
-5.14728 -7.82359
-9.28136 -0.596691
-7.22642 -5.41678
-2.11813 -10.2597
-3.87708 -3.20508
-1.01412 -10.6594
-3.43939 -9.06022
-1.77022 -6.19155
-2.94749 -5.46097
-7.72353 -5.46395
-7.52493 -4.92188
-4.5075 -3.86554
-6.59543 -6.30238
-2.43731 -5.81465
-2.83074 -4.36526
-3.98537 -8.71543
-8.81203 -0.952942
-4.02076 -2.9887
-4.21275 -8.55881
-2.79951 -4.39437
-8.63264 -2.07048
-8.29721 -4.3986
-9.22357 -1.23516
-7.51894 -5.79331
-8.29677 -3.23859
-1.71057 -5.14589
-1.17111 -5.40879
-0.0717855 -6.79598
-2.27667 -4.7968
-8.42832 -2.8415
-3.45237 -3.74882
-4.36218 -2.37293
-7.7078 -5.48968
-3.52836 -3.66888
-3.84527 -9.36609
-5.76345 -7.24382
-6.6492 -6.23342
-8.76 -1.37758
-5.97563 -7.0239
-8.20946 -3.4756
-1.25391 -6.42555
-9.08246 -2.07414
-2.1069 -4.91012
-8.27788 -3.29143
-5.33173 -2.36484
-2.95485 -9.33204
-3.2134 -5.25043
-4.34581 -4.08208
-8.32309 -4.31554
-4.65468 -8.23051
-4.90196 -3.27356
-1.02815 -5.46822
-9.29041 -0.403593
-3.05919 -9.81678
-8.85646 -0.111237
-0.912264 -6.55532
-7.62689 -5.61955
-2.6053 -5.70498
-5.79093 -7.85696
-4.02929 -2.9752
-8.8535 -0.294187
-4.1149 -2.83591
-3.72557 -4.78444
-2.5939 -10.0482
-3.12068 -5.32606
-5.0103 -3.05754
-6.4451 -6.48854
-2.12663 -6.00134
-1.12193 -6.47797
-4.14374 -9.17367
-2.6386 -5.68247
-8.60213 -2.20355
-6.94779 -5.83051
-6.05318 -6.93928
-0.794916 -10.7244
-5.37819 -2.24474
-1.46727 -5.27227
-7.59765 -4.79291
-8.46794 -4.01734
-9.11699 -1.90581
-6.23707 -7.40857
-1.88785 -9.82892
-0.480581 -10.8099
-3.34395 -9.66249
-4.95621 -3.15661
-0.380816 -10.3187
-5.57353 -1.63863
-1.52876 -5.24158
-9.22002 -1.26348
-4.75351 -3.53627
-7.11435 -5.58809
-4.03514 -4.45624
-6.73589 -6.84532
-1.8425 -6.15495
-4.08863 -2.87904
-0.0658615 -10.9078
-2.81912 -5.55589
-1.21735 -10.0759
-6.32243 -7.31709
-2.68807 -5.64857
-1.90383 -5.03575
-4.4601 -8.37909
-1.51448 -6.31335
-4.41634 -3.98967
-6.5576 -6.3498
-7.121 -6.35603
-5.83679 -7.813
-1.5403 -9.9629
-5.3386 -2.34743
-3.08947 -5.35097
-8.80932 -0.979864
-4.16203 -2.75422
-3.45356 -5.04264
-4.70152 -8.19351
-3.51314 -4.98972
-5.84769 -7.15758
-8.37181 -3.02147
-0.191007 -6.76839
-7.83288 -5.28072
-3.22552 -3.99414
-4.15415 -2.76797
-2.06021 -9.75756
-7.61136 -4.76793
-8.22944 -3.42293
-8.88501 -2.85601
-2.65276 -10.0203
-0.392315 -5.68477
-4.44128 -2.20082
-4.5662 -8.87936
-8.84293 -2.99514
-1.49806 -5.257
-3.90342 -4.60078
-3.03634 -9.28846
-0.541382 -5.64081
-7.63897 -4.71715
-1.26521 -5.3674
-0.525872 -10.2852
-9.00601 -2.40931
-3.84938 -4.65792
-0.705059 -5.58777
-4.83339 -3.37007
-9.04603 -2.24124
-2.68298 -4.49166
-5.41561 -8.20006
-8.47939 -3.99031
-4.22459 -2.64207
-7.45944 -5.87714
0.319735 -10.4691
-3.57008 -3.61017
-8.53523 -2.46951
-6.1338 -6.85041
-8.82419 -0.8208
-0.505783 -6.68527
-4.92406 -8.60832
-3.14491 -9.22907
-1.01015 -10.1426
-2.78686 -4.40516
-2.31589 -9.64555
-5.2828 -2.48448
-3.99614 -4.49983
-7.98154 -4.02393
-0.375434 -5.6895
-0.574413 -10.7852
-2.88567 -9.90602
-3.01259 -4.20369
-3.31965 -5.16068
-4.3695 -4.05138
-8.82852 -0.767855
-8.78055 -3.18974
-1.93311 -5.01825
-4.27704 -2.54342
-6.29362 -6.66896
-1.39013 -5.30962
-2.67004 -4.50218
-5.30579 -7.68249
-5.32006 -8.27199
-2.00325 -6.06998
-4.50908 -8.34231
-7.14701 -5.53895
-5.42217 -2.12423
-9.01968 -2.3533
-8.64378 -3.5774
-6.75466 -6.82179
-7.35536 -6.02968
-4.29884 -2.50107
-7.425 -5.92828
-7.95346 -5.06914
-0.802937 -5.55369
-5.43923 -8.17931
-4.78398 -3.4512
-0.983685 -10.6689
-9.18061 -1.54219
-0.564171 -6.66819
-8.68456 -3.46665
-8.48372 -2.65559
-3.62702 -4.881
-1.07582 -5.44886
-9.26834 -0.790401
-1.87434 -5.05313
-2.83511 -5.54429
-1.12897 -10.1049
-7.08161 -5.63684
-2.26285 -4.80632
-1.32784 -5.33884
-8.55608 -2.38991
-0.786366 -5.55957
-5.03239 -7.92265
-2.34618 -4.74811
-3.69756 -4.81225
-8.76379 -1.35134
-1.42203 -6.35451
-8.31535 -3.1857
-3.8395 -3.25854
-2.62292 -10.0345
-8.80661 -1.00602
-7.78523 -4.43654
-7.84859 -4.3083
-4.28596 -4.15817
-5.16982 -7.80385
-3.73506 -9.43406
-5.31169 -2.31506
-3.622 -3.54633
-1.86024 -6.14581
-6.17372 -6.80571
-0.441928 -5.67058
-0.508194 -5.65092
-2.56848 -9.52747
-0.544897 -6.67385
-7.73302 -4.53904
-7.15797 -6.30614
-6.84496 -5.9736
-5.85928 -7.79127
-7.70647 -4.59016
-3.41961 -3.78599
-2.12103 -4.90099
-0.561533 -6.62581
-4.14598 -2.78211
-3.85837 -3.23185
-2.69627 -4.4808
-5.39523 -7.60051
-9.1004 -1.98946
-4.00906 -4.48547
-5.21626 -2.63762
-9.27972 -0.624792
-5.37264 -7.62139
-3.80862 -4.70024
-2.57186 -5.72732
-3.49575 -3.69867
-1.55938 -5.22598
-1.10766 -5.43567
-0.950571 -10.161
-0.931829 -5.50597
-8.21908 -4.56114
-2.93842 -4.27203
-5.54909 -7.45534
-4.90061 -3.25563
-0.419474 -5.67569
-7.40792 -5.95342
-1.78529 -10.3933
-0.230604 -6.75868
-2.14392 -5.99148
-4.20023 -4.26368
-0.951495 -10.6785
-6.40747 -7.22409
-1.41784 -10.5275
-3.15693 -4.06425
-7.4768 -5.85113
-1.5132 -5.24942
-8.09421 -3.76391
-3.38652 -3.82295
-4.46635 -2.14299
-7.94579 -4.10228
-0.447596 -10.818
-3.24401 -5.22492
-8.4911 -3.96247
-3.33448 -5.14788
-2.19666 -5.96105
-0.700815 -10.7509
-3.57121 -8.98085
-2.03115 -9.76982
-8.40882 -4.15381
-0.591795 -10.2641
-0.511053 -10.8018
-5.56384 -1.67349
-6.11396 -6.87244
-5.78476 -7.22214
-3.65228 -9.48406
-8.59586 -2.22985
-0.639526 -5.60959
-9.22694 -1.20765
-2.8883 -4.317
-6.38662 -7.24707
-5.14567 -2.78979
-9.29226 -0.348431
-6.34976 -6.60268
-3.51307 -9.56612
-4.6784 -8.21195
-3.58025 -3.59761
-6.10573 -7.54549
-9.29661 -0.101349
-3.81821 -9.38294
-1.84475 -5.07037
-3.65544 -4.85352
-9.29377 -0.293405
-2.28717 -9.65851
-3.6837 -4.8259
-0.289007 -10.857
-2.40017 -9.60698
-7.66627 -4.66628
-8.73528 -1.53751
-8.65013 -1.99004
-1.94544 -9.80544
-0.0468559 -10.3963
-3.46805 -5.02952
-5.2239 -2.62037
-4.03634 -8.68101
-7.9342 -4.12774
-5.16173 -2.75601
-4.67091 -3.62822
-4.08722 -8.64628
-8.59112 -3.71514
-6.70323 -6.16326
-1.54385 -5.23392
-7.91007 -4.17954
-4.61771 -3.70772
-2.76269 -9.43153
-4.26279 -8.52326
-3.70183 -8.89981
-7.99302 -3.99831
-9.29306 -0.321275
-4.23211 -2.62819
-1.87848 -6.13636
-6.72144 -6.13936
-1.77055 -5.11265
-8.58292 -2.28321
-4.60637 -8.26802
-3.95468 -9.29699
-9.10596 -1.96185
-9.25909 -0.901569
-4.61811 -8.84132
-2.23576 -10.2088
-2.16402 -4.87285
-1.27642 -10.056
-0.416297 -10.8259
-2.07815 -4.92855
-4.38248 -2.33015
-8.06861 -4.85662
-8.20598 -4.58776
-9.18917 -1.48624
-0.485905 -6.69097
-3.28498 -3.93282
-2.21381 -5.95099
-4.64361 -8.82248
-3.67633 -8.91586
-8.4525 -2.76202
-4.93916 -8.00113
-0.857813 -10.7063
-7.52741 -5.77444
-2.13555 -4.89154
-3.00014 -4.21532
-4.33023 -9.04703
-8.15198 -4.69559
-3.31601 -9.67807
0.0753494 -10.422
-4.84854 -8.66727
-6.57584 -6.32687
-8.81954 -0.873785
-7.09778 -5.61284
-3.29626 -3.92087
-0.753797 -5.57102
-1.45919 -6.33814
-8.69833 -1.74938
-5.53418 -1.77792
-7.84845 -5.25398
-0.137859 -10.3763
-9.03302 -2.29727
-5.19296 -7.78346
-2.37386 -4.72833
-0.193735 -10.8792
-1.90699 -10.3458
-8.56966 -2.33657
-1.57145 -10.4731
-2.17892 -5.97132
-6.89365 -6.65129
-8.86006 -2.93935
-4.00333 -3.01604
-9.21649 -1.291
-4.86241 -3.32127
-8.73443 -1.52738
-1.78684 -6.18036
-9.29732 -0.0447698
-1.10738 -10.6304
-7.7979 -4.41124
-1.75235 -6.20045
-2.82748 -9.93515
-6.9513 -6.57822
-8.11589 -3.71155
-9.24276 -1.06862
-8.71416 -3.38385
-4.33407 -4.09717
-5.43927 -7.55944
-6.25826 -7.38599
-7.62546 -4.74211
-8.93293 -2.68835
-1.65019 -5.17849
-0.890886 -10.179
-1.35903 -5.32431
0.126615 -10.948
-7.75928 -4.48784
-4.17008 -2.74008
-3.10925 -4.11129
-4.38929 -2.31559
-4.79759 -8.11714
-3.82048 -3.28514
-1.56955 -6.28812
-5.55895 -1.69116
-0.384043 -10.8339
-4.84501 -8.0787
-2.99545 -5.42442
-8.1924 -4.61514
-3.74025 -4.77054
-2.57747 -4.57581
-3.8676 -3.21867
-2.62332 -4.68605
-6.25275 -6.71576
-4.99246 -3.0908
-4.4737 -3.91221
-4.3101 -4.12772
-9.23979 -1.09608
-2.52378 -4.61726
-8.50008 -2.59954
-3.94117 -3.11101
-8.35994 -4.26298
-4.77414 -8.13599
-3.62376 -8.94854
-5.49732 -1.89931
-2.24859 -4.81609
-1.88889 -5.04459
0.136564 -10.4343
-1.91438 -6.11763
-3.28942 -5.18656
-0.129858 -10.8937
-8.42002 -2.86834
-8.84269 -0.557277
-8.69298 -1.77723
-1.21623 -6.44081
-7.19466 -6.25608
-3.83125 -8.81712
-0.525072 -6.67969
-2.31773 -5.88892
-4.29295 -2.50324
-2.60412 -4.5549
-4.31015 -8.48878
-1.29402 -10.5697
-7.92235 -4.15327
-9.18486 -1.51463
-6.34411 -7.29357
-5.20089 -2.67158
-6.73908 -6.11607
-2.47568 -10.1031
-0.882199 -6.54512
-7.28443 -5.32353
-4.04829 -4.44137
-0.651988 -10.2477
-9.29548 -0.211187
-7.8234 -4.35981
-7.81769 -5.30665
-8.58933 -2.25692
-2.45406 -5.804
-3.08753 -9.80186
-1.96767 -6.08922
-7.54125 -4.89406
-7.59416 -5.67121
-9.23018 -1.17962
-7.30424 -5.29359
-1.67954 -6.2361
-5.42835 -2.1067
-7.04859 -5.68546
-0.11158 -6.78701
-0.672325 -5.59877
-9.28822 -0.458812
-4.25085 -9.10155
-7.70804 -4.61467
-8.39496 -2.9476
-8.85433 -0.244147
-8.43329 -4.09856
-1.92033 -9.81622
-8.79173 -1.13846
-0.731912 -10.7423
-6.8621 -5.95007
-5.01928 -3.04065
-1.73392 -6.20956
-7.96797 -5.04295
-2.53487 -10.0758
-4.4477 -2.18617
-3.79468 -4.71456
-7.88601 -4.24454
-0.681053 -6.63242
-3.98573 -3.04332
-8.24545 -4.50705
-3.54898 -3.63563
-6.73855 -6.111
-7.49357 -5.82586
-1.40314 -6.36273
-3.25917 -9.70946
-1.58822 -6.27945
-5.69846 -7.94422
-0.491407 -5.65598
-4.96547 -3.14033
-1.89616 -6.12714
-3.13316 -4.08783
-7.13037 -5.56402
-3.0852 -4.13465
-8.72193 -1.61713
-7.77528 -5.38153
-2.87587 -4.328
-7.38025 -5.16965
-2.16169 -5.98127
-1.75048 -10.4049
-5.52912 -1.79506
-5.58176 -8.05175
-3.65296 -3.50744
-5.08801 -2.90736
-4.38314 -9.01017
-8.32259 -4.34428
-7.69153 -5.51614
-9.07702 -2.10155
-3.10532 -5.33835
-1.62742 -9.93054
-8.58015 -3.74313
-5.39828 -2.19275
-6.55331 -7.05986
-1.0439 -5.46187
-8.2842 -4.42614
-3.68325 -3.46875
-5.07427 -8.48818
-4.34838 -2.40153
-2.90004 -9.36089
-8.01391 -4.96078
-3.88623 -3.19187
-5.57791 -1.62149
-5.41712 -7.58019
-8.23351 -4.53267
-2.58829 -9.51219
-0.668804 -10.7597
-0.65617 -5.60412
-8.09672 -4.80304
-8.98499 -2.4929
-4.48821 -8.93568
-1.80162 -9.86338
-5.55416 -1.70832
-4.03797 -2.96134
-3.61293 -4.89447
-8.61274 -3.65963
-4.06351 -2.92024
0.381222 -10.48
-1.60489 -5.20242
-2.26771 -10.1959
-8.06128 -3.84194
-3.56969 -4.93555
-4.02231 -4.47066
-8.67435 -3.49476
-4.06308 -9.22683
-8.62676 -2.09679
-5.0964 -2.89031
-0.408709 -5.68013
-3.04905 -4.16929
-1.38648 -10.5383
-3.71179 -4.79816
-2.48795 -5.78226
-2.97934 -5.43676
-2.30464 -4.77737
-2.14777 -10.2473
-3.90405 -8.76866
-2.79875 -9.9494
-9.01298 -2.3809
-4.63827 -3.67567
-1.80642 -6.17334
-3.87648 -4.62941
-1.27244 -6.41796
-2.85702 -9.92041
-8.64433 -2.01709
-2.81877 -9.4031
-5.24638 -2.56956
-1.5997 -5.20751
-2.33249 -4.7578
-1.716 -6.21837
-2.24857 -5.93048
-1.42114 -5.29476
-3.0733 -4.14611
-6.01692 -7.63571
-1.1917 -6.44009
-8.33361 -3.13277
-4.32193 -4.11268
-5.44036 -2.07211
-5.19743 -8.38669
-6.87387 -6.67607
-8.97049 -2.54888
-8.66677 -1.91031
-1.91833 -5.02713
-1.60171 -10.4621
-8.17914 -4.64172
-6.42592 -7.20204
-3.81105 -3.29822
-4.64971 -3.66018
-1.63284 -10.4506
-6.36874 -6.5802
-2.98179 -9.31773
-4.6302 -8.24957
-6.53875 -6.37336
-5.27571 -2.50132
-7.13925 -6.33147
-9.26612 -0.818584
-4.42777 -3.97441
-7.8635 -5.22799
-5.07803 -7.88349
-8.40331 -2.92145
-3.26198 -3.95699
-0.873827 -6.56873
-5.26114 -2.53546
-8.00475 -3.97191
-6.67586 -6.917
-0.661332 -6.6386
-8.79882 -3.13407
-2.7227 -4.45912
-5.62877 -8.00878
-2.55534 -5.73826
-8.18917 -3.52822
-2.91342 -4.29457
-1.47747 -6.33001
-1.45163 -5.27984
-4.29167 -2.51508
-1.17847 -6.45587
-3.92302 -3.13803
-9.2959 0.0620976
-8.67752 -1.85692
-0.681608 -10.2395
-5.04901 -8.50865
-8.95567 -2.60484
-6.36509 -7.27068
-6.59444 -7.01242
-3.34168 -3.87211
-7.06452 -6.43073
-2.58884 -5.716
-9.07106 -2.12916
-4.23713 -4.21875
-7.28476 -6.13068
-0.988899 -6.52788
-5.23842 -7.74311
-4.17528 -4.29364
-8.6229 -3.6327
-0.250141 -6.75392
-3.25903 -5.21229
-1.29149 -6.41009
-1.65682 -9.91942
-5.21538 -7.76361
-8.84794 -0.451883
-8.6146 -2.15017
-8.90952 -2.77171
-2.05615 -6.04092
-8.83437 -3.02262
-7.2126 -6.23138
-4.13772 -4.33817
-0.685771 -5.59356
-5.54427 -1.74313
-2.41634 -10.1301
-5.12487 -8.44726
-5.23142 -2.60361
-3.5597 -3.62273
-4.49639 -3.88097
-5.49233 -1.91637
-8.77839 -1.24485
-4.33709 -8.46972
-4.225 -4.2336
-7.16268 -5.51507
-3.9815 -9.2798
-5.05522 -7.90318
-8.10524 -3.73735
-4.39301 -4.02057
-8.85414 -0.268334
-2.44652 -10.1164
-5.9309 -7.07056
-3.89551 -3.17835
-3.77238 -3.35113
-8.75602 -1.40462
-2.29217 -4.78641
-9.24853 -1.0129
-7.04618 -6.45535
-3.44368 -9.61161
-6.03954 -7.6129
-5.4343 -2.08966
-1.23193 -10.5903
-2.76108 -4.42697
-4.09709 -2.86501
-2.09145 -6.02122
-4.45083 -3.94336
-3.3862 -9.09158
-5.13768 -2.80642
-4.40921 -2.267
-6.71614 -6.86902
-5.67551 -7.96559
-2.02074 -6.06043
-7.69328 -4.61531
-5.94994 -7.7025
-3.68384 -3.47253
-5.29706 -2.45028
-6.80994 -6.02124
-0.107842 -10.383
-5.8057 -7.20079
-0.770329 -5.56523
-9.1277 -1.84978
-3.9433 -4.55782
-3.51722 -3.67345
-5.4635 -8.15788
-4.34151 -2.41561
-2.71915 -4.99484
-2.64369 -4.52342
-8.85657 -0.0854908
-6.03316 -6.96106
-0.920601 -10.6877
-0.0974015 -10.9009
-6.40706 -6.53445
-1.99744 -10.3095
-2.90106 -4.30563
-2.89967 -5.49682
-8.47592 -2.68259
-4.27062 -4.17199
-9.28436 -0.541335
-8.84414 -0.530524
-5.19325 -2.68829
-3.04262 -5.38787
-7.24883 -6.18111
-8.60169 -3.68795
-4.42212 -2.24388
-4.3866 -8.43354
-0.352698 -10.8416
-3.48293 -5.01598
-7.64319 -5.59382
-8.77124 -1.29808
-1.94766 -5.00951
-4.81371 -3.40267
-2.20244 -9.69617
-3.96798 -3.07053
-8.84121 -0.58327
-0.835311 -6.58192
-0.0646483 -10.3995
-2.03872 -6.05055
-8.52088 -2.52281
-2.46961 -4.65818
-8.53786 -2.42421
-6.49139 -7.13033
-1.42314 -10.0051
-9.13807 -1.79375
0.260351 -10.4579
-0.623344 -5.61486
-1.21825 -5.38828
-2.14549 -9.72103
-0.915946 -5.51203
-8.41183 -2.89451
-3.7811 -4.72844
-4.80346 -3.41862
-1.18669 -5.40206
-9.28571 -0.514087
-5.2216 -8.36646
-1.31246 -5.34593
-2.00289 -9.78166
-8.05465 -4.88298
-1.56909 -9.9523
-1.35599 -10.5488
-5.46135 -7.53878
-8.5474 -3.8254
-2.86746 -5.52064
-4.35793 -4.06654
-4.87218 -3.30465
-9.14605 -1.79788
-9.29136 -0.376409
-6.83472 -6.72474
-7.46929 -5.01954
-3.3796 -5.10846
-3.59102 -3.58463
-2.67177 -5.6598
-5.32498 -2.38175
-6.71832 -6.33658
-4.12171 -2.82363
-8.73095 -1.5638
-8.94825 -2.63241
-1.25425 -10.5796
-9.19326 -1.45869
-0.320206 -10.3336
-8.70295 -1.72385
-9.25952 -0.922596
-8.64984 -1.96875
-2.88367 -5.50846
-4.92862 -3.20646
-1.18793 -10.0856
-2.78992 -9.41771
-1.09887 -10.1146
-8.56942 -3.7703
-2.73771 -5.61396
-6.96502 -5.80607
-7.01527 -5.73395
-8.60906 -2.17501
-5.52388 -1.8127
-0.883658 -5.52418
-5.2607 -7.72316
-3.17155 -9.21427
-2.17809 -4.86355
-2.23471 -4.82554
-4.94714 -3.17343
-0.8016 -10.2054
-8.75207 -1.43087
-2.32745 -10.1697
-8.63861 -2.0434
-5.35864 -2.29612
-5.4863 -1.93402
-0.590451 -5.62541
-3.70779 -9.45063
-3.48291 -9.03267
-0.921192 -10.1699
-6.61266 -6.28023
-3.31904 -3.89654
-3.11667 -9.78642
-1.08395 -6.49251
-1.30997 -6.4024
-9.24573 -1.04034
-2.70481 -5.63696
-1.66304 -10.4395
-5.40368 -2.17578
-9.05871 -2.1852
-2.988 -4.22659
-6.2328 -6.73864
-2.75387 -5.60256
-1.36437 -10.0258
-4.26955 -2.55779
-5.65183 -7.98752
-2.06649 -4.93662
-0.35902 -5.69405
0.105499 -10.4281
-3.78196 -3.33812
-2.05786 -10.2848
-6.52038 -6.39621
-7.87348 -4.2567
-7.95802 -4.07587
-8.89332 -2.82768
-5.50534 -7.49716
-9.28839 -0.48268
-3.13637 -5.31331
-2.47128 -5.793
-0.228512 -10.3553
-2.49676 -4.63779
-4.12486 -4.35325
-1.44826 -10.5169
-5.99488 -7.65781
-2.92629 -4.28305
-2.91515 -9.89111
-0.350078 -10.3263
-8.30977 -4.37184
-4.11204 -8.62917
-2.62193 -5.69335
-5.02443 -8.52847
-8.02607 -4.93641
-9.21146 -1.36226
-8.25868 -3.34422
-5.56853 -1.65633
-1.93688 -10.3339
-5.97211 -7.68051
-6.6671 -6.2103
-6.85462 -6.70007
-3.30788 -3.90851
-3.25321 -9.16839
-6.88012 -5.92535
-3.97958 -3.05413
-8.19951 -3.50152
-4.86901 -8.05909
-5.51873 -1.82983
-8.44447 -4.07214
-8.52506 -3.88044
-3.09071 -9.25891
-7.36537 -5.19421
-5.47509 -1.9687
-4.06104 -4.4269
-4.08678 -4.39744
-4.16308 -4.30842
-1.75537 -5.12114
-7.5696 -4.84354
-7.49838 -4.96929
-8.3603 -3.05369
-2.28321 -5.90978
-3.02466 -4.19236
-3.28719 -9.69403
-1.47977 -10.5059
-7.25786 -5.36746
-8.33502 -4.31745
-1.15817 -10.0954
-8.84903 -2.97047
-2.48411 -9.56775
-3.03335 -4.18297
-4.08038 -2.89266
-3.00173 -9.85721
-4.03579 -9.2447
-3.95006 -3.09766
-0.220932 -10.8595
0.0283284 -10.9284
-2.74031 -9.97808
-4.91942 -3.2227
-6.09362 -6.89494
-7.87881 -5.20128
-3.83596 -4.67191
-3.73308 -3.4037
-3.45689 -9.59854
-9.14812 -1.73774
-8.8501 -0.399263
-3.85071 -4.63796
-7.44251 -5.90235
0.16675 -10.4403
-6.91273 -6.62723
-3.2763 -5.20041
-6.89669 -5.90221
-8.54219 -2.44324
-0.993124 -10.1497
-0.72031 -6.6208
-4.2771 -9.08362
-3.36417 -3.84758
-4.46068 -3.92707
-3.20214 -9.74056
-7.3204 -6.08011
-8.78521 -1.19164
-4.69518 -8.78406
-4.8922 -8.04003
-8.81676 -3.07836
-7.48366 -4.9948
-5.90989 -7.09271
-3.12148 -4.09935
-1.85942 -9.84037
-2.30023 -5.89953
-8.02767 -3.9198
-1.15505 -5.41567
-4.97437 -8.56852
-5.7104 -7.92744
-3.85744 -8.80009
-7.98283 -5.01597
-7.08374 -6.40577
-3.63246 -3.53326
-7.17607 -6.2815
-8.81719 -0.899694
-0.642163 -6.64456
-1.96773 -10.3216
-1.43639 -5.28738
-3.42402 -5.06916
-8.69904 -3.41803
-5.00153 -3.07394
-8.78179 -1.21863
-8.66434 -3.52205
-6.77465 -6.06873
-0.427319 -6.7074
-1.15982 -6.46321
-4.62832 -3.69205
-4.46038 -2.15704
-5.41611 -2.14125
-3.96981 -4.52888
-8.85599 -0.163542
-0.741655 -10.2226
-8.97661 -2.52241
-3.64958 -8.93252
-4.70221 -3.58035
-0.225225 -10.872
-3.47413 -3.72379
-8.8077 -3.10663
-0.441362 -10.3035
-8.11081 -4.77586
-8.52799 -2.49655
-2.38782 -4.71826
-5.17276 -2.73902
-0.408725 -6.71418
-4.74653 -8.74538
-0.524482 -5.64597
-2.45645 -9.58077
-0.96949 -6.53492
-4.39586 -2.30144
-6.68547 -6.18646
-0.831096 -10.1968
-0.737727 -5.57659
-5.88942 -7.11417
-5.99233 -7.00513
-1.62501 -6.26229
-7.74528 -4.51466
-9.29661 -0.0195492
-3.09742 -4.12281
-1.8004 -5.0958
-3.79179 -3.32472
-3.59712 -8.96497
-0.738968 -6.6139
-3.39748 -3.81078
-0.161356 -10.8866
-5.10137 -7.8635
-8.96323 -2.57646
-5.51164 -8.11525
-1.72423 -10.4166
-8.79562 -1.09419
-7.33784 -6.05514
-1.16971 -10.6105
-4.71277 -3.56405
-2.85055 -4.35024
-0.796717 -6.59491
-3.20404 -4.01677
-5.12132 -2.84012
-3.70336 -3.44272
-9.20907 -1.34687
-3.49735 -5.00279
-4.41091 -8.41563
-5.35063 -7.64161
-4.79765 -8.70645
-3.72331 -3.4166
-7.71998 -4.56424
-2.4834 -4.64785
-0.471121 -10.2959
-9.25397 -0.957214
-2.65175 -9.4869
-3.74287 -3.3906
-2.35683 -10.1567
-8.52511 -3.86552
-4.35571 -2.38663
-6.5119 -7.10711
-5.4808 -1.95111
-5.17759 -2.72217
-8.85275 -0.320818
-3.07405 -5.36319
-0.151321 -6.77781
-8.83054 -0.741786
-6.31104 -6.64817
-3.71321 -3.42986
-4.98589 -7.96201
-4.55783 -8.30528
-5.52976 -1.7614
-8.73358 -3.32833
-2.10403 -9.7281
-1.13154 -5.43494
-5.43312 -2.039
-6.69574 -6.89338
-2.77379 -4.41624
-0.168747 -10.3693
-6.81533 -6.74866
-3.01105 -5.41239
-0.818866 -5.54795
-1.02734 -6.51421
-0.348597 -6.72865
-7.02757 -6.47971
-5.44623 -2.05506
-7.61042 -5.64569
-1.24973 -5.37434
-0.410645 -10.3113
-8.7126 -1.67049
-4.17021 -9.156
-9.17171 -1.59816
-3.0305 -5.40237
-8.83526 -0.666733
-0.0933286 -6.79436
-4.76382 -3.4836
-9.27439 -0.707545
-7.92378 -5.1222
-4.435 -2.21504
-0.531505 -10.2802
-6.68092 -6.76397
-0.85485 -6.57524
-1.68043 -5.16227
-4.82275 -8.68718
-2.94368 -9.87657
-2.52171 -5.76034
-3.21557 -4.00501
-1.06014 -5.45529
-3.91662 -4.58663
-9.23353 -1.15185
-6.44957 -7.1773
-3.75281 -3.37745
-4.00907 -9.26202
-4.69192 -3.59617
-0.387989 -6.71813
-5.10476 -2.87377
-3.64257 -3.52056
-5.34528 -2.3305
-1.63526 -5.18643
-7.83624 -4.33365
-3.59844 -4.90834
-5.04246 -3.0079
-8.17906 -3.55412
-2.59603 -9.51414
-6.98958 -6.52905
-5.36748 -8.24201
-8.01608 -3.94625
-0.603202 -6.65648
-1.74061 -5.12935
-8.72642 -1.59084
-5.5345 -8.09449
-4.72639 -8.17409
-4.43949 -3.95867
-4.15728 -3.80325
-3.18264 -5.27579
-2.45619 -4.66817
-6.99875 -5.7578
-8.83796 -0.636064
-4.2168 -2.65634
-9.12248 -1.87736
-5.88264 -7.76871
-8.43641 -2.81519
-0.700187 -6.62636
-6.53294 -7.08316
-8.26846 -3.31744
-4.04648 -2.94775
-8.84547 -0.504555
-1.01191 -5.47472
-3.17331 -9.75588
-8.75267 -3.27276
-0.996118 -5.48098
-4.85288 -3.3374
-9.27241 -0.735031
-8.78846 -1.16543
-9.1116 -1.93342
-1.84621 -10.3697
-3.8013 -3.31167
-8.38454 -4.20844
-3.95917 -3.0839
-6.931 -5.85421
-2.38745 -4.71093
-5.00883 -7.94265
-8.65395 -3.55014
0.289462 -10.4636
-6.42635 -6.51122
-0.861442 -10.1878
-7.24735 -6.19393
-4.40258 -2.28686
-5.29515 -8.3042
-6.21337 -6.76082
-1.83012 -9.85208
0.0142087 -10.4093
-8.22514 -3.43875
-5.27047 -8.32521
-5.09873 -8.46824
-4.40912 -8.99191
-8.68796 -1.80353
-5.74255 -7.26494
-5.95124 -7.04901
-2.00602 -4.97384
-0.899575 -5.51821
-4.94448 -8.00251
-1.49304 -6.31757
-1.10267 -6.48537
-8.5062 -2.57609
-4.4617 -8.95465
-0.888761 -10.6972
-3.7539 -8.86683
-1.74369 -9.88608
-7.75523 -5.41164
-0.466584 -6.69644
-7.8938 -5.17515
-7.34998 -5.21946
-2.77674 -5.59573
-1.64298 -6.25363
-4.59269 -8.29001
-1.33537 -10.0358
-4.24958 -4.20342
-7.58346 -4.81861
-4.77378 -3.46765
-3.9342 -8.74958
-1.48178 -9.98418
-0.289684 -6.74395
-3.40778 -3.79892
-3.46555 -9.04467
-8.15831 -3.60666
-8.08291 -4.82945
-4.51406 -8.91713
-1.34742 -6.38663
-5.31797 -2.39915
-9.08888 -2.04551
-9.27042 -0.763042
-5.29161 -2.46715
-9.16692 -1.62628
-0.00178255 -10.9216
-4.08987 -9.20932
-5.48699 -8.13701
-4.32746 -2.44414
-3.62453 -9.50049
-0.96401 -5.49356
-8.91729 -2.74426
-6.19347 -7.45446
-6.27206 -6.6935
-9.29549 0.089811
-8.85195 -0.346696
-9.15783 -1.68173
-4.37582 -2.34428
-4.28736 -8.50565
-4.2092 -2.67019
-1.5987 -9.9413
-1.93197 -6.10827
-8.79482 -1.11226
-2.84507 -9.38944
-5.07106 -2.94089
-0.637674 -10.7682
-3.22548 -9.18402
-6.77575 -6.79708
-3.66299 -3.4947
-8.65571 -1.9637
-1.28113 -5.36022
-5.04538 -2.99084
-3.40051 -9.63066
-3.14492 -9.77136
-8.42067 -4.12687
-4.87352 -8.64788
-2.96328 -4.24937
-7.56094 -5.72289
-7.00833 -6.50476
-3.34972 -5.13466
-5.1482 -8.42759
-8.3425 -3.10668
-1.57442 -5.21825
-1.36311 -5.32702
-8.13725 -3.65913
-1.66554 -5.17028
-8.35157 -3.0798
-6.21492 -7.43191
-5.50812 -1.86458
-8.51392 -3.90754
-3.3752 -3.83546
-0.368591 -6.72335
-2.02033 -4.96496
-8.28738 -3.26486
-4.15901 -2.74306
-3.19893 -9.19896
-7.02295 -5.71962
-2.42886 -4.68836
-5.45796 -2.02043
-6.14974 -7.50007
-2.72103 -5.62564
-4.48503 -8.36043
-1.13943 -5.42232
-5.69992 -7.30767
-8.81459 -0.926807
-8.27149 -4.45287
-4.15016 -4.3235
-9.20133 -1.40277
-5.52693 -7.47658
-9.29621 0.0351665
-1.50992 -10.4952
-7.81087 -4.38516
-8.46826 -2.70882
-4.26164 -4.18851
-2.6817 -10.0064
-5.3191 -8.28373
-1.06961 -10.1239
-4.54126 -3.81822
-2.71018 -9.99224
-2.73461 -9.44568
-6.38821 -6.55701
-4.5189 -3.84963
-1.97689 -4.99175
0.0623769 -10.935
-6.82723 -5.99778
-2.40142 -4.70841
-2.20646 -4.84462
-2.5639 -4.58638
-7.30235 -6.10579
-1.00773 -6.52099
-3.61661 -4.85488
-4.28428 -2.52945
-3.41244 -9.07617
-3.00946 -9.30292
-2.78656 -5.5793
-5.15384 -2.77266
-4.40908 -2.27268
-3.54068 -9.55004
-2.73517 -4.44866
-0.342104 -5.69868
-2.33469 -5.87857
-7.43991 -5.06969
-6.57428 -7.03578
-3.23885 -3.98105
-6.63529 -6.9648
-7.67565 -5.54181
-3.88282 -8.78348
-8.12651 -3.68541
-7.41022 -5.11973
-8.83441 -0.688903
-5.72096 -7.28664
-5.81356 -7.83533
-2.14962 -4.88234
-2.1173 -9.73318
-5.61393 -7.39253
-4.72324 -8.76382
-4.30793 -9.064
-5.31112 -2.41603
-2.04929 -4.94683
-8.76772 -1.32392
-4.93804 -3.18971
-5.24643 -8.34556
-4.19364 -2.69826
-7.24195 -5.39249
-5.46948 -1.98578
-9.02651 -2.32483
-7.89807 -4.20503
-8.80087 -1.05913
-5.07968 -2.92389
-3.75342 -4.7565
-9.29669 -0.0743344
-8.83254 -0.714957
-8.08342 -3.78968
-1.32912 -6.39461
-3.0454 -9.28052
-2.25215 -5.96147
-8.06188 -3.84827
-3.39433 -5.09554
-1.39421 -10.0154
-5.65705 -7.3502
-3.18056 -4.04057
-2.55069 -4.5966
-4.43583 -8.97304
-0.711535 -10.231
-4.10525 -2.85137
-3.56907 -9.53341
-5.90474 -7.74699
-8.37779 -3.00067
-6.06146 -7.5907
-8.82548 -3.0509
-0.745924 -10.7318
-1.68562 -9.90847
-4.13801 -2.79583
-6.07812 -7.57076
-2.7073 -9.45936
-3.2285 -5.23788
-9.25134 -0.984637
-4.24044 -2.61314
-4.74347 -3.51593
-3.51847 -9.0129
-8.69442 -3.43933
-8.12451 -4.74936
-3.80577 -8.83359
-9.29645 -0.129187
-3.53853 -3.64813
-3.76309 -9.41693
-4.79384 -3.4352
-0.950622 -6.5417
-2.35161 -5.86739
-1.87617 -10.358
-3.37746 -3.85048
-2.38704 -10.1432
-0.170881 -6.7732
-7.99717 -4.98973
-5.37178 -2.26171
-2.54015 -9.54109
-5.74482 -7.9007
-3.58429 -4.92177
-4.21245 -4.24887
-0.621463 -10.2561
-8.90131 -2.80015
-4.06138 -8.66396
-6.42699 -6.5
-2.51652 -5.78131
-3.37268 -9.64638
-8.03883 -3.89413
-2.37406 -9.61928
-1.69551 -5.15404
-4.88161 -3.28849
-4.68129 -3.61244
-0.259508 -10.3482
-8.84678 -0.477718
-5.38473 -2.22726
-0.777675 -6.60123
-7.37303 -6.00436
-4.9836 -3.10717
-2.36903 -5.85744
-0.851297 -5.53615
-1.81506 -5.08745
-2.20782 -10.2217
-4.4359 -8.39712
-9.15294 -1.71014
-3.46343 -3.73613
-8.85626 -0.137765
-8.74384 -1.48418
-0.47509 -5.66084
-9.19741 -1.4303
-5.20871 -2.65436
-4.57419 -3.77112
-8.54925 -2.41625
-3.83535 -3.26682
0.0940141 -10.9414
-2.25924 -9.67101
-5.02794 -3.02422
-1.14061 -6.47072
-4.6698 -8.80302
-4.72294 -3.54818
-3.48514 -3.71104
-0.329167 -6.73375
-3.44159 -3.76111
-5.29769 -7.69287
-2.70914 -4.47022
-3.59658 -9.51719
-5.51337 -1.84746
-8.71724 -1.6442
-2.6164 -4.54108
-5.39103 -2.21028
-4.3344 -2.43009
-1.13902 -10.6203
-3.61182 -3.55899
-9.27804 -0.652094
-2.03504 -4.95578
-3.90008 -9.33168
-3.88058 -9.3469
-9.26388 -0.845964
-9.06483 -2.15759
-8.49122 -2.62936
-3.33281 -9.12267
-4.55215 -3.80269
-2.08839 -9.74558
-8.2491 -3.37021
-1.38477 -6.37067
0.0442742 -10.4156
-0.946524 -5.49996
-9.29443 -0.2662
-2.96367 -5.44871
-1.40542 -5.30232
-7.3956 -5.14421
-1.20187 -5.39527
-3.90471 -3.16499
-4.01051 -8.6985
-1.83513 -5.07717
-2.34375 -9.6329
-1.6941 -10.4279
-4.59605 -3.73947
-2.40323 -5.83613
-7.51261 -4.94448
-9.29501 0.116706
-3.79027 -9.40022
-5.59259 -7.41331
-8.74302 -3.30096
0.350919 -10.4747
-3.55547 -4.94891
-3.95705 -4.54328
-7.93844 -5.09607
-2.8125 -4.38322
-3.15173 -5.301
-2.85154 -5.53231
-6.48287 -6.44245
-3.00152 -9.84683
-3.27924 -9.15348
-4.22376 -9.11995
-2.42004 -5.82557
-1.29657 -5.35321
-2.93174 -5.47285
-4.01193 -3.00258
-4.06767 -4.40945
-3.27333 -3.94509
-7.73965 -5.43743
-1.07662 -10.6401
0.228071 -10.4521
-4.11234 -4.36786
-9.28288 -0.569414
-4.1625 -8.59411
-0.605593 -10.7769
-4.17792 -2.72627
-8.99915 -2.4369
-8.39655 -4.18153
-3.52649 -4.97592
-7.27324 -5.3431
-2.61722 -4.54454
-4.26223 -2.57173
-0.198725 -10.3624
-2.07312 -6.02997
-1.20128 -10.6003
-5.60495 -8.0306
-8.16858 -3.58078
-5.06263 -2.95739
-2.97548 -4.23816
-3.93018 -4.57203
-4.24726 -2.59999
-2.92707 -9.34671
-6.17132 -7.47762
-0.816306 -6.58835
-4.31323 -2.47263
-4.23743 -8.54132
-4.60675 -3.72384
-1.78526 -5.10437
-2.51114 -4.62707
-5.64286 -7.3658
-2.36023 -4.73809
-4.82168 -8.09767
-2.17825 -10.2344
0.373105 -10.4934
-4.52992 -3.83416
-8.6827 -1.83061
-2.51256 -9.55426
-2.82509 -4.37237
