8.41 7.44
16.93 6.32
12.82 25.03
19.71 4.18
5.86 8.59
26.81 26.36
21.61 13.19
11.65 24.21
14.14 10.33
6.68 27.16
13.01 25.4
27.54 11.51
14.04 26.35
19.17 13.9
7.8 22.15
25.09 27.45
16.16 21.6
19.66 32.11
28.55 15.84
8.68 21.6
16.4 18.69
14.43 36.55
20.16 10.24
5.54 30.02
3.67 7.31
6.02 35.16
27.47 11.32
15.3 18.29
6.42 13.98
15.01 9.9
10.97 18.35
22.66 38.9
4.52 12.61
8.72 22.41
24.82 34.85
16.16 9.17
12.56 14.75
5.83 23.13
5.58 27.05
26.38 17.47
15.65 23.61
21.34 8.66
19.39 10.87
23.27 19.58
14.43 17.68
6.74 25.95
17.28 11.62
4.81 13.34
28.54 20.72
12.53 10.71
8.79 34.24
6.32 20.68
26.34 12.51
21.67 12.95
5.09 14.16
23.55 28.19
7.35 24.45
17.43 25.31
26.76 35.15
21.96 23.58
13.82 7.28
20.66 39.92
16.26 24.4
12.66 17.41
16.38 20.51
27.11 33.08
12.48 22.72
10.39 27.91
8.5 27.92
5.84 21.4
24.24 12.96
20.13 12.73
25.86 32.58
17.78 26.44
7.85 9.8
4.05 4.31
23.39 17.64
25.99 34.61
7.39 5.76
13.81 13.01
22.45 29.34
8.19 28.45
6.03 5.03
18.94 37.73
17.13 22.05
22.01 27.16
12.21 36.44
24.49 26.48
20.07 18.36
14.16 8.67
11.09 16.13
11.18 19.07
9.8 17.41
19.38 36.6
10.05 13.55
18.2 36.13
16.64 31.04
8.07 33.3
19.74 5.05
24.41 17.09
21.97 31.99
11.11 27.36
11.9 13.71
18.91 6.43
12.78 6.83
26.24 35.41
25.07 37.42
16.95 7.37
22.82 7.03
23.9 33.92
3.68 21.76
5 27.51
23.23 11.56
11.61 5.66
22.9 18.58
24.53 8.8
25.19 16.12
6.81 24.21
12.88 39.33
25.71 9.02
24.91 8.6
14.12 35.32
13.51 29.59
19.63 33.82
22.94 4.62
9.47 7.79
19.62 5.07
7.61 27.16
14.83 30.66
5.7 20.66
21.9 12.81
12.08 34.81
25.16 19.97
9.89 14
17.56 29.15
13.84 39.86
5.61 18.83
12.39 38.77
7.08 4.24
14.21 19.62
22.6 12.55
10.01 16.77
27.99 26.16
17.9 33.45
26.45 13.11
26.66 11.86
17.87 19.11
25.84 34.47
7.03 32.21
29.36 19.69
20.97 22.16
29.86 4.29
3.65 11.53
10.49 25.25
12.18 14
6.36 11.93
22.36 5.4
13.58 23.06
17.93 26.75
21.43 22.16
20.78 23.13
22.67 5.02
27.01 4.5
21.21 8.61
19.99 14.07
23.7 19.18
29.94 20.1
16.18 38.57
5.46 32.77
27.52 36.84
25.22 8.08
18.27 18.26
5.45 8.29
19.96 10.54
17.45 27.48
17.18 36.94
21.16 6.66
16.52 19.3
8.61 17.91
3.57 15.08
6.68 12.01
16.57 26.43
18.88 4.06
8.59 11.92
29.63 29.28
21.96 6.26
20.38 36.6
27.34 9.79
18.81 8.69
8.55 14
25.7 6.26
20.4 32.18
16.33 21.23
16.12 4.73
5.07 29.21
15.05 9.98
21.82 31.25
17.4 36.96
26.62 11.77
13.04 24.05
