-7.16268 -5.51507
-8.79293 0.993044
-8.50239 -3.93541
-4.57419 -3.77112
-4.62236 -1.73537
-4.16308 -4.30842
-5.63768 -1.37785
-5.6998 -1.0643
-9.25134 -0.984637
-3.23885 -3.98105
-3.64257 -3.52056
-5.31112 -2.41603
-7.72353 -5.46395
-4.44128 -2.20082
-3.91662 -4.58663
-5.72084 -0.925206
-9.16692 -1.62628
-4.29884 -2.50107
-5.31169 -2.31506
-9.00601 -2.40931
-3.72557 -4.78444
-9.20133 -1.40277
-5.77658 -0.405508
-5.04246 -3.0079
-8.58292 -2.28321
-3.31965 -5.16068
-7.36537 -5.19421
-8.59112 -3.71514
-8.52088 -2.52281
-8.75602 -1.40462
-5.77548 -0.423018
-9.21146 -1.36226
-6.5119 -7.10711
-8.77658 1.11902
-6.42592 -7.20204
-9.13227 1.65891
-4.34151 -2.41561
-8.5272 2.29017
-5.65705 -7.3502
-3.10532 -5.33835
-8.79882 -3.13407
-4.63827 -3.67567
-4.55215 -3.80269
-7.95802 -4.07587
-8.72193 -1.61713
-8.57376 2.12394
-8.65013 -1.99004
-3.72331 -3.4166
-4.15728 -3.80325
-5.77759 -0.38851
-6.27206 -6.6935
-8.96158 2.36823
-9.29669 -0.0743344
-8.82471 0.688487
-8.2842 -4.42614
-9.26388 -0.845964
-8.84695 0.436148
-8.5474 -3.8254
-7.37303 -6.00436
-6.71614 -6.86902
-5.08801 -2.90736
-3.97958 -3.05413
-8.81459 -0.926807
-3.51722 -3.67345
-9.28608 0.389528
-6.83472 -6.72474
-4.53169 -1.98343
-3.03335 -4.18297
-2.92629 -4.28305
-5.77195 -0.474584
-8.78006 1.0935
-5.02794 -3.02422
-4.4477 -2.18617
-8.84916 0.304028
-7.28443 -5.32353
-3.56969 -4.93555
-8.17914 -4.64172
-6.57428 -7.03578
-4.435 -2.21504
-4.64971 -3.66018
-7.7078 -5.48968
-3.58025 -3.59761
-7.62546 -4.74211
-8.97049 -2.54888
-5.95124 -7.04901
-7.59765 -4.79291
-6.91273 -6.62723
-9.17902 1.39878
-8.65571 -1.9637
-5.75859 -0.630148
-6.89365 -6.65129
-5.20871 -2.65436
-9.10596 -1.96185
-3.9433 -4.55782
-5.43312 -2.039
-8.41183 -2.89451
-6.96502 -5.80607
-7.94579 -4.10228
-8.76379 -1.35134
-8.85662 -0.0589389
-3.51314 -4.98972
-3.36448 -5.12178
-4.76996 -1.21964
-7.46929 -5.01954
-3.66299 -3.4947
-7.33495 -5.24396
-9.25715 0.791327
-8.21908 -4.56114
-8.39496 -2.9476
-4.32746 -2.44414
-8.86006 -2.93935
-8.46992 2.47776
-6.49139 -7.13033
-5.31797 -2.39915
-8.68796 -1.80353
-9.22002 -1.26348
-5.58708 -1.58663
-4.60675 -3.72384
-8.37181 -3.02147
-4.39301 -4.02057
-7.98283 -5.01597
-9.24276 -1.06862
-8.1924 -4.61514
-7.98154 -4.02393
-5.60039 -1.53459
-8.60169 -3.68795
-4.59699 -1.8085
-4.64194 -1.6766
-7.08374 -6.40577
-8.97572 2.31835
-4.04829 -4.44137
-8.69769 1.59066
-4.4737 -3.91221
-8.79594 2.88187
-4.5373 -1.96907
-9.28839 -0.48268
-3.79179 -3.32472
-8.94825 -2.63241
-9.2815 0.469386
-5.71685 -0.959721
-8.38454 -4.20844
-6.67586 -6.917
-8.4911 -3.96247
-7.70804 -4.61467
-9.18917 -1.48624
-8.47939 -3.99031
-2.96328 -4.24937
-8.31535 -3.1857
-8.75839 1.24401
-3.96981 -4.52888
-8.85599 -0.163542
-7.25786 -5.36746
-5.73198 -0.855753
-8.35157 -3.0798
-9.07702 -2.10155
-5.77825 -0.371132
-4.5075 -3.86554
-3.02466 -4.19236
-9.29621 -0.156236
-7.62689 -5.61955
-9.23458 1.00457
-8.91729 -2.74426
-8.68784 1.63983
-5.78719 -0.0968733
-7.83288 -5.28072
-3.54898 -3.63563
-8.5674 2.14749
-7.17607 -6.2815
-8.18917 -3.52822
-5.41611 -2.14125
-7.92378 -5.1222
-6.21337 -6.76082
-7.73302 -4.53904
-4.74347 -3.51593
-8.73407 1.39339
-5.42835 -2.1067
-8.45486 2.52447
-6.1338 -6.85041
-8.84269 -0.557277
-8.89332 -2.82768
-4.66082 -1.61774
-3.04262 -5.38787
-6.30132 -7.33988
-4.70913 -1.45573
-4.02231 -4.47066
-4.3344 -2.43009
-9.29044 0.280082
-8.79482 -1.11226
-4.77378 -3.46765
-8.85114 0.252275
-8.66677 -1.91031
-4.09709 -2.86501
-8.23351 -4.53267
-8.76 -1.37758
-8.84121 -0.58327
-3.3796 -5.10846
-8.08342 -3.78968
-4.29295 -2.50324
-4.37582 -2.34428
-9.16123 1.50314
-3.12068 -5.32606
-9.04814 2.04181
-8.32259 -4.34428
-4.79384 -3.4352
-3.68325 -3.46875
-3.18056 -4.04057
-6.77465 -6.06873
-4.79914 -1.08706
-8.93242 2.4676
-3.83535 -3.26682
-5.49732 -1.89931
-9.21448 1.16268
-8.27149 -4.45287
-8.81017 0.841358
-8.83437 -3.02262
-4.75932 -1.26426
-7.56094 -5.72289
-3.90342 -4.60078
-4.55963 -1.9107
-5.78758 -0.0458184
-7.08161 -5.63684
-7.1947 -5.46599
-5.50812 -1.86458
-8.83526 -0.666733
-5.76192 -0.595478
-8.74302 -3.30096
-5.73896 -0.8033
-5.51337 -1.84746
-4.47863 -2.11402
-8.94714 2.41797
-9.12723 1.68424
-4.76295 -1.24925
-8.69904 -3.41803
-6.63529 -6.9648
-9.18745 1.34642
-4.00333 -3.01604
-4.46068 -3.92707
-8.29721 -4.3986
-3.46805 -5.02952
-8.13725 -3.65913
-9.28822 -0.458812
-5.78747 -0.0117134
-4.35793 -4.06654
-5.75621 -0.647435
-4.16203 -2.75422
-4.86241 -3.32127
-5.42217 -2.12423
-3.13316 -4.08783
-5.24638 -2.56956
-5.38473 -2.22726
-6.44957 -7.1773
-4.78447 -1.17351
-5.75323 -0.681942
-4.84302 -3.35398
-9.25952 -0.922596
-8.6229 -3.6327
-8.29677 -3.23859
-9.29661 -0.0195492
-7.2126 -6.23138
-9.24368 0.92441
-8.87084 2.66371
-5.76651 -0.543772
-4.225 -4.2336
-6.68092 -6.76397
-5.72465 -0.907722
-4.58128 -1.85222
-3.04905 -4.16929
-9.21799 1.13666
-5.66027 -1.27314
-6.17372 -6.80571
-4.88161 -3.28849
-8.80661 -1.00602
-4.99246 -3.0908
-4.40908 -2.27268
-4.67446 -1.57377
-8.83254 -0.714957
-4.87218 -3.30465
-9.06037 1.99102
-4.59605 -3.73947
-3.59102 -3.58463
-8.11081 -4.77586
-7.83624 -4.33365
-4.42212 -2.24388
-5.12132 -2.84012
-4.81115 -1.02791
-3.42402 -5.06916
-3.48293 -5.01598
-4.61743 -1.74984
-5.78458 -0.233873
-5.57353 -1.63863
-3.15173 -5.301
-8.78055 -3.18974
-8.78336 1.06869
-7.51261 -4.94448
-4.54855 -1.9399
-5.84769 -7.15758
-5.13768 -2.80642
-8.50626 2.3607
-8.80193 0.917107
-6.61266 -6.28023
-7.04859 -5.68546
-9.14812 -1.73774
-9.27439 -0.707545
-4.78667 -1.14588
-7.8938 -5.17515
-8.65657 1.78651
-7.425 -5.92828
-4.76382 -3.4836
-8.8535 -0.294187
-8.71186 1.51705
-8.72099 1.4676
-6.57584 -6.32687
-3.13637 -5.31331
-4.95621 -3.15661
-8.59586 -2.22985
-3.27333 -3.94509
-9.29443 0.144341
-8.44711 2.54808
-4.81969 -0.983294
-8.43329 -4.09856
-9.29732 -0.0447698
-8.12651 -3.68541
-4.70221 -3.58035
-4.58651 -1.83779
-9.25198 0.84479
-7.91007 -4.17954
-8.81532 0.790493
-8.52506 -3.88044
-8.54219 -2.44324
-3.61661 -4.85488
-4.71319 -1.44121
-7.84845 -5.25398
-4.26223 -2.57173
-4.72133 -1.41167
-3.52649 -4.97592
-5.71137 -0.994572
-8.08291 -4.82945
-8.3425 -3.10668
-4.31323 -2.47263
-8.8077 -3.10663
-5.26834 -2.51865
-5.73664 -0.820955
-9.13734 1.63254
-3.21557 -4.00501
-3.62702 -4.881
-7.58346 -4.81861
-5.7411 -0.786174
-6.34976 -6.60268
-7.9342 -4.12774
-7.02757 -6.47971
-4.65146 -1.64718
-8.83441 -0.688903
-3.01259 -4.20369
-4.70487 -1.47074
-8.85467 2.71254
-5.74255 -7.26494
-4.28428 -2.52945
-8.65395 -3.55014
-8.16858 -3.58078
-8.8328 0.586225
-9.08333 1.88686
-9.28446 0.415289
-5.56384 -1.67349
-8.82684 0.663304
-8.44447 -4.07214
-5.6175 -1.46482
-6.5576 -6.3498
-4.54303 -1.95428
-8.59888 2.02801
-5.15384 -2.77266
-8.43641 -2.81519
-6.55331 -7.05986
-3.75281 -3.37745
-9.23018 -1.17962
-8.52511 -3.86552
-4.6007 -1.79617
-3.82048 -3.28514
-5.44036 -2.07211
-3.98573 -3.04332
-3.37746 -3.85048
-8.86263 2.68773
-7.35536 -6.02968
-8.64003 1.85921
-8.71416 -3.38385
-4.42777 -3.97441
-5.69689 -1.08147
-8.11589 -3.71155
-8.83094 0.612123
-5.37819 -2.24474
-3.8676 -3.21867
-6.38662 -7.24707
-4.72294 -3.54818
-8.60906 -2.17501
-4.20023 -4.26368
-8.4525 -2.76202
-8.85414 -0.268334
-9.27462 0.5773
-4.00906 -4.48547
-8.09421 -3.76391
-6.72144 -6.13936
-8.03883 -3.89413
-8.35994 -4.26298
-8.02767 -3.9198
-8.84563 0.381135
-5.97563 -7.0239
-8.9545 2.39276
-8.77124 -1.29808
-4.2168 -2.65634
-9.20333 1.24239
-9.29381 0.171241
-9.06483 -2.15759
-5.2239 -2.62037
-3.47413 -3.72379
-4.46635 -2.14299
-7.3956 -5.14421
-9.01298 -2.3809
-6.75466 -6.82179
-4.54126 -3.81822
-3.83596 -4.67191
-9.11157 1.76118
-8.17906 -3.55412
-3.53853 -3.64813
-9.09507 1.83858
-6.38821 -6.55701
-5.47509 -1.9687
-7.81769 -5.30665
-8.84794 -0.451883
-7.45944 -5.87714
-6.98958 -6.52905
-5.56853 -1.65633
-5.75505 -0.664841
-4.68129 -3.61244
-7.13925 -6.33147
-8.78846 -1.16543
-9.04184 2.0676
-9.17462 1.42529
-6.07373 -6.91681
-7.13037 -5.56402
-6.29362 -6.66896
-3.44159 -3.76111
-9.19947 1.26806
-7.61042 -5.64569
-9.0542 2.0168
-6.70323 -6.16326
-7.11435 -5.58809
-3.7811 -4.72844
-3.15693 -4.06425
-5.2828 -2.48448
-3.28942 -5.18656
-9.27822 0.523397
-5.69063 -1.11637
-7.52741 -5.77444
-9.14222 1.60702
-4.06351 -2.92024
-4.24726 -2.59999
-5.62575 -1.42993
-9.22694 -1.20765
-4.80827 -1.0425
-4.03797 -2.96134
-8.80087 -1.05913
-5.74535 -0.751411
-7.77528 -5.38153
-4.63721 -1.69102
-4.80346 -3.41862
-6.34411 -7.29357
-5.16173 -2.75601
-5.19325 -2.68829
-7.78661 -5.35921
-4.96547 -3.14033
-5.78748 -0.0799659
-7.7979 -4.41124
-9.1277 -1.84978
-9.16249 -1.65415
-4.62832 -3.69205
-9.20907 -1.34687
-6.2328 -6.73864
-5.70569 -1.02943
-8.52035 2.31348
-3.88623 -3.19187
-4.39586 -2.30144
-4.7801 -1.17548
-8.84293 -2.99514
-9.29306 -0.321275
-7.95346 -5.06914
-3.95006 -3.09766
-8.99915 -2.4369
-8.85433 -0.244147
-8.85419 0.148545
-6.94779 -5.83051
-6.11396 -6.87244
-8.01391 -4.96078
-8.85282 0.200447
-9.2959 0.0620976
-8.83796 -0.636064
-3.92302 -3.13803
-4.26955 -2.55779
-9.16466 1.47183
-3.8013 -3.31167
-4.40921 -2.267
-7.30424 -5.29359
-7.3204 -6.08011
-7.49838 -4.96929
-4.23211 -2.62819
-9.08246 -2.07414
-8.42832 -2.8415
-4.78398 -3.4512
-8.48372 -2.65559
-3.20404 -4.01677
-8.56966 -2.33657
-8.22944 -3.42293
-3.85071 -4.63796
-4.45083 -3.94336
-3.61182 -3.55899
-6.8621 -5.95007
-9.21649 -1.291
-6.05318 -6.93928
-3.2134 -5.25043
-4.92862 -3.20646
-8.69298 -1.77723
-4.48462 -2.09973
-8.73358 -3.32833
-8.06128 -3.84194
-7.87881 -5.20128
-7.78523 -4.43654
-3.41961 -3.78599
-4.60729 -1.77918
-4.71277 -3.56405
-8.06861 -4.85662
-3.87648 -4.62941
-8.75267 -3.27276
-9.07106 -2.12916
-9.1004 -1.98946
-3.71321 -3.42986
-9.26612 -0.818584
-6.53294 -7.08316
-8.84807 0.329497
-3.28498 -3.93282
-9.15188 1.55514
-8.73443 -1.52738
-8.51392 -3.90754
-8.85657 -0.0854908
-5.78338 -0.268233
-8.61102 1.97984
-4.11234 -4.36786
-8.80932 -0.979864
-9.29661 -0.101349
-5.62974 -1.41274
-6.21492 -7.43191
-9.04603 -2.24124
-5.7141 -0.9774
-8.85275 -0.320818
-8.85567 0.0709404
-4.59184 -1.82294
-4.2092 -2.67019
-6.68547 -6.18646
-8.58024 2.09966
-5.39828 -2.19275
-3.70336 -3.44272
-6.19347 -7.45446
-3.95705 -4.54328
-8.43538 2.57272
-5.44623 -2.05506
-8.73837 1.36834
-9.13807 -1.79375
-5.59605 -1.55177
-7.87348 -4.2567
-9.0097 2.19338
-6.52038 -6.39621
-6.9513 -6.57822
-5.78402 -0.250794
-6.17132 -7.47762
-3.96798 -3.07053
-8.49886 2.3856
-4.78985 -1.1313
-5.57791 -1.62149
-8.84414 -0.530524
-4.02076 -2.9887
-3.0852 -4.13465
-4.26164 -4.18851
-9.18321 1.373
-8.74662 1.31854
-5.60849 -1.4828
-8.20598 -4.58776
-5.07968 -2.92389
-8.30977 -4.37184
-8.8365 0.535564
-9.29226 -0.348431
-4.73437 -1.39329
-4.08678 -4.39744
-7.24195 -5.39249
-4.15415 -2.76797
-3.29626 -3.92087
-8.74247 1.34382
-8.47592 -2.68259
-8.76772 -1.32392
-3.31904 -3.89654
-3.30788 -3.90851
-9.29548 -0.211187
-8.05465 -4.88298
-4.3695 -4.05138
-9.12248 -1.87736
-7.64319 -5.59382
-9.17028 1.45101
-3.87708 -3.20508
-6.42635 -6.51122
-8.83985 0.48417
-8.6146 -2.15017
-2.91342 -4.29457
-8.61689 1.95606
-4.49664 -2.07071
-4.50267 -2.05597
-3.10925 -4.11129
-5.74939 -0.716666
-8.96323 -2.57646
-4.51126 -2.03167
-8.01608 -3.94625
-8.82999 2.78515
-4.5189 -3.84963
-8.53523 -2.46951
-9.02651 -2.32483
-4.70071 -1.48529
-8.71724 -1.6442
-5.04538 -2.99084
-8.72982 1.41802
-8.88501 -2.85601
-6.85462 -6.70007
-4.17008 -2.74008
-9.2871 0.361108
-9.20713 1.21543
-7.121 -6.35603
-5.55895 -1.69116
-5.8057 -7.20079
-3.69756 -4.81225
-3.8395 -3.25854
-3.09742 -4.12281
-8.06188 -3.84827
-9.00313 2.21815
-4.33407 -4.09717
-4.27704 -2.54342
-7.24883 -6.18111
-8.99629 2.24362
-8.81775 0.765414
-9.23353 -1.15185
-9.06628 1.96594
-4.90196 -3.27356
-8.85646 -0.111237
-4.93804 -3.18971
-3.93018 -4.57203
-8.8787 2.63959
-4.91942 -3.2227
-9.29549 0.089811
-7.00833 -6.50476
-3.85837 -3.23185
-4.04648 -2.94775
-8.82245 0.714397
-6.931 -5.85421
-8.75207 -1.43087
-3.74025 -4.77054
-9.2644 0.609418
-4.03514 -4.45624
-7.63897 -4.71715
-9.11699 -1.90581
-4.10525 -2.85137
-8.8501 -0.399263
-9.22555 1.04669
-9.29621 0.0351665
-7.66627 -4.66628
-4.81685 -0.998316
-8.85195 -0.346696
-8.84547 -0.504555
-9.07805 1.91495
-7.48366 -4.9948
-9.27274 0.603856
-8.73528 -1.53751
-8.70295 -1.72385
-9.19149 1.32059
-8.22514 -3.43875
-4.74087 -1.33799
-6.48287 -6.44245
-9.22488 1.08375
-8.5062 -2.57609
-9.24853 -1.0129
-6.03316 -6.96106
-2.97548 -4.23816
-7.14701 -5.53895
-9.14605 -1.79788
-4.63223 -1.706
-3.07405 -5.36319
-6.77575 -6.79708
-5.9309 -7.07056
-4.81371 -3.40267
-5.52388 -1.8127
-4.08863 -2.87904
-5.46948 -1.98578
-8.32309 -4.31554
-3.3752 -3.83546
-4.12486 -4.35325
-3.18264 -5.27579
-8.64984 -1.96875
-4.74436 -1.3237
-9.03302 -2.29727
-7.09778 -5.61284
-5.34528 -2.3305
-8.6726 1.71299
-3.77238 -3.35113
-6.4451 -6.48854
-7.96797 -5.04295
-5.66738 -1.23824
-8.51324 2.33745
-3.90471 -3.16499
-3.52836 -3.66888
-6.25275 -6.71576
-8.73095 -1.5638
-4.94714 -3.17343
-4.7293 -1.38212
-4.13801 -2.79583
-7.8635 -5.22799
-8.82548 -3.0509
-5.49233 -1.91637
-9.26834 -0.790401
-5.64541 -1.34295
-5.6718 -1.20386
-5.78487 -0.487148
-9.27972 -0.624792
-8.26846 -3.31744
-8.19951 -3.50152
-4.7484 -1.30842
-5.65294 -1.30804
-4.85288 -3.3374
-4.49074 -2.08501
-7.61136 -4.76793
-8.95567 -2.60484
-8.75057 1.29397
-3.24401 -5.22492
-8.63264 -2.07048
-5.78755 -0.0290103
-9.28436 -0.541335
-8.67752 -1.85692
-5.59152 -1.56946
-4.52018 -2.01256
-5.51873 -1.82983
-8.7126 -1.67049
-9.11681 1.73581
-7.19466 -6.25608
-6.87387 -6.67607
-8.55266 2.17676
-4.02929 -2.9752
-4.81406 -1.0129
-7.22642 -5.41678
-8.20946 -3.4756
-5.39103 -2.21028
-8.82017 0.739536
-3.68384 -3.47253
-5.78558 -0.199549
-6.73855 -6.111
-9.27992 0.496007
-3.39433 -5.09554
-7.67565 -5.54181
-8.78985 1.01826
-5.76348 -0.578406
-5.17759 -2.72217
-6.23707 -7.40857
-7.70647 -4.59016
-8.62287 1.93154
-8.61274 -3.65963
-5.17276 -2.73902
-8.62861 1.9077
-5.14567 -2.78979
-6.09362 -6.89494
-4.46038 -2.15704
-8.85475 0.122947
-5.52912 -1.79506
-8.77839 -1.24485
-8.46231 2.50147
-6.31104 -6.64817
-2.988 -4.22659
-3.74287 -3.3906
-5.4808 -1.95111
-5.72096 -7.28664
-9.1007 1.81256
-8.66434 -3.52205
-8.79898 0.942802
-8.40882 -4.15381
-4.75576 -1.27884
-5.0964 -2.89031
-9.26201 0.737768
-3.26198 -3.95699
-5.72961 -0.872902
-5.29161 -2.46715
-9.27804 -0.652094
-8.15198 -4.69559
-5.78719 -0.114155
-8.81311 2.83359
-3.2763 -5.20041
-8.80444 2.85812
-4.27062 -4.17199
-8.40331 -2.92145
-5.21626 -2.63762
-8.72642 -1.59084
-8.28738 -3.26486
-8.83821 2.76122
-7.33784 -6.05514
-4.13772 -4.33817
-8.79173 -1.13846
-8.64433 -2.01709
-4.38929 -2.31559
-8.97661 -2.52241
-6.89669 -5.90221
-8.09672 -4.80304
-5.20089 -2.67158
-8.81719 -0.899694
-4.80231 -1.0721
-4.76642 -1.23467
-3.45237 -3.74882
-4.23713 -4.21875
-7.52493 -4.92188
-5.78669 -0.148384
-4.83339 -3.37007
-7.89807 -4.20503
-8.81954 -0.873785
-8.56942 -3.7703
-7.24735 -6.19393
-3.48514 -3.71104
-8.12451 -4.74936
-5.78121 -0.319587
-4.19364 -2.69826
-9.28136 -0.596691
-8.27788 -3.29143
-6.59543 -6.30238
-9.08952 1.86382
-6.36874 -6.5802
-8.55608 -2.38991
-5.76933 -0.509165
-6.73908 -6.11607
-8.98499 -2.4929
-9.15783 -1.68173
-7.75523 -5.41164
-4.61771 -3.70772
-8.58933 -2.25692
-7.88601 -4.24454
-9.15294 -1.71014
-5.88942 -7.11417
-4.06104 -4.4269
-4.32193 -4.11268
-4.77335 -1.20508
-6.40747 -7.22409
-4.73316 -1.36756
-7.99302 -3.99831
-7.81087 -4.38516
-7.34998 -5.21946
-9.05871 -2.1852
-8.93293 -2.68835
-5.69992 -7.30767
-8.59459 2.46452
-8.65118 1.8106
-6.81533 -6.74866
-5.55416 -1.70832
-6.40706 -6.53445
-4.69638 -1.50026
-9.01968 -2.3533
-9.10609 1.78726
-8.78521 -1.19164
-5.78697 -0.131014
-8.89444 2.59053
-5.27571 -2.50132
-9.25469 0.818944
-6.6671 -6.2103
-7.51894 -5.79331
-8.77313 1.14377
-3.622 -3.54633
-8.79604 0.967733
-3.94117 -3.11101
-5.4863 -1.93402
-5.78198 -0.302628
-9.03563 2.09247
-3.38652 -3.82295
-9.28828 0.334385
-9.24573 -1.04034
-5.71948 -0.942555
-3.49575 -3.69867
-8.10524 -3.73735
-3.40778 -3.79892
-4.67 -1.58829
-5.54427 -1.74313
-8.49189 2.40777
-8.82852 -0.767855
-8.52799 -2.49655
-4.34581 -4.08208
-3.80862 -4.70024
-4.9836 -3.10717
-9.08888 -2.04551
-4.21245 -4.24887
-5.78271 -0.285174
-4.29167 -2.51508
-8.50008 -2.59954
-5.63379 -1.39504
-7.38025 -5.16965
-9.28288 -0.569414
-5.67763 -1.18615
-9.29041 -0.403593
-4.17528 -4.29364
-8.78735 2.92359
-6.99875 -5.7578
-9.29501 0.116706
-5.77437 -0.440031
-5.10476 -2.87377
-8.83474 0.560855
-8.58015 -3.74313
-7.71998 -4.56424
-5.26114 -2.53546
-8.39655 -4.18153
-7.27324 -5.3431
-8.58646 2.07604
-5.37178 -2.26171
-7.84859 -4.3083
-8.85525 0.0965722
-4.41634 -3.98967
-8.84678 -0.477718
-8.85522 -0.215908
-7.8234 -4.35981
-3.78196 -3.33812
-6.59444 -7.01242
-3.65296 -3.50744
-3.0733 -4.14611
-3.22552 -3.99414
-9.25909 -0.901569
-8.47724 2.45469
-4.35571 -2.38663
-4.36218 -2.37293
-8.83054 -0.741786
-9.28571 -0.514087
-4.24958 -4.20342
-3.33448 -5.14788
-8.77155 -3.21699
-4.66537 -1.60323
-4.79616 -1.1017
-4.43949 -3.95867
-5.07106 -2.94089
-4.49639 -3.88097
-8.66728 1.7378
-9.2465 0.898155
-7.01527 -5.73395
-5.75131 -0.699556
-3.34972 -5.13466
-8.83824 0.509501
-4.28596 -4.15817
-5.40368 -2.17578
-5.73437 -0.838097
-7.69153 -5.51614
-5.01928 -3.04065
-5.53418 -1.77792
-8.98244 2.29221
-5.0103 -3.05754
-8.81343 0.830954
-7.43991 -5.06969
-8.79562 -1.09419
-7.06452 -6.43073
-3.79468 -4.71456
-3.71179 -4.79816
-8.00475 -3.97191
-3.25903 -5.21229
-4.68339 -1.54429
-5.69371 -1.09918
-8.69442 -3.43933
-6.82723 -5.99778
-8.15831 -3.60666
-4.62739 -1.72047
-4.69192 -3.59617
-6.71832 -6.33658
-9.02281 2.14299
-8.33361 -3.13277
-9.2407 0.951421
-8.85658 -0.0332808
-8.76195 -3.24537
-5.90989 -7.09271
-4.15901 -2.74306
-7.59416 -5.67121
-8.77849 2.92999
-8.81203 -0.952942
-5.78476 -7.22214
-9.19741 -1.4303
-4.55427 -1.92498
-4.08038 -2.89266
-8.25868 -3.34422
-3.12148 -4.09935
-7.02295 -5.71962
-5.52976 -1.7614
-8.74384 -1.48418
-8.62676 -2.09679
-5.78637 -0.165262
-3.00014 -4.21532
-5.33173 -2.36484
-5.45796 -2.02043
-7.5696 -4.84354
-8.80473 0.892128
-5.7795 -0.354032
-7.41022 -5.11973
-3.95917 -3.0839
-8.7695 1.16925
-3.49735 -5.00279
-9.29377 -0.293405
-4.3101 -4.12772
-4.69214 -1.5148
-8.69833 -1.74938
-8.54925 -2.41625
-9.25958 0.764952
-6.32243 -7.31709
-8.84903 -2.97047
-8.93992 2.44243
-9.25397 -0.957214
-8.55428 2.19519
-5.00153 -3.07394
-3.73308 -3.4037
-9.29229 0.2257
-5.79243 -0.213748
-3.5597 -3.62273
-4.06767 -4.40945
-4.67827 -1.56017
-8.42067 -4.12687
-8.56078 2.17166
-9.28942 0.306846
-8.46826 -2.70882
-9.27649 0.549976
-4.75351 -3.53627
-9.23979 -1.09608
-7.99717 -4.98973
-9.21079 1.18945
-5.68741 -1.13407
-8.33502 -4.31745
-3.75342 -4.7565
-8.70725 1.54138
-3.82212 -4.6863
-3.39748 -3.81078
-8.6777 1.68887
-5.76504 -0.560833
-3.2285 -5.23788
-3.36417 -3.84758
-8.42002 -2.86834
-9.29645 -0.129187
-8.43952 2.57103
-4.22459 -2.64207
-9.26428 0.711346
-5.23142 -2.60361
-5.6638 -1.25595
-5.64174 -1.36012
-5.29706 -2.45028
-5.6048 -1.51689
-5.76345 -7.24382
-8.76213 1.22685
-4.82239 -0.968723
-3.45356 -5.04264
-4.79307 -1.11628
-9.29136 -0.376409
-7.54125 -4.89406
-9.18486 -1.51463
-9.22357 -1.23516
-4.50849 -2.04165
-6.88012 -5.92535
-9.18061 -1.54219
-4.12171 -2.82363
-8.84687 0.355733
-4.34838 -2.40153
-5.32498 -2.38175
-9.14715 1.58072
-6.53875 -6.37336
-4.24044 -2.61314
-3.81105 -3.29822
-8.46794 -4.01734
-9.1116 -1.93342
-7.73965 -5.43743
-7.57734 -5.69744
-2.93842 -4.27203
-9.26867 0.657647
-6.84496 -5.9736
-8.76591 1.19395
-7.28476 -6.13068
-8.90989 2.54131
-7.40792 -5.95342
-4.38248 -2.33015
-3.57008 -3.61017
-7.93844 -5.09607
-5.99233 -7.00513
-5.67082 -1.22105
-6.6492 -6.23342
-8.37779 -3.00067
-8.82146 2.80974
-6.14974 -7.50007
-4.52992 -3.83416
-3.46343 -3.73613
-3.58429 -4.92177
-7.15797 -6.30614
-5.4343 -2.08966
-3.63246 -3.53326
-8.70244 1.5664
-5.3386 -2.34743
-7.04618 -6.45535
-8.81676 -3.07836
-8.63861 -2.0434
-8.69255 1.61946
-6.25826 -7.38599
-8.66203 1.76186
-7.69328 -4.61531
-6.42699 -6.5
-8.98957 2.26832
-8.87685 -2.88353
-6.73589 -6.84532
-4.14598 -2.78211
-4.57054 -1.88147
-3.08947 -5.35097
-8.3603 -3.05369
-7.44251 -5.90235
-5.06263 -2.95739
-8.85338 0.17363
-4.90061 -3.25563
-8.24545 -4.50705
-8.49122 -2.62936
-9.19326 -1.45869
-8.90131 -2.80015
-6.80994 -6.02124
-7.75928 -4.48784
-4.67091 -3.62822
-8.53786 -2.42421
-9.27042 -0.763042
-3.65544 -4.85352
-3.19215 -4.02886
-4.17792 -2.72627
-6.98168 -5.7823
-7.49357 -5.82586
-8.82419 -0.8208
-3.6837 -4.8259
-8.8502 0.277782
-6.69574 -6.89338
-5.76798 -0.526207
-7.74528 -4.51466
-3.84938 -4.65792
-8.54088 2.24275
-8.67435 -3.49476
-8.89677 2.26022
-8.85628 0.0188635
-3.99614 -4.49983
-8.86454 0.0515277
-8.64378 -3.5774
-9.27241 -0.735031
-8.68456 -3.46665
-3.61293 -4.89447
-5.35864 -2.29612
-8.78179 -1.21863
-8.60213 -2.20355
-4.15016 -4.3235
-8.02607 -4.93641
-7.92235 -4.15327
-5.60905 -1.49971
-8.92505 2.49194
-5.77085 -0.76146
-9.23773 0.977627
-8.90952 -2.77171
-4.4539 -2.17192
-6.36509 -7.27068
-3.89551 -3.17835
-4.1149 -2.83591
-9.23146 1.03074
-3.55547 -4.94891
-8.85626 -0.137765
-7.4768 -5.85113
-3.59844 -4.90834
-4.40258 -2.28686
-8.2491 -3.37021
-3.34168 -3.87211
-5.68423 -1.15126
-9.17171 -1.59816
-8.42391 2.61744
-8.6827 -1.83061
-8.60471 2.00626
-9.29443 -0.2662
-8.84289 0.432693
-8.88672 2.61472
-4.73709 -1.35256
-7.30235 -6.10579
-4.01193 -3.00258
