2.05 2.57
-2.89 -1.69
0.1 -10.52
1.46 -6.8
-1.63 -3.75
5.66 -11.08
-9.45 2.56
-0.39 9.01
-5.17 -14.78
11.91 9.66
-4.58 0.64
-2.33 -1.4
13.1 7.75
6.65 8.01
9.88 6.88
1.8 -6.51
-6.53 -10.64
-9.79 -0.27
8.91 9.05
1.8 4.96
9.14 8.93
-6.24 -9.56
5.84 -1.18
-8.19 -9.39
7.65 8.43
0.19 -3.88
1.59 -12.34
10.88 6.51
-1.88 -1.06
1.02 -0.77
8.22 -7.73
-9.68 -10.39
-8.42 -5.72
-1.77 -6.91
-9.22 -0.59
14.55 -2.8
-7.58 -6.43
7.34 8.37
12.04 -6.07
11.95 1.54
-4.33 -6.79
5.56 9
-9.79 5.54
5.71 3.25
10.37 4.97
7.77 6.8
2.4 -14.25
11.54 2.46
-8.59 -5.5
13.56 8.11
-6.18 8.83
4.47 7.54
-5.11 8.12
12.5 -6.66
-8.15 -8.6
-5.2 -0.19
6.1 -3.15
7.71 -6.26
-6.5 -7.71
13.45 1.78
9.84 -7.96
-5.88 -14.06
0.69 -13.64
-5.09 -12.76
-2.3 -14.54
0.56 -8.33
6.65 7
-5.58 1.96
-4.77 -9.56
-2.72 7.78
12.17 8.12
0.19 -0.6
3.86 -10.46
2.98 -6.7
-2.48 -0.74
-4.12 1.42
-3.42 -2.71
-6.07 -7.96
12.58 -7.79
8.34 -5.57
5.19 9.43
12.51 5.13
7.45 -15
10.06 -0.28
14.84 -11.42
-3.34 8.99
8.09 -6.92
4.12 -4.67
13.54 -0.95
6.96 -7.2
6.53 7.26
-2.13 -5.91
7.99 -14.89
10.31 6.58
4.11 -4.85
5.56 8.19
-9.35 -14.99
5.02 -0.67
12.23 -14.34
-9.49 6.48
