-4.79765 -8.70645
-4.74653 -8.74538
-1.38648 -10.5383
-0.350078 -10.3263
-4.87352 -8.64788
-1.72423 -10.4166
-5.58176 -8.05175
-2.25924 -9.67101
-0.161356 -10.8866
-2.00289 -9.78166
-2.73461 -9.44568
-2.35683 -10.1567
-5.19743 -8.38669
-5.04901 -8.50865
-3.20214 -9.74056
-1.80162 -9.86338
-0.441362 -10.3035
0.318898 -10.9847
-4.30793 -9.064
-2.94368 -9.87657
-3.64958 -8.93252
-0.741655 -10.2226
-4.5662 -8.87936
-1.99744 -10.3095
-4.17021 -9.156
-1.29402 -10.5697
-1.21735 -10.0759
-2.71018 -9.99224
-1.35599 -10.5488
-0.129858 -10.8937
-2.34375 -9.6329
-5.3191 -8.28373
-5.36748 -8.24201
-4.1625 -8.59411
-4.6302 -8.24957
-4.11204 -8.62917
-4.72324 -8.76382
-2.53487 -10.0758
-3.17155 -9.21427
-5.27047 -8.32521
-5.5345 -8.09449
-5.51164 -8.11525
-2.40017 -9.60698
-3.59712 -8.96497
0.126615 -10.948
-2.26771 -10.1959
-0.220932 -10.8595
-1.56909 -9.9523
-0.591795 -10.2641
-2.74031 -9.97808
-4.41091 -8.41563
-0.193735 -10.8792
-4.03579 -9.2447
-4.23743 -8.54132
-0.745924 -10.7318
-0.8016 -10.2054
-4.22376 -9.11995
-2.14549 -9.72103
-3.22548 -9.18402
-2.45645 -9.58077
-0.794916 -10.7244
-3.00173 -9.85721
-4.33709 -8.46972
-2.47568 -10.1031
-1.01412 -10.6594
-2.88567 -9.90602
-3.08753 -9.80186
-1.33537 -10.0358
-3.05919 -9.81678
-5.48699 -8.13701
-1.48178 -9.98418
-1.88785 -9.82892
-1.65682 -9.91942
-3.33281 -9.12267
-0.0974015 -10.9009
0.0283284 -10.9284
-0.352698 -10.8416
-2.58829 -9.51219
-1.27642 -10.056
-4.60637 -8.26802
-4.59269 -8.29001
-4.4601 -8.37909
-4.33023 -9.04703
-2.79875 -9.9494
-4.40912 -8.99191
0.38336 -10.9963
-0.651988 -10.2477
-4.6698 -8.80302
-3.88058 -9.3469
-4.8922 -8.04003
-2.20782 -10.2217
-4.4359 -8.39712
-3.56907 -9.53341
-2.11813 -10.2597
-4.77414 -8.13599
-5.02443 -8.52847
-3.44368 -9.61161
-0.831096 -10.1968
-4.92406 -8.60832
-3.45689 -9.59854
-3.88282 -8.78348
-2.85702 -9.92041
-5.12487 -8.44726
-5.29515 -8.3042
0.609251 -11.0339
-2.76269 -9.43153
-1.87617 -10.358
-3.51847 -9.0129
-3.46555 -9.04467
-1.84621 -10.3697
-3.73506 -9.43406
-3.28719 -9.69403
-2.28717 -9.65851
-0.531505 -10.2802
-3.79027 -9.40022
-0.857813 -10.7063
-2.06021 -9.75756
-1.47977 -10.5059
-4.48821 -8.93568
-0.511053 -10.8018
-2.90004 -9.36089
-3.67633 -8.91586
-0.225225 -10.872
0.0940141 -10.9414
-3.40051 -9.63066
-0.668804 -10.7597
-1.62742 -9.93054
-4.43583 -8.97304
-3.65228 -9.48406
-1.83012 -9.85208
-3.25917 -9.70946
-0.480581 -10.8099
-4.21275 -8.55881
0.447957 -11.0076
-3.62453 -9.50049
-3.85744 -8.80009
-3.0454 -9.28052
-1.06961 -10.1239
-3.14492 -9.77136
-1.42314 -10.0051
-1.6941 -10.4279
-3.25321 -9.16839
-2.82748 -9.93515
-1.68562 -9.90847
-2.7073 -9.45936
-1.78529 -10.3933
-0.921192 -10.1699
-4.25085 -9.10155
-4.06308 -9.22683
-3.9342 -8.74958
-3.76309 -9.41693
-3.70183 -8.89981
-0.525872 -10.2852
-4.48503 -8.36043
-4.08722 -8.64628
-0.0658615 -10.9078
-3.81821 -9.38294
-4.86901 -8.05909
-1.45922 -9.99324
-0.888761 -10.6972
-4.70152 -8.19351
-2.92707 -9.34671
-3.41244 -9.07617
-5.60495 -8.0306
-1.92033 -9.81622
-0.681608 -10.2395
-1.44826 -10.5169
-5.4635 -8.15788
-1.13902 -10.6203
-4.55783 -8.30528
-0.00178255 -10.9216
-1.90699 -10.3458
-4.08987 -9.20932
-1.16971 -10.6105
-5.43923 -8.17931
-1.57145 -10.4731
0.416123 -11.0021
-3.80577 -8.83359
-4.61811 -8.84132
-3.17331 -9.75588
-2.17825 -10.2344
-0.950571 -10.161
-1.10738 -10.6304
-2.84507 -9.38944
-1.20128 -10.6003
-0.951495 -10.6785
-3.98537 -8.71543
-2.65276 -10.0203
-1.96773 -10.3216
-5.24643 -8.34556
-0.890886 -10.179
-1.39421 -10.0154
-4.38314 -9.01017
-2.38704 -10.1432
-4.72639 -8.17409
-0.983685 -10.6689
-1.50992 -10.4952
-3.62376 -8.94854
-1.18793 -10.0856
-3.27924 -9.15348
-3.90008 -9.33168
-3.57121 -8.98085
0.158291 -10.9543
-4.64361 -8.82248
0.512618 -11.0184
-3.31601 -9.67807
-2.91515 -9.89111
-2.10403 -9.7281
-5.07427 -8.48818
-1.07662 -10.6401
-2.78992 -9.41771
-2.32745 -10.1697
-0.410645 -10.3113
-2.62292 -10.0345
-1.01015 -10.1426
-4.82168 -8.09767
-3.00946 -9.30292
-3.83125 -8.81712
-1.94544 -9.80544
-0.380816 -10.3187
0.541662 -11.0242
-3.03634 -9.28846
-2.31589 -9.64555
-4.4617 -8.95465
-1.23193 -10.5903
-3.48291 -9.03267
-4.31015 -8.48878
-4.00907 -9.26202
-0.447596 -10.818
-3.35914 -9.10739
-2.98179 -9.31773
-3.34395 -9.66249
-2.95485 -9.33204
-4.84501 -8.0787
-4.06138 -8.66396
-1.09887 -10.1146
-0.637674 -10.7682
-2.54015 -9.54109
-2.44652 -10.1164
-3.54068 -9.55004
-3.37268 -9.64638
-1.66304 -10.4395
-2.14777 -10.2473
-0.471121 -10.2959
-1.41784 -10.5275
-0.700815 -10.7509
-0.861442 -10.1878
-4.14374 -9.17367
-0.711535 -10.231
-3.95468 -9.29699
-5.1482 -8.42759
-1.5403 -9.9629
-2.37406 -9.61928
-1.93688 -10.3339
-2.65175 -9.4869
-0.289007 -10.857
-4.97437 -8.56852
-4.03634 -8.68101
-1.75048 -10.4049
-3.19893 -9.19896
-3.51307 -9.56612
-2.6817 -10.0064
-5.09873 -8.46824
-4.84854 -8.66727
-2.5939 -10.0482
-0.574413 -10.7852
0.35156 -10.9907
-2.51256 -9.55426
-3.3862 -9.09158
-4.3866 -8.43354
-1.25425 -10.5796
-2.20244 -9.69617
-4.2771 -9.08362
-0.605593 -10.7769
-4.69518 -8.78406
-0.920601 -10.6877
-2.81877 -9.4031
-1.12897 -10.1049
-4.82275 -8.68718
-3.70779 -9.45063
-3.11667 -9.78642
-0.416297 -10.8259
0.0623769 -10.935
-4.28736 -8.50565
-4.65468 -8.23051
-4.89914 -8.62786
-1.36437 -10.0258
-1.85942 -9.84037
-4.79759 -8.11714
-4.6784 -8.21195
-0.384043 -10.8339
-2.08839 -9.74558
-2.59603 -9.51414
-1.74369 -9.88608
-5.2216 -8.36646
-3.9815 -9.2798
-5.32006 -8.27199
-3.90405 -8.76866
-3.14491 -9.22907
-4.50908 -8.34231
-1.60171 -10.4621
-1.15817 -10.0954
-2.1173 -9.73318
-2.05786 -10.2848
-1.5987 -9.9413
-2.03115 -9.76982
-4.1974 -9.13774
-0.621463 -10.2561
-4.51406 -8.91713
-3.00152 -9.84683
0.287066 -10.9789
-1.63284 -10.4506
-5.41561 -8.20006
-0.731912 -10.7423
-3.84527 -9.36609
0.222642 -10.9668
0.577343 -11.0289
-2.41634 -10.1301
-3.7539 -8.86683
-4.26279 -8.52326
-2.56848 -9.52747
-2.48411 -9.56775
-3.09071 -9.25891
-3.59658 -9.51719
-3.43939 -9.06022
-0.993124 -10.1497
-2.23576 -10.2088
-4.01051 -8.6985
