16.64 10.2
10.66 5.97
10.2 10.35
7.27 16.18
9.93 15.68
17.45 6.15
14.62 5.34
12.92 17.12
16.12 19.27
28.34 13.98
13.8 9.56
8.75 19.58
4.31 20.8
20.56 15.71
25.81 4.3
6.12 11.06
23.19 14.89
3.98 11.16
26.42 19.93
29.44 17.81
8.1 13.22
12.49 8.64
4.28 7.6
4.61 10.17
21.59 19.95
13.56 13.24
22.05 18.33
26.93 14.76
5.08 9.02
8.88 16.79
11.32 14.36
12.75 10.21
13.29 21.36
11.67 14.65
26.25 14.28
6.21 8.89
21.89 15.88
9.71 8.94
16.7 8.97
3.92 14.98
14.06 11.57
4.59 8.05
18.53 7.27
3.59 12.51
9.79 12.58
8.58 10.2
10.2 15.11
18.44 7.67
23.23 9.22
3.34 6.22
9.54 8.49
15.88 12.22
11.88 12.47
25.47 15.97
16.23 5.96
4.9 8.57
7.58 21.46
