5.35293 3.87212
4.44003 4.93706
6.7389 3.25272
5.71374 4.52146
6.41824 3.7045
3.41638 5.81756
5.20482 4.07002
3.64722 6.20978
3.6709 5.62209
5.22814 4.99835
4.91865 5.27033
3.45322 5.79012
4.90502 4.4375
4.38298 5.69781
6.13414 4.05916
4.51382 5.59805
5.8108 4.42302
5.34814 4.88688
7.07354 2.69837
3.23679 5.94846
6.5907 3.4694
5.16657 5.05392
5.48637 4.75438
4.81518 4.54011
6.48213 3.61935
5.49455 3.67089
6.09919 4.10029
4.17581 5.18998
4.14057 5.87538
5.82421 3.14572
6.62107 3.42618
5.55663 3.57854
5.31334 3.92621
5.48175 3.68961
6.95916 2.89977
4.11866 5.89099
4.25944 5.1121
5.21762 4.05299
3.91848 5.41801
6.04031 3.83478
5.46703 4.77321
4.2927 5.08058
3.80541 6.10632
3.98803 5.35805
3.59871 5.67895
4.81354 5.35833
6.99806 2.83245
3.15538 6.00409
7.04869 2.74336
5.6292 3.4669
7.15762 2.54054
5.05042 4.26437
3.70678 5.59339
5.94133 2.93464
4.20947 5.15887
6.6057 3.44812
5.07899 4.22926
5.87825 3.05022
6.56001 3.51249
5.90264 4.32339
7.08603 2.67551
4.33912 5.73063
6.15117 4.03884
5.40526 3.79922
5.62187 4.61965
5.10536 5.10856
5.0757 5.12526
4.87526 4.47184
7.09805 2.65329
4.00742 5.96907
3.61708 5.66459
5.2479 4.98004
4.37487 5.00133
3.55615 6.2678
6.2703 3.89374
4.69319 4.67454
3.88348 5.44774
7.19245 2.47214
5.52545 4.71603
5.00221 5.19882
4.35912 5.01677
3.54447 5.72092
5.06494 4.24657
3.51053 6.29645
3.28228 6.43571
7.12221 2.60812
4.86064 4.48862
5.27283 3.98063
4.36138 5.714
4.76984 4.59072
4.20665 5.29732
3.91772 6.03075
3.2128 6.47673
4.42673 5.66477
5.77978 3.22197
6.5136 3.57658
3.47132 5.77653
6.00878 4.20216
3.25882 6.44961
5.66498 3.41055
5.88908 3.03072
6.89271 3.01067
4.94907 4.386
6.87934 3.03251
5.18727 5.03526
4.55745 5.56454
3.82765 6.09149
6.529 3.55546
4.87661 5.30579
7.16948 2.51753
4.1631 5.85926
5.7231 3.31654
5.23226 4.03425
6.79607 3.16497
4.6428 5.49685
5.32843 4.90539
4.72408 4.64102
4.70844 4.65804
4.40754 4.96927
4.45598 4.92114
4.42357 4.95342
5.64126 3.44811
4.02257 5.32782
4.84532 4.50604
6.38584 3.74687
4.49563 4.87898
5.51964 3.6339
4.89823 5.28791
6.63592 3.40484
3.21167 5.965
4.03953 5.31286
3.48993 5.76249
6.45034 3.66199
4.31746 5.74672
5.40231 4.82949
3.95333 5.38811
4.07384 5.28239
3.9847 5.98482
6.69824 3.3378
4.34203 5.03324
3.6531 5.6362
5.60543 3.504
3.5786 6.2536
4.73923 4.62445
6.66581 3.36143
5.46926 3.70776
7.18091 2.49517
5.03627 4.28162
5.50693 3.65269
5.64132 4.5999
3.3794 5.84482
5.37921 3.83572
4.99082 4.33573
6.86546 3.05498
5.74101 3.28998
5.73597 4.50219
5.80211 3.18389
4.68572 5.46254
4.58387 4.7905
3.30478 6.42225
4.10799 5.25175
5.04372 5.16275
5.50623 4.73495
5.25949 3.99836
5.60293 4.63879
5.0074 4.31654
4.52028 4.85612
4.14198 5.22094
3.84993 6.07689
3.63487 5.6506
6.78167 3.18668
3.93985 6.01564
4.21041 5.58687
4.70742 5.44504
7.03631 2.76549
6.97242 2.87712
3.87273 6.06123
5.79191 4.44316
5.02269 5.18107
6.85191 3.07677
3.44231 6.33878
3.52959 5.73292
5.06411 5.14492
3.28666 5.91196
4.09199 5.26632
5.38798 4.84918
4.93458 4.40303
6.33691 3.80985
5.79114 3.20266
4.18496 5.84355
4.30902 5.06499
3.78249 6.12152
5.81321 3.16471
5.29974 3.94457
3.46484 6.32486
4.96394 4.36843
6.69538 3.31791
3.32396 5.88517
6.75353 3.2305
5.16347 4.12319
6.11642 4.08005
3.83096 5.4918
6.08139 4.1211
4.8344 5.34104
3.76007 5.55023
3.34229 5.87189
5.86599 4.36348
4.47034 5.63152
5.84793 4.38318
5.13551 4.15867
5.54533 4.69652
4.98108 5.21703
4.32579 5.0489
6.40235 3.72539
4.05696 5.29742
3.93615 5.40289
4.85583 5.32318
6.28598 3.87259
5.32644 3.9084
5.82908 4.40341
6.54399 3.53375
5.95149 2.9156
5.69995 3.35432
6.91962 2.96626
6.35313 3.7891
4.63087 4.74116
4.75027 4.61108
5.92055 2.97324
5.86769 3.06913
3.37328 6.38098
7.06134 2.72054
4.15867 5.20571
6.82416 3.12092
3.79559 5.5211
5.99285 4.22275
6.65114 3.38283
3.73724 6.15133
5.09345 4.21135
5.95686 4.26324
6.49768 3.5983
3.77811 5.53547
3.39653 6.36684
3.71492 6.16592
3.17399 5.99123
5.84607 3.10747
3.66956 6.19538
5.61731 3.48557
3.90126 5.43268
4.66212 4.70792
5.17717 4.10567
3.76021 6.13624
3.62412 6.22461
6.83788 3.09919
4.02945 5.95376
5.30808 4.9244
5.66015 4.58067
6.91644 2.98679
3.41909 6.35304
4.56781 4.8072
4.61561 4.75732
5.58114 3.54132
6.30375 3.85187
6.25371 3.91432
5.93903 4.28314
5.89952 3.01177
3.35068 6.39466
4.6216 5.51368
3.19313 5.97794
7.01094 2.81035
5.67947 4.56083
3.48537 6.31181
5.77351 4.46269
6.02857 4.18209
4.22561 5.13984
4.09607 5.90699
3.86618 5.46232
5.55723 3.58298
3.36099 5.85826
3.6017 6.23892
4.67745 4.69149
5.28827 4.94281
5.36837 4.86778
7.11601 2.62939
6.21982 3.95598
4.80026 4.55685
5.36624 3.86351
5.67658 3.39202
5.71173 3.33516
4.53519 5.58148
6.06402 4.14127
6.98522 2.85511
4.47235 4.90471
4.49178 5.61505
5.43053 3.7632
3.23616 6.463
3.93699 5.39498
3.19011 6.49
3.81513 5.50528
4.27341 5.77922
5.9206 4.30358
3.74251 5.56452
5.59313 3.52294
4.97833 4.35133
5.97515 4.24272
3.24923 5.93857
4.83049 4.52284
5.74601 3.27867
5.17874 4.12286
3.30505 5.89878
4.07411 5.92249
3.58084 5.69284
5.28651 3.96235
4.55217 4.82338
5.69818 4.54152
5.96188 2.89597
4.22601 5.14346
5.20733 5.01708
3.96261 6.00003
5.41802 3.78119
5.42762 4.81129
4.22924 5.8115
3.50797 5.74882
5.39207 3.81775
6.72462 3.27426
4.29512 5.76324
4.20755 5.82768
4.66459 5.47947
5.53189 3.61566
5.56431 4.6775
6.23655 3.93547
4.96052 5.23468
5.14641 5.07201
5.91329 2.98832
7.14602 2.56287
7.20385 2.44971
6.18564 3.99749
6.9462 2.92174
4.77109 5.39327
5.10735 4.19403
6.76765 3.2089
5.44375 3.74453
4.72848 5.42801
4.59943 4.77425
4.57847 5.54769
5.68846 3.37291
5.76869 3.24071
5.19122 4.0876
4.48822 4.8887
6.36976 3.76769
4.19242 5.17466
