1.45476 -11.1339
5.02675 -10.8397
0.933884 -11.0799
4.53161 -10.3898
0.447957 -11.0076
2.71044 -10.6328
4.35572 -10.9871
6.02777 -10.532
2.89363 -11.1573
3.82721 -10.5232
4.89477 -10.3007
1.65005 -11.148
2.20663 -11.1693
4.8356 -10.8864
1.03105 -11.0918
1.16139 -11.1065
1.87928 -11.1599
3.31842 -11.1284
0.627798 -10.5203
1.30824 -10.6018
2.76258 -11.1629
0.416123 -11.0021
1.49509 -10.6166
6.24235 -10.4513
4.16545 -10.4655
6.15086 -10.4864
2.77284 -10.6298
5.37436 -10.7452
2.49234 -10.6401
3.48115 -11.113
4.47063 -10.4034
3.61154 -11.0988
6.33351 -10.4154
3.1877 -11.1391
3.76543 -10.5324
5.27841 -10.773
4.25702 -10.4479
1.37049 -10.6071
3.54925 -10.5619
0.35156 -10.9907
0.874354 -10.5549
2.79583 -11.1616
0.720047 -10.5339
6.08938 -10.5094
1.48697 -11.1365
1.09105 -10.5805
4.03252 -11.0421
2.91089 -11.0451
0.577343 -11.0289
2.8976 -10.6228
2.02358 -10.6408
3.51331 -10.567
1.32407 -11.1226
5.01536 -10.2679
4.89941 -10.8712
3.48724 -10.5695
3.45111 -11.1147
2.82812 -11.1603
4.67616 -10.9224
6.57614 -10.3149
5.34239 -10.7544
1.80612 -10.6339
1.65053 -10.6264
5.6562 -10.6591
6.51572 -10.3406
5.24816 -10.781
1.21536 -10.5932
3.74065 -11.0833
0.504391 -10.5009
5.22496 -10.207
2.40329 -11.1699
2.49136 -10.7789
3.05296 -10.6121
1.61782 -11.1459
4.59251 -10.3759
5.13554 -10.2336
1.97762 -11.1639
6.18109 -10.4749
2.14105 -11.1682
3.42518 -10.5767
1.6198 -10.6246
6.05821 -10.5208
2.86596 -10.6248
3.87079 -11.0659
1.90022 -10.6374
3.93571 -11.0567
5.40538 -10.7361
2.00991 -11.1649
4.51618 -10.956
0.781914 -10.5426
1.02878 -10.5736
3.28527 -11.1313
3.019 -10.615
2.92753 -11.1549
4.77449 -10.3317
1.75801 -10.6297
0.843831 -10.5509
6.3944 -10.3909
2.46802 -11.1697
2.27221 -11.17
5.12152 -10.8152
4.1343 -10.4713
4.37946 -10.423
1.57438 -11.1467
5.81151 -10.6078
1.94436 -11.1627
3.97343 -11.0486
3.80582 -11.0748
2.61725 -10.6365
1.93099 -10.6383
3.88893 -10.5135
3.57848 -11.1026
4.38747 -10.9811
6.54564 -10.3279
2.08825 -11.1744
4.16199 -11.0213
2.27414 -10.643
4.29121 -10.9989
4.28759 -10.4418
2.4357 -11.17
1.12831 -11.1029
2.52188 -10.6396
4.04252 -10.4878
4.74392 -10.3394
3.79608 -10.5279
5.05807 -10.8317
0.658233 -10.5249
1.99345 -10.64
0.738941 -11.0534
4.34843 -10.4295
1.74876 -11.1538
4.48447 -10.4032
2.30495 -10.6428
3.11523 -10.6071
2.14918 -10.6426
4.64458 -10.9292
2.95913 -11.1539
2.697 -11.1651
3.64363 -11.0951
3.64172 -10.5499
3.30106 -10.59
5.07551 -10.2509
2.05592 -10.6413
5.84211 -10.5974
0.566066 -10.5108
4.45186 -10.9687
0.541662 -11.0242
1.22663 -11.1132
1.71553 -11.1519
3.33248 -10.5868
5.31131 -10.7633
4.95371 -10.2904
4.65332 -10.3615
4.62248 -10.3689
5.1051 -10.2424
4.06538 -11.037
6.26951 -10.4424
5.77835 -10.6198
0.596472 -10.5155
2.58557 -10.6375
2.50129 -11.1694
2.07548 -11.1667
3.36309 -10.5835
3.4159 -11.1195
5.56194 -10.6888
3.21984 -11.1366
5.18489 -10.7983
2.42988 -10.6414
4.83433 -10.3165
3.61121 -10.5539
2.17334 -11.1688
3.85763 -10.5185
5.01527 -10.8324
1.77534 -10.6326
0.442775 -10.4906
2.99065 -10.6167
2.92832 -10.6209
2.7928 -10.6209
4.1957 -10.4598
3.05685 -11.1482
3.54637 -11.1061
3.27032 -10.593
1.27757 -10.5991
3.70873 -11.0872
2.1184 -10.6422
3.1459 -10.6045
3.3946 -10.5801
0.512618 -11.0184
2.99139 -11.1521
4.61204 -10.9361
5.09027 -10.8234
0.318898 -10.9847
5.53102 -10.6984
1.83777 -10.6352
2.5548 -10.6385
1.86854 -10.6363
2.59917 -11.1676
4.40957 -10.4166
2.30453 -11.1702
5.96602 -10.5542
1.78103 -11.1555
1.91207 -11.1614
4.10402 -10.4769
5.68695 -10.6491
0.287066 -10.9789
0.965942 -11.0839
4.74019 -10.9082
0.609251 -11.0339
4.80413 -10.8937
4.13012 -11.0266
0.836005 -11.067
3.51329 -11.1096
1.33981 -10.6045
4.58042 -10.9428
5.46826 -10.7175
0.754445 -10.5382
1.15319 -10.587
2.23894 -11.1697
3.12229 -11.1438
3.0246 -11.1502
1.4216 -11.1312
0.900885 -11.0756
2.66474 -11.166
1.19353 -11.1099
0.642129 -11.039
2.83523 -10.6265
4.25821 -11.0049
1.3894 -11.1285
1.05775 -11.0969
6.11969 -10.4981
0.936342 -10.5627
1.71293 -10.6297
5.7493 -10.6287
2.3674 -10.6423
4.31828 -10.4357
2.33662 -10.6426
4.00058 -11.047
5.04497 -10.2596
3.98095 -10.4984
6.36443 -10.403
2.73029 -11.164
0.222642 -10.9668
1.84654 -11.1586
6.45514 -10.3659
1.35649 -11.1255
1.06045 -10.5772
2.5336 -11.1689
4.54785 -10.9495
1.43278 -10.612
4.22664 -11.0103
4.09728 -11.0319
0.674069 -11.0439
3.91932 -10.5086
1.12257 -10.5839
5.87359 -10.5866
5.16508 -10.2249
5.62449 -10.6692
4.95512 -10.2845
3.25308 -11.134
2.26966 -10.6389
2.37012 -11.1703
1.25352 -10.5957
6.42524 -10.3783
1.0962 -11.0993
1.52546 -10.6187
0.812417 -10.5467
4.865 -10.3085
3.3506 -11.1256
0.868851 -11.0714
4.56161 -10.383
1.55743 -10.6208
2.3991 -10.6419
1.25878 -11.1164
3.20813 -10.599
3.57977 -10.558
4.86799 -10.8787
5.59367 -10.6789
4.96313 -10.8557
2.0867 -10.6418
0.38336 -10.9963
3.7036 -10.5413
4.323 -10.9931
2.80364 -10.6282
4.07282 -10.4825
4.00277 -10.4961
3.77379 -11.079
5.15369 -10.8067
5.90413 -10.576
1.55238 -11.1414
0.706973 -11.0488
0.534677 -10.5058
0.998375 -10.5701
4.4944 -10.9553
3.83879 -11.0703
2.64801 -10.6353
3.08364 -10.6097
1.58816 -10.6227
0.80387 -11.0626
4.68325 -10.3543
6.30346 -10.4274
4.80451 -10.3242
2.21166 -10.6429
1.68327 -11.15
0.158291 -10.9543
4.77123 -10.9014
