-4.82017 6.79157
2.09512 6.63398
-0.872738 7.50394
0.00518482 7.74068
2.01384 3.08566
1.1789 4.4132
-2.65285 7.46228
-0.656436 7.84935
3.80541 6.10632
1.08655 4.45574
1.87187 4.02176
4.42673 5.66477
4.18496 5.84355
4.49563 4.87898
2.14551 7.03266
1.24428 4.3818
5.48175 3.68961
0.99614 7.48011
5.74101 3.28998
0.972193 7.48777
-5.216 6.57949
0.483927 3.94486
-1.16404 4.9161
1.68682 3.33851
0.446245 4.69555
0.945953 7.11553
0.76019 7.55271
-0.711758 4.90934
2.76245 3.28281
3.03677 2.97912
2.17116 7.02158
5.77351 4.46269
0.536764 7.24149
5.67658 3.39202
0.0564287 7.3604
4.47235 4.90471
2.37723 6.48503
0.556581 4.65884
2.13579 6.61329
5.50693 3.65269
-5.07896 6.65661
3.76007 5.55023
-2.1044 7.51938
5.23226 4.03425
-1.32424 4.9094
-4.46849 7.39148
-1.46937 4.89878
-0.858177 4.91446
-5.02801 7.14571
1.42789 7.33334
3.90126 5.43268
2.11377 6.62421
2.66098 2.41363
-3.93748 7.5764
1.184 7.41759
3.93985 6.01564
-4.03163 7.12545
3.26858 2.68138
2.99137 3.03266
3.96261 6.00003
-3.16508 7.76945
-0.514048 7.83052
3.22748 2.73744
-3.22352 7.35706
-1.45505 4.90002
1.64668 3.36647
2.05072 3.0541
2.65375 2.42284
-0.810746 7.50041
0.790783 4.57815
4.91865 5.27033
-3.34926 7.73069
-3.04876 7.39426
0.0998331 7.72084
-3.78326 7.20687
-0.821885 7.86827
-1.63123 7.53757
-1.48412 4.89745
3.3248 2.60213
1.14226 3.66848
-4.40301 7.41673
-1.41254 7.90857
-2.49868 7.48269
3.00317 6.10673
2.67436 6.31395
4.48822 4.8887
-2.75903 7.84284
-0.617294 4.15823
-0.436803 4.88148
4.33912 5.73063
-0.939948 7.87973
2.76036 2.28176
-1.26593 4.91244
0.0793641 4.05752
-1.57084 4.88876
-3.48324 7.29337
2.75214 6.26659
-4.59939 7.33886
0.0656978 4.79541
1.86307 3.20804
-3.35174 7.32716
4.77109 5.39327
4.36138 5.714
5.77978 3.22197
1.44756 6.92805
5.31334 3.92621
-1.2 7.89899
1.46243 3.48699
-4.85768 7.22639
5.76869 3.24071
-3.09254 7.38536
5.40231 4.82949
2.50619 3.52926
-2.08829 4.80342
-0.0780344 4.09041
-5.66725 6.79265
0.221701 4.75817
-3.63369 7.25176
-0.703685 4.1627
2.94521 3.08571
1.45215 3.49336
-2.21084 7.51215
-4.78469 7.25135
1.07429 7.07124
-4.81482 7.24586
1.07758 3.70139
1.99527 3.10131
4.98108 5.21703
0.341035 7.29368
-0.251762 7.42054
5.64132 4.5999
1.25715 4.37549
0.542353 3.92514
2.79222 3.25205
-0.567877 4.15487
0.909348 3.78029
-1.88394 7.90983
-1.56448 7.53763
0.600491 3.90463
5.54533 4.69652
-4.80032 6.80136
0.619249 7.59296
-4.4469 7.39989
2.3315 2.78988
2.03776 3.90695
3.00545 6.59561
2.53659 6.39513
4.83049 4.52284
2.35647 2.76413
2.03423 6.66446
0.493289 7.25353
1.91125 6.72428
-0.230835 7.78549
3.63487 5.6506
0.0516491 4.79852
1.55534 3.42778
1.50882 3.45636
-1.74249 7.91236
4.37487 5.00133
-1.07651 4.91735
-2.49288 7.8699
5.32843 4.90539
2.51695 3.51954
2.97777 3.06997
-5.32074 6.99427
2.89002 6.65947
1.30142 7.37641
2.4969 6.41792
0.515728 4.67398
-5.1539 7.08259
3.35626 2.55638
0.750481 3.84753
0.987734 3.74446
2.51647 6.40672
2.93571 3.09643
3.35068 6.39466
-1.35337 4.90761
-1.36525 7.90692
3.13618 6.01727
4.55217 4.82338
1.15254 4.42555
-3.05008 7.79096
1.81485 3.24502
-3.4854 7.69983
-4.67888 6.85961
-3.2571 7.75093
1.43364 6.93483
-0.00926692 7.37427
5.71173 3.33516
3.84993 6.07689
0.460409 3.95254
3.91772 6.03075
3.09788 6.54328
1.55951 6.88263
-1.01851 4.91767
2.05435 6.65446
0.507408 3.93704
-5.13772 6.62404
2.53808 3.5003
1.58629 3.40739
1.80846 6.77248
1.60692 7.26166
1.30921 4.34954
1.83278 3.23097
-2.67955 7.84806
-0.234797 4.85304
-1.10566 4.91724
2.30606 2.81571
-2.39251 7.88258
-3.13625 7.3762
-1.67205 7.91269
-1.65391 7.53741
4.99082 4.33573
-0.378863 4.87413
-0.798548 7.8658
-0.248782 4.85589
1.60199 4.19021
1.03328 4.47932
-1.24733 7.9016
5.60293 4.63879
-4.83657 7.23603
0.00678964 4.07343
0.297329 7.30463
5.0074 4.31654
-0.703808 7.85511
1.82353 4.05355
1.06651 7.45717
0.886773 3.79028
2.24418 3.7509
-5.36212 6.9715
1.95786 3.13233
0.993036 4.49614
1.66679 3.35254
1.76278 4.09248
1.99074 3.94041
3.93615 5.40289
5.0757 5.12526
0.217762 7.69462
4.90502 4.4375
1.74665 6.8007
-5.31281 6.52252
-2.67572 7.45889
1.84379 3.22295
1.95539 3.96508
-1.31884 7.53282
2.03231 3.06993
-1.09599 7.52163
-1.93105 7.90842
2.35749 6.49587
-1.22939 7.52911
0.199326 4.02838
1.96738 3.12449
0.354218 3.98547
0.318766 3.99583
0.495497 3.94102
-0.887359 4.91543
-2.43246 7.49047
3.86618 5.46232
2.20222 3.77202
2.07261 3.88166
-4.75996 6.82104
0.0912559 4.05479
-2.23578 7.89249
3.24806 2.71608
0.0231077 4.80471
4.00742 5.96907
2.86717 6.67192
0.0190804 4.07083
1.38674 4.3096
2.48053 2.63075
4.40754 4.96927
3.36099 5.85826
-2.25942 7.89083
-0.0533297 7.38326
1.30447 3.58075
-0.678941 4.1616
1.9077 3.99772
4.25944 5.1121
0.376462 4.71616
4.14057 5.87538
-1.15267 7.8961
3.09039 2.91403
-1.45301 7.53643
5.66015 4.58067
-1.39685 4.90463
0.179423 4.76876
-0.756278 4.16098
-0.443615 7.82015
1.47567 6.91765
-4.47488 6.95117
3.44231 6.33878
-1.19322 4.91527
0.413241 3.96752
4.73923 4.62445
0.241831 7.6891
0.689711 7.57312
-0.963975 7.88186
1.82443 3.23776
4.93458 4.40303
-1.30951 4.90983
-0.0654696 7.7548
2.22161 3.76872
-3.33196 7.3317
-1.5275 4.8933
-0.89206 7.87549
1.70149 4.13064
-5.68766 6.77997
-0.33566 4.86826
0.100388 7.3508
2.84364 6.68467
-1.68675 4.87466
2.33976 2.7814
4.07411 5.92249
5.46703 4.77321
1.20766 3.63412
1.23998 3.61664
3.16834 2.8152
-2.07718 7.522
-3.86847 7.1797
0.103493 4.05194
0.194457 7.69994
-4.35086 7.0031
0.761774 3.84298
2.13177 2.98216
4.72848 5.42801
2.47436 3.55772
2.95439 3.07526
1.95233 6.70456
2.29999 3.70601
-5.62514 6.81985
-2.95757 7.80695
3.51053 6.29645
-0.691914 7.84903
0.0346473 7.36505
-0.523874 4.89121
4.15867 5.20571
-3.68972 7.64778
2.51766 2.58761
0.502019 4.67832
-1.64619 7.9134
-0.372913 7.80924
-1.85949 4.84834
0.595247 7.59956
-1.90241 4.84086
2.75268 3.29282
4.02945 5.95376
-5.11836 6.63485
3.3794 5.84482
-4.92013 6.74105
3.70678 5.59339
-3.84754 7.60338
3.02892 6.58243
-1.12047 4.91702
1.99333 6.68462
-0.539726 7.46547
2.69369 6.3023
2.26349 2.85803
2.75353 2.29115
1.72407 7.21476
1.8959 4.00569
2.06113 3.89004
5.67947 4.56083
-4.04912 7.54121
-0.0421479 7.75021
-3.11898 7.77829
0.234808 4.01894
0.784655 3.83366
-4.53438 7.36536
5.29974 3.94457
2.41402 2.70322
3.19391 2.78211
1.94859 3.13991
1.13794 7.04842
4.87661 5.30579
3.07952 6.05579
0.912665 4.5302
2.4862 2.62355
2.33258 6.9451
0.670061 3.8789
2.87858 3.15887
0.965365 3.75486
-0.770669 4.91054
-4.07944 7.10731
0.165033 4.77228
-4.29318 7.45751
0.612121 3.90038
2.63168 3.41266
-4.28882 7.02805
1.50398 3.4609
2.39753 6.47381
1.19186 4.40706
-0.596336 4.89815
-4.61808 6.88771
-1.83069 4.85317
2.45433 2.6592
-0.506326 4.1499
-0.625432 4.90064
1.93219 6.71427
0.612554 4.64217
-0.153074 4.10348
1.49377 3.46737
3.23567 2.7264
-1.50708 7.91104
1.58964 4.19741
-0.364591 4.87225
-3.75729 7.62922
-2.54299 7.47714
4.81354 5.35833
-5.27922 7.01677
1.05448 3.71252
-2.60958 7.85665
2.04138 3.06215
3.6531 5.6362
2.5561 6.38383
1.28623 6.99302
1.27039 4.36896
2.94588 6.14425
-0.691494 4.16217
-1.95425 7.90763
-1.15046 7.53004
1.37075 6.96004
-0.989313 4.91747
5.64126 3.44811
4.49178 5.61505
-0.814908 4.16586
5.03627 4.28162
-4.86036 6.7715
2.37307 2.74679
1.81154 4.06128
-2.37626 7.88124
-4.66418 7.31174
2.4957 6.86539
4.44003 4.93706
2.35515 3.66045
-1.90715 7.90917
-2.89548 7.42322
0.598935 4.64677
-3.71401 7.64021
2.05183 7.07495
0.292098 4.73969
3.6709 5.62209
0.375614 7.27729
1.79537 3.25969
-3.26707 7.34709
2.64548 2.42376
-2.56545 7.47422
2.71909 2.338
4.56781 4.8072
2.15328 3.8215
4.17581 5.18998
2.78221 3.26242
-4.90043 6.75117
5.39207 3.81775
4.42357 4.95342
0.818018 4.56773
5.68846 3.37291
2.62118 3.42263
-0.177183 4.84341
-0.420227 4.14143
4.2927 5.08058
3.21167 5.965
-0.799831 4.91201
4.22601 5.14346
5.71374 4.52146
5.14641 5.07201
-2.03118 4.81572
0.170457 7.70534
0.66622 7.20413
2.40236 6.9114
-2.28253 7.88907
-0.584186 7.47144
3.78249 6.12152
3.28666 5.91196
1.67708 7.23376
1.62648 3.3803
5.48637 4.75438
4.57847 5.54769
-0.199663 4.11174
-0.163329 7.40457
2.26664 3.73297
3.32396 5.88517
-3.78021 7.62277
2.39767 2.72076
1.12033 3.6797
-1.02942 7.51692
-1.44029 4.90127
-1.00666 7.51533
-2.32173 7.50214
0.404493 4.70801
-5.60698 6.82955
3.27661 2.67025
-1.96598 7.52836
1.09962 4.44984
-3.02718 7.39854
5.38798 4.84918
-0.585725 7.84026
0.188177 7.33086
4.87526 4.47184
-0.916615 7.8776
-3.735 7.63542
-4.96352 7.17723
-3.98233 7.5625
0.406911 7.64911
-3.21112 7.76033
-4.5569 6.91519
-4.57721 6.90621
2.68254 3.36314
-0.876638 4.16635
0.976676 3.74961
-0.761613 7.4927
3.19011 6.49
1.66355 6.83773
2.77188 6.25451
0.105386 4.77903
0.0310115 4.06826
0.211485 4.02523
2.25526 3.74208
-0.561627 7.46844
-3.37145 7.72626
-3.44 7.30468
-4.73941 6.83094
3.25882 6.44961
-5.34114 6.98309
-2.78574 7.44189
-0.695117 7.48522
2.62423 2.45996
5.53189 3.61566
0.306678 3.99928
3.00968 3.01124
-4.26768 7.0364
0.147148 7.71052
-0.260591 4.12112
5.09345 4.21135
-1.81001 7.5345
1.15394 3.65736
2.82995 6.21832
-1.58555 4.88712
3.24923 5.93857
-0.609064 7.84333
5.20733 5.01708
-2.23277 7.5103
2.25729 6.54993
-1.57761 7.91216
0.332728 4.72474
-1.6578 4.87845
3.52959 5.73292
3.64722 6.20978
-3.2885 7.34208
-1.54188 4.89106
-2.85151 7.43091
-0.450887 7.45277
-2.18825 7.51398
0.577203 3.91295
3.62412 6.22461
-4.51222 7.37422
0.524723 7.61861
-4.3923 6.98606
1.96708 3.95697
0.830254 3.81465
2.0756 7.06431
-1.11801 7.52303
-0.494171 4.14881
1.39558 7.34221
-2.16554 7.89726
4.72408 4.64102
-0.869252 7.87307
3.48537 6.31181
-2.0954 7.90133
1.22933 3.62243
2.76736 2.27208
-2.34363 7.49997
-1.34195 7.906
0.784138 7.54564
-4.99979 6.69935
1.27822 7.38467
0.312352 7.6724
-0.134257 4.83581
-1.77309 4.8608
1.81799 7.17598
-0.944353 4.92128
-2.69748 7.45566
0.773389 3.83827
0.736137 4.59854
-0.756304 4.90974
1.88805 7.14639
5.18727 5.03526
-1.92134 7.53045
2.84963 6.20592
-5.05889 6.66758
-0.0627217 4.8223
1.56452 4.21192
2.6005 3.44226
2.17616 3.80402
1.15334 3.66275
-0.727155 4.90801
-4.49516 6.94241
2.23676 6.56079
3.07264 2.9358
1.78424 6.78302
-2.07423 4.80652
1.72731 4.11648
0.432519 4.69978
2.11419 2.99815
-1.53036 7.91147
2.27767 3.7241
5.50623 4.73495
-1.45982 7.90994
2.73284 6.27851
3.15135 2.83737
0.693155 3.87007
-4.05869 7.11476
0.518948 3.93314
5.13551 4.15867
1.42506 4.28927
4.97833 4.35133
4.94907 4.386
-1.09128 4.91742
-2.51659 7.86738
-4.53624 6.92444
5.44375 3.74453
2.93879 6.15092
3.15983 2.82648
1.74648 3.2958
-4.24895 7.47338
-1.26963 7.90313
-2.52116 7.47991
5.36624 3.86351
0.278205 4.74342
-0.24862 4.11933
2.08644 3.02826
3.37939 2.52208
-0.406511 7.44604
2.36629 3.65109
-2.58629 7.85954
-5.19779 6.58959
-0.639772 4.9018
-0.00515473 4.07593
2.77434 6.72184
5.69818 4.54152
4.96052 5.23468
-4.49069 7.38276
5.28651 3.96235
0.807395 7.53871
-2.88839 7.81815
-0.0294201 4.08089
-1.83202 7.53383
-1.88825 4.84332
4.14198 5.22094
-4.0165 7.12968
0.151049 4.77566
4.30902 5.06499
-4.45397 6.96012
2.91389 6.6465
5.62187 4.61965
-2.2125 7.89419
1.68894 4.13831
2.64632 2.43226
-4.88098 6.76088
1.47612 4.26156
-0.340327 7.43552
-4.43145 7.40198
1.08747 3.69624
-3.93186 7.15872
0.234414 7.32029
-0.592576 4.15662
0.872321 4.54648
2.2377 2.88313
4.47034 5.63152
3.50797 5.74882
-4.36059 7.00128
-0.790145 4.16541
1.33615 3.55991
-1.55433 7.91186
0.830534 7.53145
1.09532 7.06377
-2.47682 7.48532
2.44229 3.58595
-5.52572 6.87806
2.43026 2.68561
1.41023 3.51892
1.01004 3.73393
-0.395608 4.13869
-3.8259 7.19342
-1.8165 4.85549
1.39941 4.30292
4.19242 5.17466
2.19893 3.78642
2.98429 6.11916
-3.5695 7.26994
5.17874 4.12286
1.88372 4.01386
2.02295 3.07792
-3.74053 7.22006
-4.55586 7.35668
2.07504 6.6441
-0.292517 4.862
4.61561 4.75732
5.55723 3.58298
-2.07154 7.90258
1.51763 6.90025
-1.17703 4.92434
0.838864 7.15072
-1.36356 7.53429
-0.495293 7.45925
0.294942 4.0026
5.56431 4.6775
2.54845 3.49078
-5.42365 6.93701
-1.71925 7.91254
-1.78735 7.53512
0.988802 7.101
5.34814 4.88688
-1.91699 4.83814
4.09199 5.26632
-5.17692 6.60189
3.43235 2.44127
5.46926 3.70776
4.76984 4.59072
-0.205977 4.84831
-0.183483 7.77704
2.34538 6.5103
-4.33731 7.44136
-3.76221 7.2134
3.05169 6.56956
-2.91123 7.81452
1.34934 6.96849
3.34833 2.56801
2.97294 3.054
-5.70745 6.76759
1.37368 4.31644
1.53827 6.8916
-1.83681 7.91095
3.81513 5.50528
0.796156 3.8289
1.61463 4.18272
1.21835 3.62837
2.65843 6.78269
2.5716 2.52419
5.10536 5.10856
4.22561 5.13984
-4.94038 6.73058
2.17637 6.59239
3.13405 2.85941
0.667707 4.62312
-0.668888 4.90404
-0.362164 7.43905
0.845193 4.55717
1.35757 3.55018
0.881873 7.13678
1.56573 3.42096
0.727521 3.85667
-0.765402 4.16481
1.13687 7.43366
-3.18774 7.76501
-0.105536 4.83051
-0.37101 4.1358
-4.16347 7.07641
4.09607 5.90699
3.11751 6.03004
1.28304 3.59283
0.688169 7.19756
-4.20463 7.48897
0.430201 7.64321
2.50199 2.60561
5.25949 3.99836
0.193387 4.7653
-0.456807 4.14529
2.53319 2.56958
-4.35902 7.4333
-4.12151 7.09199
-0.901738 4.91584
3.44721 2.418
-1.20759 4.9148
2.70494 6.75846
-0.917374 7.50799
0.903039 7.12982
1.529 4.23547
-3.37535 7.32106
1.45063 4.27548
-1.38705 7.53473
-1.25156 4.91308
4.51382 5.59805
5.59313 3.52294
1.32582 3.56857
0.0941856 4.78899
2.86006 3.17997
5.74601 3.27867
3.82765 6.09149
5.66498 3.41055
-4.64282 7.32076
0.581435 7.22904
-0.334313 4.13124
0.0420989 4.06558
0.115369 4.04914
3.17399 5.99123
3.95333 5.38811
-0.350769 4.13235
0.558162 7.23547
-4.79364 7.25537
-4.07478 7.53092
0.390278 4.71216
3.34229 5.87189
4.70742 5.44504
-3.394 7.72117
2.69252 3.35329
0.75002 4.59342
2.00994 3.90351
1.16078 7.42554
-1.31795 7.90499
-2.05975 4.80966
-0.71706 7.48775
4.59943 4.77425
-4.00439 7.55554
-0.191787 4.84592
-0.114522 7.39598
-1.95982 4.83007
5.02269 5.18107
-1.72991 4.86868
-2.0106 7.52601
-2.93943 7.41526
5.79114 3.20266
1.473 3.48041
5.06494 4.24657
4.20755 5.82768
2.27201 2.84958
-4.62051 7.33027
3.71492 6.16592
2.51867 6.85391
1.12611 4.43777
2.9076 3.12788
2.60929 2.47843
0.538086 3.92825
1.25144 3.61049
2.70277 3.34312
1.38916 3.53154
1.91074 3.17047
2.00269 3.93196
0.0371738 4.80168
2.73958 2.31018
-2.79553 7.83217
0.722639 4.60347
-4.96002 6.72034
-4.22619 7.0525
2.64175 3.4029
-1.93113 4.83552
4.86064 4.48862
0.704508 3.86568
-4.1008 7.09957
-2.87381 7.42704
2.18523 2.93303
-0.872554 4.91496
0.911574 4.55319
5.36837 4.86778
5.07899 4.22926
3.73724 6.15133
-0.307698 7.79631
2.54087 2.56061
-4.20535 7.06055
-0.393545 4.87608
-2.84198 7.8253
0.854591 7.52445
1.70092 7.22415
-5.25494 6.55683
-0.11281 7.76392
1.51287 7.29816
1.67674 4.14572
-1.98797 7.52723
5.7231 3.31654
0.180458 4.03969
3.06048 6.06855
-3.88955 7.17277
-0.901405 4.1663
-3.00385 7.7991
-0.481658 4.14765
3.19313 5.97794
1.97909 3.94859
2.78782 2.24347
-0.895389 7.50602
2.38387 3.63
-0.273131 4.12291
2.1649 3.81265
5.51964 3.6339
0.472001 3.94877
-0.163008 4.84094
-3.3967 7.31572
-3.64437 7.65986
-2.98333 7.40704
-2.63294 7.85394
2.82077 6.697
-5.72779 6.75477
1.28322 4.36259
2.37709 3.64198
-3.91461 7.58342
1.03159 7.08624
-1.76643 7.91211
4.05696 5.29742
-0.306751 4.86411
4.02257 5.32782
1.84976 6.75331
1.7479 7.20502
0.073366 7.72532
2.14198 3.83007
-5.50561 6.88984
3.42493 2.4527
2.71135 2.34806
3.58084 5.69284
-1.2224 4.91426
3.41638 5.81756
-3.24498 7.35218
2.12305 2.99017
-0.531007 4.152
-3.00409 7.40319
-3.97423 7.14434
-1.76533 7.53566
1.21811 4.3945
-5.2352 6.56836
1.33632 3.56253
0.860061 7.14388
-0.20753 7.41268
4.31746 5.74672
-2.30632 7.88719
2.49571 3.53868
0.144304 7.34095
4.81518 4.54011
0.571972 7.60591
1.77579 3.27426
0.263888 4.74722
-3.91096 7.16571
1.48865 4.25466
0.306391 4.7358
2.07797 3.03032
2.98266 6.60835
1.53931 4.22629
2.74647 2.30081
2.5791 2.51518
-3.41868 7.31015
-0.102382 4.09497
-3.19296 7.35796
2.611 3.43231
-2.82616 7.43216
4.66459 5.47947
2.63505 6.33745
3.0414 6.08136
2.61188 6.80667
-2.81841 7.82883
-1.08201 7.89128
-2.27726 7.50635
4.38298 5.69781
3.98803 5.35805
-1.80187 4.85783
2.3443 3.6695
4.75027 4.61108
3.09907 2.90327
-3.20144 7.362
-5.03944 6.67811
-1.59984 4.88549
-0.65383 4.16042
-0.850779 7.50184
0.424901 3.9638
1.29361 3.58689
1.48325 3.474
-3.5907 7.26401
1.3724 7.35073
0.73136 7.18445
-1.29509 4.911
1.10271 7.05903
-0.974501 4.91731
-1.05132 7.51861
-4.90044 7.20664
-0.263644 4.8576
2.4529 3.57665
-0.384658 7.44263
1.62699 4.17551
-2.53961 7.86486
0.901777 7.50993
4.8344 5.34104
-2.46426 7.48524
-3.95959 7.56959
3.77811 5.53547
2.20282 2.91648
0.389594 3.97482
4.03953 5.31286
4.1631 5.85926
4.6428 5.49685
-4.1383 7.51171
5.6292 3.4669
-0.297661 4.12636
2.09583 3.86458
5.00221 5.19882
2.18772 3.7951
5.32644 3.9084
1.20142 7.02509
-2.99871 7.50813
4.67745 4.69149
3.05477 2.9575
2.6622 3.38307
1.2075 7.40933
-0.642019 4.15969
-4.27059 7.46574
3.21901 2.7488
-2.38806 7.49535
-0.114387 4.09716
5.17717 4.10567
3.08139 2.92508
1.70514 6.81932
-1.08887 7.88229
1.32624 4.34721
1.58357 7.27075
-1.48315 7.9105
2.71269 3.33323
-0.551436 4.15176
2.02874 7.08521
3.3406 2.57929
0.330468 3.99244
0.207832 4.76185
2.44904 6.88852
0.165923 7.33601
-3.69471 7.23442
5.37921 3.83572
3.30478 6.42225
5.73597 4.50219
0.64489 7.21044
4.66212 4.70792
5.16657 5.05392
-3.5264 7.28179
-2.70249 7.84506
3.11663 2.88138
-1.701 4.87273
2.3222 3.68781
5.21762 4.05299
-3.17991 7.36676
0.449761 7.26533
2.76968 2.26357
0.0525119 7.7309
5.22814 4.99835
-5.04886 7.13547
-2.36617 7.49766
4.55745 5.56454
5.05042 4.26437
-0.138772 4.10151
3.01865 3.00066
3.76021 6.13624
2.72167 3.32244
4.35912 5.01677
2.47032 2.64141
-0.163182 4.10572
1.57691 4.20478
-2.03258 7.52475
2.05972 3.04628
-2.63151 7.46524
-1.51976 7.53734
0.359636 7.66088
-0.73966 7.4903
1.29642 4.35599
-3.57654 7.67736
-2.32941 7.88529
2.31735 6.51772
-2.14371 7.5174
-0.509138 4.88967
-5.13318 7.0932
-0.224131 4.11561
-1.67206 4.87664
-0.479729 4.88766
3.28228 6.43571
3.23616 6.463
1.35576 3.90259
-0.348891 7.80539
5.43053 3.7632
0.646921 3.8876
1.98533 3.10939
-0.0181342 7.74541
2.86871 6.19382
-4.98561 7.16629
2.92646 3.10683
4.52028 4.85612
2.70432 2.35735
-0.672926 7.48253
-0.0194287 4.81394
1.34851 7.35944
1.50153 4.24752
4.68572 5.46254
-0.17522 4.10774
-2.16631 7.5157
0.247208 4.01576
-0.580402 4.15578
3.11548 2.89462
-4.97976 6.71906
-0.148424 4.83835
2.41722 6.46286
-0.940016 7.50995
-0.383485 4.13729
-4.70744 7.29323
0.452579 7.63688
2.86952 3.16971
3.83096 5.4918
1.93496 7.12625
5.42762 4.81129
-2.98094 7.80277
-2.11856 7.90006
4.6216 5.51368
2.73274 3.31307
2.56941 3.47139
1.315 3.57476
-5.56642 6.85394
3.91848 5.41801
-3.531 7.68874
-1.03466 7.8877
1.67406 3.34669
-3.71945 7.22646
5.69995 3.35432
3.07512 6.55626
0.900147 3.78482
1.52464 3.44769
-1.43032 7.53598
2.35565 6.93404
0.356787 3.98792
-1.12935 7.89458
2.47203 6.87716
-0.0656391 4.08805
0.807482 3.82422
1.23111 7.40126
2.77249 3.27247
-4.71948 6.84046
-1.23677 4.9137
3.39653 6.36684
0.377928 3.97837
4.07384 5.28239
2.29769 2.82411
-5.27407 6.54557
-2.71989 7.45227
5.16347 4.12319
1.79892 7.18542
1.04323 3.718
0.875632 3.79516
0.885643 4.54113
0.418285 4.70393
-0.494832 4.88813
-0.698016 4.90611
-2.12175 7.51898
1.32853 6.97664
-2.8298 7.4346
-0.806186 7.4974
-0.889203 4.16634
1.65393 7.24303
-5.54638 6.86586
-4.11571 7.5193
2.80185 3.24194
0.747245 7.17561
0.253574 7.31533
1.5962 3.40074
-4.43364 6.96874
3.14402 6.51676
0.70947 7.19113
-2.74903 7.83875
1.39153 6.95177
2.55682 3.47975
-2.91779 7.41922
-1.72064 7.53656
-5.7475 6.74226
0.954322 3.75995
2.57619 6.37213
1.76708 6.79144
1.24386 7.00917
1.01936 7.4726
1.22296 7.01704
1.11998 4.45244
2.55629 2.54244
2.84078 3.20071
0.979745 4.50233
5.19122 4.0876
2.43645 6.45195
1.9577 3.14354
-1.47083 7.54748
2.14097 2.97392
-1.67593 7.53719
-0.0768453 4.82505
-1.36773 4.90667
-5.48492 6.90185
0.127618 4.04623
1.5599 7.28004
3.06359 2.94682
1.71364 4.12316
1.37875 3.53772
2.23911 6.98938
-1.62883 4.88206
-1.1627 7.52566
-0.135994 7.76834
1.71656 3.31739
-4.18276 7.49654
0.548003 7.61239
3.36393 2.54508
-1.17668 7.8976
-3.54771 7.27595
-2.74163 7.44891
2.28064 2.84111
-0.864438 4.16633
0.0801517 4.79217
0.952882 4.51362
0.681443 3.87457
2.32296 2.7986
5.10735 4.19403
0.626565 4.63739
-5.23757 7.03899
1.62187 6.85591
-2.42307 7.8769
1.20501 4.4005
-1.07333 7.52013
1.75613 3.28874
-5.29871 7.00692
-1.74543 7.53568
1.51402 4.24054
5.58114 3.54132
-4.16021 7.50428
-0.125583 4.81958
-3.07098 7.38978
-0.962009 7.51179
-0.318057 7.43182
2.31464 2.80704
2.63154 2.45083
-0.727159 7.85784
2.2771 6.53936
-2.1424 7.89868
1.11365 7.44148
-2.04568 4.81267
2.40588 2.71194
4.22924 5.8115
1.18049 7.03285
-3.622 7.6657
3.6017 6.23892
0.436847 3.9601
-4.59736 6.89713
2.22028 2.90267
-0.987307 7.88386
-4.09375 7.5266
-2.01709 4.81864
-2.46985 7.87228
-0.666753 4.161
-1.29464 7.90394
4.27341 5.77922
0.77678 4.58241
0.752662 7.1779
1.42115 3.51239
1.93159 3.98146
0.719912 3.86052
-1.0037 4.91759
1.32403 3.66642
-1.2074 7.52804
1.77483 4.08485
3.88348 5.44774
1.89168 3.18562
2.21685 6.57127
3.41909 6.35304
3.23679 5.94846
2.82138 3.22137
-0.751179 7.86059
-0.408096 4.1401
3.41735 2.46448
3.14259 2.84856
3.93699 5.39498
0.477466 7.63104
0.514714 7.24763
-0.0340787 4.8166
3.45322 5.79012
-0.141573 7.40048
3.40992 2.4759
3.61708 5.66459
-1.86012 7.9104
-0.465808 4.88489
3.79559 5.5211
3.17693 2.80433
-1.49844 4.89612
0.318868 7.29926
2.3331 3.67881
0.858559 4.55191
4.89823 5.28791
0.925467 7.12248
-0.207505 7.78136
2.56529 6.83042
2.59563 6.36074
-0.728434 4.16366
-2.58727 7.47133
2.91691 3.11752
3.9847 5.98482
-2.00133 7.90581
5.27283 3.98063
1.80498 3.25248
0.925021 7.50268
1.65191 4.16068
-0.741514 4.90889
2.72552 2.32915
-1.6953 7.91265
-0.561692 7.83703
-1.6092 7.53765
-4.87939 7.21641
0.382929 7.65511
-4.31493 7.44959
2.68136 6.77078
-5.4647 6.91356
-0.774517 7.86319
2.63482 6.79489
5.40526 3.79922
-4.14281 7.08412
5.30808 4.9244
0.223285 4.02214
-5.217 7.04984
2.10792 3.85612
2.45711 6.44049
1.41289 6.94321
-3.27973 7.74619
2.24624 2.87486
-2.04837 7.90371
2.1588 2.95758
-1.87669 7.53227
0.26506 7.68364
5.55663 3.57854
5.61731 3.48557
3.74251 5.56452
-0.0974322 7.39199
-5.64739 6.80489
0.763489 4.58842
1.91185 7.1362
-5.19578 7.06094
-4.68614 7.30239
2.17653 2.94115
-3.82534 7.60985
-1.94569 4.83278
1.18593 3.64568
4.20947 5.15887
3.59871 5.67895
-0.309754 4.128
-0.469509 4.14649
2.67554 2.39493
-1.33859 4.90854
2.255 2.86633
3.54447 5.72092
1.03229 3.72329
-3.43974 7.71064
2.63916 6.33896
2.12244 7.04317
-1.94321 7.52948
3.02752 2.98962
2.10504 3.00635
2.54318 6.84188
1.89098 6.73391
1.95866 7.11594
-1.58645 7.53768
1.06058 7.46547
1.41233 4.29591
4.21041 5.58687
3.30087 2.63608
2.71357 6.29026
3.00041 3.02212
1.53673 7.289
5.41802 3.78119
0.139449 4.04337
-0.0316159 7.37886
-0.777946 4.16514
2.93636 6.63403
-0.296028 7.42816
4.10799 5.25175
1.7256 6.81017
3.87273 6.06123
1.77104 7.1955
1.44265 7.32473
1.54523 3.43438
3.30887 2.6249
-1.06209 4.91765
5.60543 3.504
0.62373 3.89618
2.88862 3.14884
-0.851161 4.16643
-5.09839 6.64593
3.37391 2.53387
-4.63818 6.8785
-0.490984 7.82712
4.69319 4.67454
3.21076 2.75981
2.4639 3.56712
2.46245 2.65018
1.61651 3.38707
0.282848 4.00599
1.73639 3.30311
-1.98847 4.82444
3.55615 6.2678
0.401596 3.97114
-0.396249 7.8129
-0.185751 7.40871
-0.650597 7.47988
2.85029 3.1905
-1.13485 4.91676
0.122636 4.78241
3.02258 6.09389
1.00989 7.09376
2.68999 2.37617
2.38957 2.72937
1.87008 6.74378
2.30891 6.95642
0.52983 4.66948
0.209772 7.32579
-0.407818 4.8779
4.32579 5.0489
0.589023 3.90874
1.79923 4.06926
0.474157 4.68701
-3.59894 7.67165
-2.86485 7.82181
0.948954 7.49515
-0.8434 4.9138
3.47132 5.77653
0.642483 7.58647
0.0291924 7.73575
2.16755 2.94949
-4.41267 6.97757
-3.32531 7.65273
1.00654 4.49089
3.2928 2.64761
-0.538354 7.83382
-0.0900265 4.09267
-4.30932 7.01988
5.06411 5.14492
5.20482 4.07002
-1.2521 7.53015
-1.62484 7.91256
-0.160156 7.77277
0.654166 4.62791
1.58011 6.87387
-4.77986 6.81138
0.348386 4.72416
2.72786 6.74643
1.65689 3.35942
0.640158 4.63272
1.4632 4.26864
-3.07283 7.78685
2.59027 3.4519
1.92047 3.99
2.51907 3.19784
3.66956 6.19538
-2.02089 7.90643
4.29512 5.76324
2.52738 3.51007
-2.29894 7.50437
4.53519 5.58148
-5.38247 6.96018
0.271094 4.00925
1.4897 7.30699
-1.71567 4.8707
2.19417 2.92463
4.63087 4.74116
1.63674 3.37329
1.16553 4.41948
-3.5534 7.6832
3.25219 2.70393
1.16413 3.65714
-2.44612 7.87466
4.45598 4.92114
3.20223 2.77113
4.85583 5.32318
-0.960119 4.9171
3.30505 5.89878
2.60297 2.48663
-3.89255 7.59003
3.11319 6.53225
-0.0537136 4.08572
4.58387 4.7905
-0.444861 4.14403
-0.839672 4.16617
1.78722 4.07696
3.37328 6.38098
-2.21084 7.51215
1.73826 4.10788
1.60148 6.86473
3.5786 6.2536
4.20665 5.29732
-0.538188 4.89266
5.49455 3.67089
-1.47504 7.53679
1.88225 3.19304
0.966518 4.50791
1.06538 3.70718
-4.94309 7.1866
3.48993 5.76249
-0.0481863 4.81943
2.35253 2.76971
-1.40828 7.53549
-0.555699 4.15396
2.09613 3.01428
0.831414 4.56255
2.63905 2.44142
-0.610685 4.89934
0.658328 3.88333
5.52545 4.71603
-3.80245 7.61644
1.92971 3.15524
-0.361503 4.84108
0.012427 7.36975
1.05994 4.4676
0.565712 3.917
2.11895 3.84738
-0.605115 4.15745
2.0143 3.92374
-4.24713 7.04444
2.39893 3.62341
-0.567254 4.89549
1.57581 3.41431
-1.42595 4.90241
-0.654542 4.90296
-3.41721 7.71587
0.406181 7.27688
2.28588 6.96736
1.07305 4.46177
2.38121 2.73821
-0.753188 4.16447
2.5868 2.50588
-0.829001 4.91332
2.09868 7.05393
3.15538 6.00409
1.84775 4.03772
-1.29681 7.532
2.90735 6.16913
1.87253 3.20066
-0.277866 4.85979
1.43123 3.50619
4.11866 5.89099
2.81081 6.23031
0.571251 4.65599
2.69706 2.36691
0.864141 3.80015
5.04372 5.16275
-3.32562 7.73637
0.695202 4.61337
1.72663 3.31016
-0.6061 7.47429
3.2128 6.47673
4.96394 4.36843
2.52535 2.57872
2.19232 7.01114
-1.55654 4.8903
-0.285214 4.12463
0.187508 4.03141
4.84532 4.50604
2.42066 3.60473
-1.7588 4.86446
1.26155 3.60479
0.601554 7.22308
-1.27413 7.5311
-0.358891 4.13433
2.77415 2.26264
1.33513 4.33636
2.19633 6.58201
0.163496 4.03745
-3.23378 7.75573
-0.325551 7.80159
0.931864 3.77018
-1.78766 4.86006
-0.802708 4.16566
2.22031 2.89984
0.0552032 4.06296
2.44641 2.66793
4.70844 4.65804
-5.09108 7.11447
4.34203 5.03324
-0.278191 7.79367
1.05264 7.07888
2.88834 6.18132
1.36097 4.32305
-4.67858 6.8641
-3.02663 7.79512
3.39472 2.49902
3.40223 2.48763
2.0844 3.87301
-0.187616 4.10979
-1.40945 4.92029
1.98186 7.10585
0.942936 3.76515
-0.463783 7.45598
1.04642 4.47356
2.43133 3.59549
-0.517171 7.46234
0.795793 7.16443
-2.00258 4.81864
1.70677 3.32439
0.543515 4.66506
5.35293 3.87212
0.320264 4.732
5.2479 4.98004
2.50972 2.59675
4.80026 4.55685
-3.61252 7.25783
0.939623 4.51912
-3.95337 7.15146
-1.03289 4.91771
-5.17515 7.07166
-1.10536 7.89293
3.28484 2.65878
0.73693 7.55951
0.249974 4.75087
-0.422521 4.87974
-2.65591 7.85108
-0.930927 4.91656
5.28827 4.94281
2.59425 2.49684
1.1095 3.68519
2.26216 6.97856
-4.7506 7.27444
-1.78966 7.9118
1.90139 3.17793
1.13147 3.67402
-0.420279 7.81661
1.2657 7.00093
0.362549 7.2882
-0.00546856 4.81073
1.86493 7.15622
3.46484 6.32486
-5.00652 7.15619
1.97661 3.11686
2.28919 3.71506
-3.67661 7.23924
0.85297 3.80497
0.384635 7.28249
1.32531 7.36783
1.39986 3.52515
