8.87 18.81
20.7 18.01
15.94 11.78
5.74 28.29
14.53 6.43
21.69 33.75
7.04 22.32
25.78 8.51
7.35 6.5
24.42 19.16
22.05 13.44
10.2 39.99
8.26 24.72
20.09 16.68
20.43 16.32
6.89 14.23
26.87 27.61
29.17 18.45
14.96 34.82
30 7.34
21.81 9.87
7.89 39.78
22.63 10.84
28.58 17.26
25.12 20.76
20.39 14.85
27.15 9.77
22.84 17.54
21.98 39.93
5.46 5.69
24.1 10.01
15.09 17.69
5.76 16.93
8.33 17.14
15.58 22.37
18.99 35.64
13.45 13.7
26.48 18.64
18.84 20.5
10.7 15.64
20.02 7.55
12.45 7.52
17.4 7.36
9.14 22.28
17.06 24.46
25.68 35.3
23.03 20.99
20.82 6.6
16.92 24.9
11.67 13.15
27.25 14.94
9.06 30.43
10.49 4.94
20.85 17.35
8.98 15.47
9.84 32.87
11.98 18.88
18.14 14.46
9.07 9.4
10.66 8.65
10.01 30.98
17.52 37.44
18.8 35.85
29.89 15.91
23.17 26.64
6.6 23.48
25.62 6.53
17.1 31.55
13.93 14.84
23.7 21.62
5.71 37.02
27.57 4.21
18.75 10.97
9.19 18.13
14.95 7.3
5.32 20.62
5.85 13.48
15.15 6.32
5.58 5.85
3.86 7.4
5.89 28.88
8.93 26.28
24.92 26.14
5.29 5.49
29.43 20.66
7.53 6
27.21 23.88
15.48 34.85
8.37 12.25
10.55 4.66
5.41 38.47
6.23 6.05
3.22 26.69
8.95 39.84
14.11 27.34
7.1 5.26
9.19 18.25
4.34 17.04
4.56 6.81
28.37 24.61
21.89 36.74
20.32 22.08
26.24 37.11
11.06 9.41
11.36 7.39
12.51 26.79
25.47 18.03
14.01 24.19
4.72 11.81
15.64 17.92
9.73 33.31
9.52 17.82
22.31 24.89
6.39 8.45
10.57 38.81
11.46 30.12
20.48 8.72
6.06 4.57
9.87 20.99
23.11 27.75
12.29 12.77
10.12 25.13
17 9.33
25.81 10.69
22.77 34.26
13.65 20.52
22.25 20.63
4.78 11.58
5.43 16.77
13.46 10.28
14.55 37.16
22.31 23.1
10.96 6.35
3.54 4.64
10.02 35.14
20.22 22.23
22.25 27.52
18.19 32.59
4.38 5.96
27.67 22.52
18.73 30.42
8.18 15.28
17.32 34.81
24.89 27.5
24.13 16.65
21.62 6.96
4.69 4.98
10.89 25.2
28.57 7.74
6.72 20.43
17.04 21.95
10.68 8.32
21.59 21.02
24.11 16.99
29.59 28.81
12.18 9.91
6.99 16.02
18.37 5.83
5.32 21.31
10.99 9.19
11.36 22.83
23.47 8
6.82 16.5
24.46 12.98
27.98 30.27
18.29 7.76
20.24 26.98
25.35 13.82
21.26 25.81
13.3 20.52
22.39 38.75
26.14 27.58
19.97 21.18
11.6 30.84
25.58 16.21
4.38 26.14
24.33 34.57
24.84 28.55
23.86 33.78
8.8 27
23.16 17.3
3.4 19.54
8.84 19.47
26.04 39.49
19.82 10.49
20.33 4.49
26.08 10.77
14.86 31.02
5.67 27.35
13.73 22.43
7 27.29
28.78 15.62
21.52 22.86
8.58 37.35
13.86 11.97
10.25 14.53
3.49 31.51
10.55 24.65
19.56 4.01
23.39 29.21
