-1.66304 -10.4395
-1.72423 -10.4166
-1.10738 -10.6304
-0.888761 -10.6972
-0.857813 -10.7063
-2.47568 -10.1031
-2.5939 -10.0482
-0.951495 -10.6785
-1.5987 -9.9413
-1.13902 -10.6203
-1.01412 -10.6594
-2.62292 -10.0345
-2.20782 -10.2217
-2.14777 -10.2473
-1.65682 -9.91942
-1.74369 -9.88608
-2.26771 -10.1959
-1.60171 -10.4621
-1.63284 -10.4506
-1.47977 -10.5059
-1.35599 -10.5488
-1.68562 -9.90847
-1.25425 -10.5796
-2.65276 -10.0203
-1.84621 -10.3697
-1.87617 -10.358
-0.920601 -10.6877
-1.50992 -10.4952
-1.6941 -10.4279
-1.78529 -10.3933
-1.29402 -10.5697
-1.62742 -9.93054
-0.983685 -10.6689
-1.99744 -10.3095
-2.53487 -10.0758
-2.44652 -10.1164
-1.57145 -10.4731
-1.44826 -10.5169
-2.35683 -10.1567
-1.93688 -10.3339
-2.32745 -10.1697
-2.11813 -10.2597
-2.38704 -10.1432
-1.90699 -10.3458
-1.38648 -10.5383
-1.96773 -10.3216
-1.23193 -10.5903
-1.56909 -9.9523
-1.20128 -10.6003
-2.05786 -10.2848
-1.07662 -10.6401
-1.41784 -10.5275
-1.16971 -10.6105
-2.23576 -10.2088
-1.75048 -10.4049
-2.41634 -10.1301
-2.17825 -10.2344
