3.92 -0.83
5.92 -13.61
-9.16 -11.96
-6.64 -5.92
4.14 2.62
13.32 8.91
4 -1.79
14.28 8.95
-6.5 8.74
9.07 9.36
-2.28 -10.27
2.8 -6.1
-1.93 -9.88
7.81 -7.88
14.71 9.5
12.66 -3.53
0.75 -2.61
-8.27 -11.28
9.11 -6.23
11.56 -5.93
6.31 -9.04
7.28 0.8
11.16 -9.99
5.69 -7.25
-4.03 -8.53
-4.81 8.18
3.94 8.2
10.11 6.22
13.63 4.15
4.76 -6.17
8.31 -9.35
11.43 -1.92
-2.89 -4.23
-7.51 -13.49
9.46 4.15
5.88 -9.88
12.25 1.01
3.97 -4.72
-4.77 -2.95
-6.12 -2.81
0.07 3.61
-3.64 -1.58
6.48 3.68
8.93 -12.97
0.82 -0.36
4.95 -12.46
7.38 -10.36
-4.07 -5.59
-2.7 -6.36
2.86 -8.98
-1.98 4.19
-2.13 -12.12
9.3 0.04
3.09 -2.57
3.25 7.44
-6.28 -6.53
13.41 -12.69
4.64 -14.13
2.92 -11.39
5.47 -14.62
8.7 5.91
-0.33 6.31
2.64 -11.46
1.85 -5.74
4.17 6.35
14.94 -10.81
2.19 -5.52
-4.67 -9.51
13.64 7.1
-7.14 -14.71
-2.7 -8.13
-5.26 3
-7.89 -10.82
-4.82 -6.07
-8.43 -3.6
-7.84 -2.16
-4.4 4.06
-9.01 8.88
-0.15 4.68
-5.14 1.28
-0.56 6.4
6.61 4.28
2.81 8.19
5.71 7.56
9.64 9.95
8.87 -4.42
1.81 -13.38
8.4 8.96
10.45 2.21
-1.41 -12.28
0.06 -9.67
11.08 5.07
4.96 -11.5
8.75 4.59
-7.87 -14.74
-0.79 3.21
13.34 4.6
-5.79 7.55
12.72 -11.28
3.04 -6.46
