6.04889 -9.91793
5.06503 1.50242
4.215 -6.38231
8.85545 -8.95829
7.87635 0.291023
7.33372 2.17612
3.98849 -1.37202
9.51429 -0.596661
7.44167 1.92302
6.70318 0.70462
6.57829 -1.85732
5.07602 -5.90954
6.67987 -1.41369
9.11162 -0.405237
7.66075 1.29604
6.05448 -5.11891
6.5403 1.45009
7.58822 1.52846
5.21375 -4.26906
9.87552 -8.02206
5.34439 -10.1701
5.96485 -5.20582
4.0523 -1.17351
9.69151 -8.21215
11.3184 -5.97013
10.7256 -6.9701
5.13554 -10.2336
4.92061 1.53438
6.0719 2.68021
11.7922 -3.09948
4.89383 -4.57191
7.70894 -2.27681
5.54337 -3.89736
6.73697 0.463403
7.50477 -2.89961
6.33351 -10.4154
5.98211 2.85731
4.76121 -6.10273
10.7163 -5.84611
5.49814 -3.95261
11.7221 -2.83882
10.836 -1.32823
7.26107 -3.45208
5.26853 -4.20752
6.67625 -1.43274
6.75152 -0.919368
11.0232 -1.6741
7.77075 0.875399
11.0486 -5.131
6.3944 -10.3909
11.2629 -6.06448
6.69663 0.744974
4.41831 -6.28594
11.8654 -3.88513
6.13483 -2.9942
7.93382 -0.7043
6.58296 1.28931
7.57933 1.55235
4.53775 -4.85652
5.9921 2.83811
6.32686 -4.83198
6.42292 -4.72162
7.19254 -3.58543
6.95812 -3.99148
10.5836 -1.27022
10.9384 -5.39253
7.80152 -9.68785
3.97285 -1.41543
6.44245 1.7714
7.64174 -2.50923
10.3446 -6.47038
7.78772 -1.95461
4.56085 0.853559
11.4163 -3.67209
7.01147 -9.46963
7.91574 -0.0814561
6.1568 -5.01534
5.42909 -5.66075
7.23107 -9.34868
7.4783 1.83045
6.3583 -2.51098
4.16111 -5.10843
10.5297 -6.17591
6.30822 -9.80955
6.67917 0.845606
5.6562 -10.6591
11.2774 -6.03548
6.25686 -4.90924
7.92941 -0.312866
8.49988 -8.48625
6.75536 -0.880722
9.24806 -7.8131
11.3799 -3.9524
6.55676 1.38989
6.78975 -9.58438
6.68333 -1.39517
4.64982 -4.77223
11.3111 -2.02438
4.63679 -4.78173
7.82818 0.594924
7.62127 -2.57109
7.68102 1.22625
9.00736 0.168342
4.15688 -0.702315
6.78289 -0.353574
5.55395 -3.88464
6.12204 2.55211
7.20339 -9.36434
6.38016 1.95143
7.37382 -9.93081
6.15164 -2.96173
10.6913 -5.88757
7.78284 -1.97658
7.81039 0.688634
4.1962 -0.343703
4.17764 -6.39908
5.26308 -5.78225
5.99998 1.2753
10.8725 -5.53574
4.99848 -4.47826
7.80579 0.711721
6.49953 1.5908
7.09171 0.298288
4.17609 -5.09913
7.88521 0.198866
10.7458 -5.79016
10.2024 -6.67893
6.55836 -1.92491
10.768 -1.23529
6.22329 2.34881
6.71757 0.677552
4.90689 -4.56049
6.21437 -4.95489
10.4135 -6.36409
6.75161 0.37932
3.88706 -1.62762
7.56335 1.59891
4.98975 -5.96502
4.84046 -4.6178
6.03006 -3.18558
10.0317 -7.85179
4.56598 -4.83571
6.61235 1.16817
9.50976 -7.53871
6.04446 0.561519
6.73197 0.503659
9.06008 -8.79143
5.49464 -5.61045
7.32351 2.19873
6.72605 -10.2491
6.45034 -2.26829
6.70906 -4.3588
8.88165 -8.93744
10.3574 -0.77604
8.17393 -8.73801
3.73491 -5.34255
4.19084 -5.09018
11.3069 -2.28729
9.90249 -0.391727
6.76765 0.142832
4.0742 -1.09487
7.56575 -2.68345
11.5847 -5.31247
4.20144 -0.246739
6.69993 -1.30111
11.1583 -1.89461
6.7155 0.623953
7.93116 -0.359152
8.35798 0.480178
4.33737 -4.99625
5.13729 1.48626
9.927 -7.07596
5.52173 -10.1122
7.92843 -0.290045
6.07977 2.66303
6.05685 -3.13834
7.24892 -1.27035
9.78418 -8.11776
4.75934 -4.68531
9.956 -0.430339
6.33727 -2.56206
5.30742 0.714893
10.4473 -6.31054
6.70947 0.664279
11.406 -2.76006
11.0265 -6.4979
11.455 -5.64786
7.3069 0.884579
8.00293 0.628396
11.8593 -3.64212
6.72403 0.563786
7.81034 -1.84602
7.62449 0.143366
5.79712 -5.36088
6.73386 -4.32462
9.20336 -7.85768
7.93038 -0.336372
9.23508 -8.64113
9.8065 -8.09509
3.78136 -5.31941
7.52815 -2.83914
7.86908 -8.95253
7.79119 -9.00469
6.49238 -2.14478
5.21267 -5.81753
4.29379 -5.02489
6.53649 -9.70679
6.53172 -2.0199
9.89919 -7.08334
5.87952 -3.43275
7.91915 -0.127955
5.68548 -3.71342
9.74231 -0.276106
11.4345 -3.13573
9.47862 -8.4193
6.03174 2.76033
6.1172 2.58468
10.1406 -7.72787
8.59438 -9.1583
6.76229 -0.80322
6.12773 -5.04526
4.2894 -6.34806
7.5047 1.76124
5.98012 -5.19126
7.53555 -2.81815
7.15197 -3.66089
10.744 -6.94322
11.7349 -4.81396
6.61589 -1.71081
4.77926 -6.09232
6.67171 0.885991
4.59998 -6.19222
7.92065 -0.173675
7.88043 0.676549
11.3895 -3.89041
6.01204 2.79925
9.05711 0.141805
11.4579 -2.25029
11.2153 -4.65578
7.75597 0.724043
8.12342 0.579596
11.1675 -4.80547
8.40143 -8.56447
4.14999 -0.73712
5.25046 -4.23096
5.02439 -4.4543
4.03902 -1.21817
6.78052 -0.116287
10.6253 -6.01175
9.13607 -7.92364
10.0727 -6.85806
6.74745 -0.957943
11.8183 -3.23093
10.5332 -7.23896
7.4134 1.99197
3.88924 -5.2635
11.6232 -2.57533
7.69415 1.17947
6.68404 -4.39279
8.40768 -9.29308
8.20209 -0.0461602
5.97191 2.87689
9.48809 -7.56257
11.3335 -2.05622
11.1084 -6.35534
4.71859 -4.71818
7.0817 -10.0814
6.76904 0.122517
6.74312 -0.996407
11.6465 -5.12752
6.36443 -10.403
11.1629 -1.83229
11.7188 -4.87703
11.1564 -6.26832
7.89872 0.104892
11.7769 -3.03375
7.93366 -0.451577
6.74955 -0.938382
11.0603 -5.10119
5.50968 -3.93866
3.95662 -1.45849
6.54292 -4.57608
7.77595 0.852312
8.24492 -9.40531
7.76826 -2.04124
6.47474 -2.19774
6.91247 -4.06316
7.29518 2.26648
6.98422 -9.48413
4.03218 -1.24041
6.21562 2.36719
7.83896 -1.69277
11.3407 -2.43449
9.11054 -8.74883
9.94867 -0.839356
8.62041 -9.13903
4.1217 -6.42366
5.81241 -5.34599
6.47684 -4.65732
10.2203 -6.65339
11.137 -4.89453
6.51524 -2.07344
5.67464 -3.72804
9.43964 -0.078103
9.10774 0.11435
6.66399 0.926382
10.0093 -7.87673
4.14517 -0.772885
6.78233 -0.195769
6.06068 2.70212
6.59301 1.24893
4.7141 0.831337
10.4737 -7.31778
11.7511 -2.93565
7.64673 1.34276
7.24866 2.35858
7.60702 -9.12369
5.22934 -5.80594
9.67537 -0.680621
7.47294 -2.98048
7.17238 -3.62324
3.98074 -1.39377
11.1294 -1.83112
7.24175 -3.49047
11.052 -1.70524
10.0913 -6.83301
6.08346 -3.09029
11.2331 -6.12316
6.57791 1.30919
10.7749 -5.73395
5.00691 -5.9543
11.2988 -4.35212
4.08017 -1.07222
4.1592 -6.40725
7.67442 1.24929
8.74693 0.300625
11.8497 -3.46026
5.88916 -5.27657
7.55534 1.62184
5.85982 -3.46303
11.8599 -4.0139
9.33368 -8.55316
6.24013 2.30921
6.09861 2.62389
6.66895 -1.47067
7.25791 -9.33338
4.84862 -6.04798
5.96571 -3.29486
7.6541 -2.46679
11.7019 -4.93993
5.05903 -5.92062
8.80605 -8.99475
5.40126 -10.1635
4.0841 -6.43982
11.3813 -2.62681
4.30766 -6.33947
7.81695 -8.98756
11.6563 -5.09592
10.1287 -6.78193
8.78876 -8.24358
5.2991 -4.1793
4.04899 -1.18487
6.78315 -0.294558
5.02446 -5.94293
11.4355 -3.16797
7.7916 0.78158
7.88536 0.221263
11.1443 -1.86332
10.1658 -6.73057
11.4301 -3.04084
9.81959 -7.18173
6.2936 -2.66387
6.28104 2.21031
4.02173 -1.27347
7.62514 1.41247
7.54297 -2.798
8.85579 0.24637
6.52996 -4.59223
11.7906 -4.5609
4.93329 -4.53717
6.55301 -1.94779
7.53882 1.66835
11.4101 -2.81832
5.46194 -5.63572
8.21799 -9.42342
5.0662 -4.41278
6.27862 -2.69755
4.58024 -4.8251
3.96084 -1.44764
11.0811 -1.73738
7.66002 -9.09006
8.38169 -9.31011
4.17644 -0.560167
7.85373 -1.60446
7.96599 -0.398655
11.1872 -4.74556
8.40756 -0.120012
8.00001 -8.84763
6.78241 -0.393048
4.17047 -0.607859
4.6911 -4.74
6.66716 0.907819
4.11305 -0.935308
6.68982 0.785338
6.01188 -3.21705
8.92871 -0.325752
5.43322 -10.1416
8.48784 -9.23602
7.71934 1.08585
6.64155 -1.60042
7.92881 -0.864025
6.38215 -4.76909
6.72131 -4.342
7.38912 -3.17955
8.79955 0.274748
7.24667 0.254976
11.2641 -1.96022
6.56832 -1.89369
5.81643 -10.0078
8.98976 -0.351809
6.48062 -2.18028
9.83002 -8.07007
10.9785 -1.54715
7.42282 1.96923
9.77957 -0.737544
11.8232 -4.36877
11.394 -3.85879
6.19984 -4.97031
11.4173 -2.88209
4.78655 -4.66295
7.68605 -9.07336
7.8782 -1.47491
10.72 -1.17326
4.49545 -4.88715
11.3627 -2.53146
6.45056 -9.74634
7.24188 0.906536
10.1489 -6.753
9.64469 -8.25883
4.9549 -5.98687
5.11039 -5.88688
3.90085 -1.59611
7.86066 -1.56016
5.90375 -9.97484
9.25315 0.0328198
6.76384 -0.784087
6.45802 0.462283
11.4258 -2.97719
6.07833 -9.90607
6.90018 -9.52822
6.3357 2.07125
7.46495 -3.00033
9.77926 -7.23048
10.089 -0.537964
6.32036 2.11112
3.84328 -5.2877
6.77874 -0.530495
6.46889 -2.21308
7.21799 -10.0192
5.88145 -5.21598
8.6695 -8.34624
10.1839 -6.70516
11.8322 -4.30445
6.49418 -4.64755
4.48272 -4.90897
6.26344 -2.7311
6.75895 -0.842005
4.13669 -0.819683
11.7967 -4.5285
11.6842 -5.00265
6.40563 -2.39037
7.9981 -8.86363
9.95767 -7.00914
11.4099 -3.74442
10.9201 -5.4222
4.81357 -4.64047
5.59367 -10.6789
9.29246 -7.76819
10.2611 -0.686294
6.61934 0.422358
5.37977 -5.69773
10.8792 -1.39071
4.17204 -0.595779
11.1709 -1.9238
6.09848 -5.07496
8.8126 -8.22271
5.18897 -4.29436
7.84649 -1.64866
6.63316 -1.62773
3.99983 -1.33944
7.43183 -3.08048
4.20073 -0.258674
9.62294 -0.652773
5.22268 0.731649
8.54194 -0.170395
3.91399 -6.50947
7.8825 -1.40469
4.68012 1.58069
8.29938 0.50558
7.44678 -9.22245
10.8997 -1.54833
11.5511 -5.4052
11.4337 -3.42032
11.4421 -5.67747
10.9204 -1.45336
6.59503 -4.51001
9.50298 -8.39625
6.81879 -4.20378
10.4926 -7.29487
4.58216 -6.20175
5.73808 -3.64098
6.33002 -2.57936
10.3622 -6.44352
7.28015 -3.41354
11.7106 -2.80429
9.67724 -7.35068
8.47426 -0.144285
10.5725 -7.18577
7.39975 0.210819
6.70494 -4.38757
4.20349 -0.173199
6.35326 1.17918
11.3465 -4.13752
6.74091 -1.01539
7.59368 -2.65417
5.53102 -10.6984
7.77813 -1.99798
7.93467 -0.520422
9.40179 -7.65489
6.36552 -9.78442
10.8675 -1.51732
7.90791 0.0116517
10.4787 -0.89728
4.10789 -0.958332
6.297 2.17055
11.2466 -2.11691
7.61762 1.43614
5.11371 -4.3692
4.35212 -4.98642
7.31578 -9.9617
5.61094 -10.0817
6.56908 -4.54314
10.5776 -6.09485
7.58674 -2.67457
7.92287 -0.977519
6.39556 -4.75332
10.8171 -5.65025
7.90584 0.0345773
6.42903 1.81152
7.4871 1.80762
6.78261 -0.215312
4.86748 -6.04032
7.83655 0.548081
9.18533 -8.6846
7.55381 -9.15696
6.15086 -10.4864
6.75845 -4.29026
6.31311 -4.84735
4.5521 -4.84597
4.18184 -0.51229
7.86396 -1.53829
10.9256 -5.42097
6.76133 -9.59857
11.4367 -3.26263
4.07716 -1.08372
10.9973 -1.57909
6.17284 -2.92837
6.42524 -10.3783
4.03361 -5.18672
8.4342 -9.27434
7.60762 -2.6127
6.77852 -0.553623
6.77316 -0.647994
8.94463 -8.10695
7.10873 0.950567
8.83587 -8.20214
6.93435 -10.1529
5.17871 -5.84087
10.331 -7.49958
3.81237 -5.30365
7.90062 -1.24813
6.8549 -1.2747
4.85558 -4.60385
11.7688 -3.00136
4.4364 -6.27698
6.04135 2.74114
9.04489 -8.01089
8.52762 0.404274
4.12048 -0.900831
7.69134 -2.34021
5.27975 -5.77075
7.10008 -3.75399
6.9908 -3.93656
11.3641 -4.04523
6.2833 1.19877
11.3347 -5.91715
6.73493 -0.998664
7.35417 2.13017
7.52194 1.71481
6.73622 -1.05378
8.99885 -8.05404
3.89625 -1.60675
7.91124 -1.13577
7.78122 0.828537
6.9354 -4.0274
6.78313 -0.314049
11.01 -6.52588
11.4362 -3.32595
8.35367 -9.33086
6.78304 -0.334107
5.33498 -4.14028
11.5398 -5.43534
3.92013 -1.55576
5.35407 1.43608
9.57418 -8.32792
10.2472 -7.60199
6.77489 0.0705109
5.14067 0.747529
6.62898 -1.65573
7.93333 -0.72687
6.77685 -0.016997
5.63961 -5.49418
7.34414 2.15282
3.85847 -5.27976
8.64727 -9.1189
6.84262 -4.16876
6.44998 -4.68957
11.3077 -2.30835
5.8199 -3.52302
6.49344 1.13926
7.3444 -9.94653
11.1158 -4.95396
7.9486 0.649365
11.4323 -3.45191
5.27486 -4.20522
9.15632 0.087562
6.75983 0.242708
6.26482 2.25002
4.84954 1.54982
4.17552 -0.54711
10.2921 -6.549
7.74498 -9.72158
7.87956 -1.42734
6.76623 0.162557
4.15499 -0.714281
7.10967 -9.41276
9.57311 -7.46901
7.22219 -3.52869
11.829 -3.29663
5.88663 0.594307
4.18052 -0.52445
7.22643 2.40418
9.25948 -8.61958
4.52384 -4.86666
6.1423 1.23732
6.67268 -1.45122
6.91926 1.00996
8.07533 -8.80891
11.7845 -4.59232
11.1404 -6.29767
10.4638 -6.28405
7.63316 -9.10716
4.19281 -0.39218
4.06186 -1.14
5.05014 -4.43016
6.02478 -5.14809
6.16471 -9.87061
4.95955 -4.51367
4.34465 -6.32187
6.53758 0.44277
6.60281 1.20855
11.5265 -5.12427
4.09719 -1.00421
4.11806 -0.912225
4.97235 -4.50215
11.1718 -6.23976
6.22844 -4.93988
8.15134 -8.75389
10.8141 -1.29751
7.91391 -9.61931
7.85591 0.431365
8.22683 -8.6981
10.9598 -1.51615
5.63714 0.647813
7.93488 -0.612473
10.1613 -7.70469
9.40649 -8.48661
4.10419 -1.03564
7.88247 0.244284
11.0132 -5.21839
11.05 -1.67328
6.77276 0.062845
4.45498 -6.26761
7.83011 -9.6706
8.20197 -8.7166
6.74172 0.423167
11.3849 -3.92108
6.70926 -1.24401
6.3656 1.99141
11.862 -3.62359
8.29942 -9.36827
9.89781 -7.99828
7.46016 1.87676
5.85699 1.31248
8.95832 -8.87557
6.14338 -2.97774
4.26446 -5.04383
6.66525 -1.48866
4.27038 -6.35601
10.4332 -6.33049
6.03677 -3.17775
5.60762 -5.52045
6.43156 -2.32064
6.90509 -10.1668
6.77426 -0.628162
4.80811 0.809647
8.76517 -8.26422
11.5126 -2.34732
11.4193 -3.64025
8.05276 -9.5318
11.1576 -4.83491
10.1202 -0.940322
10.5455 -1.24015
11.5468 -2.41248
4.90265 -6.01905
6.24818 -2.76384
5.37436 -10.7452
9.45882 -0.568564
3.75026 -5.33496
4.00861 -6.47143
7.7633 -9.02345
11.1398 -1.80526
9.33655 -7.72297
10.1937 -0.626547
7.90348 0.0582563
6.50768 -9.72015
7.63181 1.32616
8.69216 0.327133
11.8602 -3.59132
5.89903 -3.40232
8.47569 -8.50568
4.19962 -0.283066
5.47529 -3.97997
10.6114 -7.1323
10.3094 -6.52329
8.35293 0.493897
4.20545 -5.08111
6.72092 0.584653
5.16143 -5.85263
5.98437 -3.26376
6.34426 -2.54523
6.37281 1.97171
7.92146 -0.999899
6.46199 1.71145
10.3514 -7.47409
11.4017 -2.75451
11.8528 -3.49257
5.22496 -10.207
8.82994 -8.97845
5.14462 -5.86399
6.38725 1.93172
7.75992 0.922257
4.41015 -4.94679
10.6094 -6.03967
4.23501 -5.06257
5.12653 -4.35666
6.62078 -4.47669
4.07127 -5.162
6.64361 1.02708
7.57242 -2.71585
11.6878 -2.73866
6.08938 -10.5094
9.63003 -7.41721
7.03569 -3.86464
10.9514 -5.36325
6.50547 1.57096
4.19661 -6.3906
9.2881 -0.486152
9.63571 -7.39838
10.1597 -0.597229
5.32318 -4.1532
9.52656 -8.37378
6.18883 2.42784
11.7714 -4.65598
8.25236 -8.67897
4.70551 1.58057
9.35778 -8.53128
10.4662 -1.17937
11.037 -5.1599
11.2393 -1.92769
6.76062 -0.822907
5.68705 -5.45454
6.02028 -9.92936
6.5458 1.43023
4.0681 -1.11747
3.99591 -5.20514
11.3165 -2.33981
7.77369 -9.7045
6.78424 -0.241649
11.3772 -2.12075
7.55054 -2.77721
7.37427 2.08417
6.30837 -2.63006
6.7647 0.182876
7.9342 -0.681022
4.66348 -4.76164
4.88482 -6.02987
7.61023 1.45913
11.1087 -1.76865
7.06665 -9.43993
10.3723 -7.44791
11.8133 -4.43296
10.4133 -7.39593
4.08306 -1.06103
7.7424 -2.14858
9.43019 -8.46487
8.02411 -8.84533
6.63339 -4.4602
11.4356 -3.35712
9.3466 -0.513961
7.4528 1.89913
6.75794 0.263
6.77845 -0.0565839
5.75006 -5.40071
6.5035 -4.62488
11.1247 -6.32611
9.85957 -7.13268
8.63841 0.352736
10.3792 -6.41737
7.17055 0.276423
7.41489 -3.12034
5.46826 -10.7175
11.0742 -6.42437
10.6688 -7.05179
4.02876 -1.25134
10.0972 -7.77782
5.46276 -3.9859
7.73873 -9.0392
4.10531 -0.969654
11.3061 -4.32197
7.44988 -3.01433
3.67234 -5.37285
5.2012 -4.28192
7.67921 -2.38253
5.75887 -3.61164
7.92779 -0.886492
11.8278 -4.3371
6.27387 2.21458
6.21214 1.21833
7.40644 -3.13992
7.48899 -2.94012
7.91993 -1.02292
7.77238 0.0971633
9.84039 -7.15576
7.91837 -1.04527
6.72878 -1.11094
6.87779 -4.11615
5.41285 -5.67302
7.95037 -0.759408
7.93474 -0.635113
4.15868 -0.690681
9.09063 -7.96743
10.2893 -7.55094
6.20878 -2.84724
6.56746 1.34955
6.78068 -0.471836
6.171 -5.00045
10.8582 -1.3599
6.55622 -4.55939
4.00726 -1.31752
7.918 0.0501647
4.18777 -0.452368
6.746 -4.30772
9.9428 -7.94977
7.69979 0.120027
5.6426 1.36649
4.19694 -0.331735
7.83114 -1.73677
7.93442 -0.497712
7.13133 -3.69836
7.74766 -2.12743
6.51734 1.53069
7.20239 -3.56674
6.53458 1.47054
4.19089 -0.416357
5.22591 -4.25653
6.34373 2.05043
10.5923 -7.15868
6.62162 1.12777
11.7849 -3.06706
10.8341 -1.48587
9.24808 0.0407568
11.609 -2.54304
6.11969 -10.4981
10.9766 -5.3053
6.77713 -0.569721
6.37212 -2.4766
10.8452 -5.59279
11.3485 -5.88787
5.07575 -4.40584
7.55782 -2.75699
6.65745 -9.64758
7.31223 -9.30206
10.9627 -1.61107
5.39145 -5.67427
4.16732 -0.631664
6.65372 -1.54438
6.16247 2.48669
6.40951 -4.73733
6.75439 0.302606
4.02622 -5.18798
4.07083 -1.10613
5.57669 -3.85569
6.75042 0.342767
4.32302 -5.00575
11.4186 -2.18544
8.72573 -9.05941
6.27281 -4.89738
7.7314 1.03903
6.69332 0.764814
4.20213 -0.222197
6.77493 0.022905
5.78957 -3.56755
5.57546 -5.5465
6.29542 -2.67823
5.08832 -4.39379
7.93404 -0.543375
3.90528 -1.58577
4.01796 -1.28455
11.6367 -5.15817
6.52072 -2.05591
7.88528 -1.38267
7.05267 -10.0958
5.25576 -10.1974
5.90413 -10.576
9.23057 -0.459294
9.98745 -7.90094
11.3921 -2.69067
6.50392 -2.10917
7.7431 0.992193
10.389 -0.80669
9.73859 -7.27893
4.12529 -0.877663
5.47855 -5.62293
4.11654 -5.13531
6.32817 2.0909
4.5095 -6.23982
11.594 -2.50993
10.2047 -7.65273
6.25588 -2.74758
6.10936 -3.0424
6.18466 -2.89637
9.29987 -7.76649
6.51657 -4.60882
4.02521 -1.26257
8.27054 -0.0703539
6.57341 -1.87525
11.2888 -2.2445
4.14019 -6.41562
9.69754 -7.32712
9.57257 -0.162082
11.7779 -4.62463
5.04151 -5.93197
11.4246 -3.57741
5.75776 -10.0294
6.78167 -0.432469
7.88807 -1.35997
5.54338 -5.57281
11.866 -3.75435
11.6657 -5.06519
4.19835 -0.30742
6.07019 1.25669
6.46265 -2.23307
4.00361 -1.32833
6.77944 -0.511151
11.2685 -2.18069
8.19016 -9.44203
11.0925 -6.38364
9.00934 -8.83367
6.26951 -10.4424
9.38033 -7.67744
9.1353 -8.72771
8.93308 -8.89608
8.18201 0.55532
11.0597 -6.4409
6.77033 0.102821
11.2233 -2.05319
6.6364 -10.2888
11.4765 -2.28228
4.38154 -6.30402
11.4231 -2.94498
7.9207 -0.15085
6.98062 -3.95538
3.9199 -5.24704
7.8189 -1.80227
7.85972 0.407566
4.02779 -6.46351
11.853 -4.11164
4.12294 -0.889085
7.89581 -1.29306
5.35883 -4.11393
7.89098 0.174558
10.6958 -1.14303
9.4451 -7.60888
11.7574 -4.71948
4.25225 -6.36531
7.37154 -3.21903
10.4969 -6.23011
5.66407 -3.7422
6.85428 -4.15144
10.9638 -5.33472
11.2835 -4.4132
4.56334 -6.20991
7.14869 -9.39492
11.8502 -4.14354
6.40381 -2.43906
11.3338 -4.19916
11.3266 -4.23533
11.2579 -2.14934
6.67743 -9.63979
6.87492 -10.181
6.25673 2.26957
6.13222 0.539244
5.64002 -10.0716
6.27306 2.22991
8.62125 -8.38675
6.09206 -3.07452
4.473 -6.2585
5.24816 -10.781
7.51765 -9.85217
10.7015 -5.87361
7.59496 1.50576
7.7032 -2.29777
6.48096 1.65144
11.5736 -5.34371
4.17921 -0.536251
9.85248 -8.04646
4.19901 -0.295069
7.42028 -9.23836
7.65656 -2.33801
7.4601 -9.884
6.42506 -2.33843
3.93162 -1.52235
8.90702 -8.91711
6.20619 2.38835
11.3749 -3.98322
4.05874 -1.15108
6.52895 1.4904
5.12514 -5.86979
11.76 -2.96802
6.02777 -10.532
7.39295 -9.25465
8.2771 -8.6603
7.32662 -3.31677
6.76316 0.202617
5.84528 -9.99702
11.3692 -2.56294
4.0487 -1.21201
6.45577 1.73093
4.18894 -0.440547
6.00285 -3.2325
4.42416 -4.93739
7.17646 -9.37946
4.70791 -6.13299
8.2726 -9.38656
10.976 -6.58248
9.03427 -8.8131
5.9935 -3.24838
5.31098 -4.16646
5.7346 -5.41406
11.0152 -1.61015
4.14922 -0.749414
5.9949 -5.17706
6.71796 -1.18726
5.94685 -3.32582
5.64519 -5.45887
10.8965 -1.41671
11.8646 -3.68901
3.64092 -5.38769
5.90857 -3.38728
7.55589 -9.14835
8.97608 -8.07516
5.52718 -5.58496
7.79233 -1.9332
9.53077 -7.51594
11.422 -3.6093
5.44084 -4.02054
3.98778 -1.38573
6.74535 -0.976921
11.1348 -5.31813
10.2564 -6.60133
6.29564 0.501217
5.04497 -10.2596
8.90462 0.221812
10.6499 -7.07852
6.36533 -2.49272
9.83131 -0.766638
6.75625 0.282828
6.72613 -1.13033
7.2705 -3.43311
10.5136 -7.26505
6.73129 -1.09209
11.2112 -2.02181
11.7425 -4.78282
5.7493 -10.6287
11.2875 -1.99186
11.3401 -4.16882
7.36278 -3.23843
6.64968 -1.56327
4.13127 -5.12648
7.7962 0.758584
11.1472 -4.86519
7.7581 -2.08439
8.86504 -0.299028
11.8659 -3.85174
8.85975 -8.18088
10.7657 -1.42371
6.58803 -1.82084
4.40872 -6.32922
7.12165 -9.40988
7.92361 -0.197291
7.66057 -2.44546
7.85718 -1.58264
6.9936 -10.1245
6.78106 -0.135881
8.46145 -9.25495
8.77797 -9.01911
6.47966 -9.73304
8.06127 0.00238497
6.66603 -10.2758
5.40538 -10.7361
7.68772 1.20252
7.01472 0.319313
6.5372 -2.00165
5.49845 1.40169
4.36642 -4.97683
7.5667 0.793684
7.39402 2.0381
7.07885 -3.79104
6.81532 -10.2086
11.4361 -3.19922
7.63967 1.36578
7.1405 -10.0521
4.09446 -1.01546
7.80148 -1.88966
10.384 -1.11898
4.14099 -0.796302
9.60498 -8.28741
6.71219 -1.2253
10.6299 -1.30941
10.299 -1.059
4.63608 -6.17272
10.1241 -0.56712
11.0332 -1.6423
9.09131 -0.406813
11.7317 -2.86995
5.88783 -3.42168
7.73153 -2.19145
6.65198 0.986679
6.19267 -2.88021
4.91993 -6.00849
9.97903 -0.852933
7.93258 -0.40539
11.2027 -6.18158
3.95202 -6.49439
10.8007 -1.45521
4.59405 -4.81474
5.40603 -4.06071
10.5361 -0.958296
7.81698 -1.82614
6.75737 -0.863323
10.8315 -5.6208
5.56573 -3.86948
7.37317 0.861909
5.19546 -5.8294
6.94695 -4.0092
10.9066 -6.69486
8.10048 -8.79083
6.30346 -10.4274
6.92412 -4.04503
4.80027 -4.65157
4.11495 -0.92355
9.22607 -7.8351
7.73721 1.01595
3.98995 -6.47907
7.39784 -3.16019
4.19768 -0.319405
5.5918 -5.53331
7.5004 -9.18988
10.4807 -6.25672
6.83056 -4.18655
4.13888 -0.80782
7.92619 -0.24369
6.12647 -3.01014
6.63068 1.08729
5.99066 -9.9411
5.85005 -3.47789
8.24182 0.530163
6.76955 -0.706252
8.42642 -8.54484
11.4318 -3.07218
5.84211 -10.5974
5.8585 -5.30458
5.59879 -3.82756
10.8591 -5.56388
11.4388 -3.25026
5.29667 -5.75833
6.69017 -1.35751
7.28625 -9.97723
7.84663 0.0733666
4.20289 -0.197715
4.10133 -5.14434
7.85782 -9.65376
4.05549 -1.16246
7.93494 -0.566476
7.96978 -9.58448
7.18234 -3.60463
6.37578 0.482148
11.3203 -4.26065
3.87409 -5.27154
6.49334 1.61121
7.52029 -2.85895
7.70116 1.15557
7.90118 0.0812289
6.77924 -0.0764853
6.18109 -10.4749
6.64571 -1.58159
10.3926 -7.42234
3.98094 -5.21352
3.68788 -5.36538
9.35814 -7.7006
11.4675 -5.61804
10.0534 -7.82746
3.99612 -1.35021
9.978 -7.88809
11.403 -5.76832
7.64774 -2.48747
4.74596 -4.69616
10.5939 -6.06672
11.1263 -4.92465
5.71864 -5.42775
10.1666 -0.970258
3.95047 -5.23038
4.49153 -6.24905
7.8484 0.478179
9.18122 -7.87953
5.7031 -5.44099
7.79701 -1.91112
7.87044 -1.49385
6.19767 2.40781
6.79475 -4.23861
5.55182 -10.102
6.50798 1.55746
7.93408 -0.474314
11.8456 -4.16881
8.54877 -8.44658
5.3891 0.698715
4.05643 -5.17062
6.75241 0.322977
9.66848 -8.2352
4.14313 -0.784429
7.34482 -3.27768
8.88288 -8.16015
7.81946 0.641776
5.64965 -3.74298
5.97498 -3.27938
4.74365 -6.11277
5.58792 -3.84144
9.4841 -0.105711
6.68275 0.825712
6.83804 1.03643
4.13449 -0.831156
7.70692 1.13267
5.71711 -3.67016
5.72668 -3.65777
11.6505 -2.64081
6.71248 0.644409
5.13894 -4.34444
11.8024 -4.497
5.91836 -3.37174
6.72078 -1.16935
6.95611 -9.49897
4.19082 -0.353709
6.48661 -2.16229
6.48727 1.63104
6.60755 -4.49334
7.81503 0.664861
6.85719 0.361342
4.10634 -6.44974
9.91859 -7.05892
8.32712 -8.62215
11.4061 -3.76558
3.70367 -5.3578
6.41536 1.85162
11.2147 -1.89615
6.73942 0.442964
5.82766 -5.33238
7.92221 -1.11882
7.91496 -1.09056
11.8338 -3.32899
6.69677 -1.31976
10.0757 -7.80232
6.05821 -10.5208
8.04937 -8.82743
7.89625 0.127879
6.16825 -2.92912
10.0348 -6.90871
6.73454 0.483233
6.06585 -3.1222
3.8276 -5.29582
3.95263 -1.46912
8.34038 -0.0954537
11.7103 -4.90906
4.16223 -0.667029
6.51572 -10.3406
7.66679 -2.42472
4.64234 0.839292
5.96602 -10.5542
6.55147 1.4096
6.10687 -9.89445
5.55535 0.664844
6.24235 -10.4513
6.39235 -2.42505
7.49607 1.78409
7.72533 1.06279
5.05623 0.763643
8.80255 -0.273268
4.22046 -5.07173
5.76905 -3.59713
6.65601 0.966776
7.48891 -9.86782
8.3769 -8.58367
10.4496 -0.867303
7.01377 -3.90117
11.8556 -3.52582
5.28473 -10.1887
4.12996 -0.854438
7.61458 -2.59161
5.39412 -4.07427
6.45514 -10.3659
5.33012 -5.73419
9.20569 0.0598896
6.25076 -9.83432
6.59634 1.23211
4.67205 -6.15297
9.62149 -8.28173
9.28452 -8.59732
7.63464 -2.52934
10.781 -6.88843
7.25138 -3.47166
6.18019 2.44728
11.4269 -3.54641
6.7777 -0.0366419
10.7066 -6.99771
5.4869 -3.96612
7.48112 -2.96003
6.52633 -2.0376
4.99386 1.51827
6.084 -5.08952
7.71478 -2.2552
10.8536 -6.778
9.6177 -0.191723
7.36434 2.10686
6.66009 0.946285
6.40113 1.8844
9.9964 -6.95907
10.2556 -1.02924
7.87941 0.267992
6.80622 -4.22095
7.86307 0.384566
4.98567 -4.48999
11.4293 -5.7082
7.92733 -0.266533
6.44896 1.75162
11.0247 -5.19089
7.28118 2.29037
5.72125 0.630038
4.09995 -0.992589
11.6265 -5.18767
9.65863 -0.218885
7.43243 1.94579
7.86988 0.337785
11.2911 -4.38313
10.0535 -6.8838
6.62027 -1.69265
6.78265 -0.373463
6.78196 -0.175619
6.21687 -2.83047
11.2675 -4.47411
6.77048 -4.27326
3.93515 -5.2387
4.0464 -6.45575
10.3261 -0.746346
6.61695 1.14827
7.74316 0.94932
11.8556 -4.07878
4.45285 -4.91738
7.44852 -3.04048
4.46694 -4.90745
7.90721 -1.18091
10.8993 -5.47847
7.92098 -8.91715
6.9067 -4.11992
10.688 -7.02446
11.1855 -1.95817
6.32292 -2.59613
8.5684 -8.4319
7.97266 -8.88142
10.0743 -0.911362
11.3982 -3.82806
5.81026 1.32191
7.82717 -1.75842
6.76682 -0.745202
4.88034 -4.58362
6.43567 1.79176
10.7978 -6.86729
6.27993 -9.8218
5.10122 -4.38134
5.44578 -5.64809
5.93459 -5.23432
3.99227 -1.36129
5.34655 -5.72221
7.91669 -1.06826
7.898 -1.27081
6.69248 -1.3201
6.63499 1.06747
5.52084 -3.92507
11.858 -3.55811
6.64632 -4.44318
7.73813 -2.17126
7.94224 -9.6011
6.78155 -0.156047
7.19911 -10.0223
5.49258 -10.122
11.3898 -5.79785
9.02225 -8.03218
11.8663 -3.78652
9.8236 -0.333732
6.22468 -2.81416
9.55167 -7.49286
10.6587 -1.33154
7.30816 -3.35571
4.18433 -0.488283
6.24834 2.28969
9.94052 -0.420469
11.1158 -4.92935
6.20087 -2.86349
10.5532 -7.21201
5.58097 -10.0921
6.57614 -10.3149
5.56194 -10.6888
7.84999 -1.62682
5.91966 -5.24835
6.44419 -2.2856
11.2246 -4.62517
7.00288 -3.91911
7.43765 0.839482
5.96208 -9.95229
6.12627 2.56534
7.49703 -2.91958
4.04573 -1.19587
7.8907 -1.33791
11.094 -5.01318
9.21416 -8.65444
7.69395 0.747197
9.34759 -0.0224067
10.7606 -5.76167
4.1026 -0.981297
7.82302 -1.78068
5.80991 -3.53782
6.81731 -9.57051
7.25948 2.33608
11.8662 -3.81961
10.6699 -1.11144
10.0159 -0.479039
5.65316 -3.75669
6.92876 -9.51328
3.59386 -5.40947
7.51345 1.7377
6.65758 -1.52601
5.1051 -10.2424
11.4132 -3.70297
7.30252 2.24458
4.15312 -0.72589
8.64576 -8.36623
4.622 -4.79358
3.91418 -1.5647
11.2353 -2.08551
7.91199 -0.0349198
7.1604 -3.64053
11.2178 -6.1523
3.89175 -1.61706
11.764 -4.68432
7.78625 0.805449
6.04041 -5.1355
3.96892 -1.42608
9.71842 -7.30268
6.28508 -4.8784
11.6759 -2.70635
11.806 -3.16521
11.387 -2.65925
11.5789 -2.47774
6.35077 2.03135
11.3487 -2.46757
5.62073 -3.79927
6.77079 -0.686964
7.33821 -9.28709
5.37026 -4.10138
6.11791 -3.02618
7.66023 -9.77118
11.4333 -3.10443
5.78668 -10.0188
6.68637 0.805228
8.71747 -8.30539
7.90287 -1.22597
3.97064 -6.48644
5.69597 -3.69918
7.27053 2.3129
7.74875 0.969109
5.42522 1.41924
3.71907 -5.35031
11.5626 -5.37401
11.7879 -3.1038
6.1078 2.60458
11.4347 -3.38919
10.8892 -6.72237
6.77527 -0.608888
3.7926 -5.3152
7.93064 -0.818373
6.54248 -1.9839
7.11045 -3.73567
6.27116 -2.7141
6.61133 -1.72948
6.77591 0.0032413
4.30819 -5.0155
10.562 -6.12144
8.10807 -9.49604
4.19458 -0.367961
7.575 -9.81996
7.60319 -9.80395
11.8579 -4.04683
6.56332 -1.91157
6.3546 -4.80064
4.1899 -0.428253
11.8437 -4.20819
10.3273 -6.4964
4.47712 0.867996
7.31393 -3.33313
7.40235 -9.91545
7.99722 -9.56718
7.69719 -2.31929
8.73749 -0.246912
8.92962 -8.11782
10.4249 -1.14868
5.55957 -5.55925
3.96549 -5.2221
6.58809 1.26883
6.84558 -10.1946
6.70517 -9.62627
7.48499 1.70504
6.07455 -3.1065
11.8617 -3.9819
6.7801 -0.491211
5.41756 -4.04749
7.63236 1.38947
11.5953 -5.28207
8.6999 -9.07913
11.5628 -2.44462
7.60079 -2.63315
4.16564 -0.643328
9.4238 -7.63159
6.43667 -4.70538
11.3626 -5.85762
9.71514 -8.18833
5.92781 -3.35662
5.38251 -4.0874
10.8712 -6.75063
6.87313 -9.54208
9.88079 -0.794987
6.24038 -2.78094
9.52928 -0.134255
11.2062 -4.68546
6.60585 -10.3021
10.4191 -0.836524
7.90511 -1.20312
11.4965 -2.31758
11.1962 -4.71851
6.72349 -1.14914
11.4204 -2.91349
4.20171 -0.234245
3.96483 -1.43703
6.70314 -1.28193
8.54124 -9.19734
6.42267 -9.75891
4.79676 -6.08216
4.39535 -4.9572
6.43781 -2.30339
10.6406 -5.98457
4.86721 -4.59495
9.72861 -0.709433
6.71838 0.60409
3.57782 -5.41678
7.92549 -0.932041
6.83483 -3.3422
5.78132 -5.37346
11.3761 -5.8282
11.2754 -4.44401
6.37885 -2.45961
6.19779 -9.85582
10.8354 -6.80613
7.84458 0.501248
5.31414 -10.1796
6.29892 -4.86313
8.16314 -9.45992
10.7311 -1.39321
4.77318 -4.67396
4.20253 -0.209781
6.54564 -10.3279
5.20955 1.46966
7.54593 -9.83634
3.92296 -1.54356
11.6996 -2.77195
7.36636 -9.27039
5.27841 -10.773
10.9928 -1.64209
5.74835 -3.62655
10.9888 -5.27667
6.06905 -5.10446
10.4333 -7.37021
5.01164 -4.46612
11.4922 -5.55736
4.67751 -4.75068
11.8238 -3.2633
5.17619 -4.30738
6.13551 2.54546
6.78301 -0.254959
6.47476 1.67126
9.59386 -7.44577
10.5913 -1.01956
7.5715 1.5753
6.60684 -1.74759
7.33561 -3.29753
6.31556 -2.61339
11.1145 -1.79987
9.30878 -8.57561
11.2334 -4.5954
11.4138 -2.84974
5.34239 -10.7544
4.83218 -6.06136
3.9443 -1.49053
6.7859 -10.2221
11.8425 -3.39464
4.43831 -4.92755
6.38572 -2.4421
10.8175 -6.83336
11.8363 -4.27271
6.6261 1.10787
6.70068 1.07825
6.4187 -2.35556
6.31271 2.13075
5.16508 -10.2249
6.14449 2.52604
7.08938 -3.77285
5.96788 0.576357
5.37374 -10.1608
5.28682 -4.19246
6.60215 -1.76644
7.9345 -0.658412
6.77203 -0.667238
5.71346 1.34887
11.5164 -5.49646
5.69896 -10.0507
11.6164 -5.22022
7.71707 -9.73803
7.93214 -0.772654
11.7268 -4.84598
5.64249 -3.77081
11.2478 -6.09428
9.40268 -0.541115
10.8035 -5.67749
10.9416 -6.63881
10.4985 -0.917451
9.45489 -8.4416
7.17452 0.928964
4.08883 -1.03828
7.91746 -0.10437
10.6445 -1.08106
11.4801 -5.58729
11.0831 -1.73653
4.20395 -0.14865
11.3063 -5.97644
4.97428 0.779059
6.63256 1.09858
7.81936 0.700029
6.22239 -9.84639
5.31317 -5.74647
8.5974 -8.40658
7.02296 -10.1101
9.06813 -7.98888
11.8386 -3.36294
10.0153 -6.93438
6.59755 -1.78427
7.11155 -10.0666
7.92625 -0.909374
4.08654 -5.15306
8.4146 0.455226
7.82661 0.573433
10.6713 -5.92921
11.3333 -2.40369
9.78265 -0.304448
7.42352 -3.10014
7.75299 -2.10561
4.32644 -6.33057
6.70618 -1.26326
9.87914 -7.10841
3.60941 -5.40234
5.94997 -5.21991
5.16403 -4.31949
11.4307 -3.48342
6.63746 -1.61871
9.86277 -0.362267
4.19188 -0.404096
10.2287 -0.657296
7.72038 -2.23419
8.67323 -9.09935
4.16891 -0.619578
11.0716 -5.07219
7.3537 -3.25836
8.45073 -8.52559
6.05119 2.72135
4.61831 -6.18236
6.7462 0.382955
7.05739 -3.82793
6.77053 1.05713
5.07551 -10.2509
5.77835 -10.6198
10.5056 -1.20926
11.4382 -2.21737
4.54589 -6.2209
9.75927 -7.25438
5.5695 1.38446
10.1836 -7.67761
5.67144 -5.4677
7.92978 -0.840873
4.18308 -0.500468
6.75013 -10.2416
6.73368 -9.61227
10.7313 -5.81776
7.55083 0.165832
6.58326 -1.83883
4.72555 -6.12313
5.83994 -3.49315
5.81151 -10.6078
7.12107 -3.71677
4.26493 -5.04956
6.62101 -9.66694
6.97409 0.993869
10.2263 -7.62702
6.04806 -3.15396
5.83007 -3.50793
3.93583 -1.51186
5.68695 -10.6491
10.6178 -1.04983
11.3755 -2.59534
3.92724 -1.53312
10.9928 -6.55463
5.62449 -10.6692
10.9586 -6.61082
7.87662 -1.44932
11.8644 -3.91687
7.02492 -3.88266
6.39447 1.91142
5.84333 -5.3183
5.8028 0.612548
4.1855 -0.47644
11.2508 -4.53484
7.82392 0.618009
5.73044 -10.0389
6.69809 0.402498
6.56443 -9.69373
9.73801 -8.16512
9.15869 -7.90149
5.46395 -3.99341
7.25754 -9.9922
11.8183 -4.40153
5.31131 -10.7633
7.28945 -3.39449
11.3252 -2.37221
5.87359 -10.5866
11.3525 -4.1071
6.72941 0.5235
6.65882 -4.42659
8.02543 -9.54928
6.18568 -4.98522
6.90107 -4.08068
7.66982 -9.77869
7.32094 0.234839
7.84342 -8.96983
4.01456 -1.29553
7.58009 -9.14059
10.211 -0.999441
9.08498 -8.77048
4.17353 -0.584037
8.67362 -0.221486
7.85225 0.454427
6.40143 1.89168
