20.66 4.98
27.12 22.17
7.84 19.05
8.42 16.86
14.54 17.36
26.18 34.48
20.81 18.93
5.71 4.46
17.89 8.03
18.08 26.6
16.84 26.53
4.74 26.87
29.93 20.83
19.51 13.63
8.34 19.2
14.57 6.56
26.87 6.9
19.97 7.15
4.76 18.33
7.72 10.65
25.08 17.72
27.87 8.23
6.8 20.91
21.42 5.83
17.16 9.3
25.88 31.72
18.71 4.7
10.92 32.16
22.18 16.27
5.64 7.64
19.99 16.42
18.86 17.12
8.37 24.28
6.67 27.22
4.5 8.74
19.41 8.44
4.06 7.84
20.28 25.45
17.36 19.63
27.17 38.41
18.54 7.33
7.87 12.06
10.31 17.93
21.59 22
26.97 14.45
29.98 24.67
5.72 11.1
5.37 22.1
23.24 6.52
10.53 5.24
21.38 26.96
23.55 13.64
13.65 15.1
26.21 7.76
21.03 4.2
4.54 26.09
9.4 6.49
6.68 25.73
23.31 26.7
4.63 32.24
19.56 11.62
19.44 31.46
12.84 25.29
26.57 33.57
6.79 16.25
22.18 16.72
24.01 18.1
6.74 19.01
23.1 37.81
22.17 11.04
22.97 23.07
6.59 13.89
3.61 8.79
20.01 26.48
7.62 5.33
26.18 18.61
24.36 29.36
12.42 20.88
5.93 16.37
10.6 8.79
11.81 20.93
6.24 35.43
26.7 22.24
8.94 15.31
3.75 21.37
21.92 5.75
24.2 24.28
11.04 23.36
21.88 17.68
27.86 39.11
16.66 28.06
20.09 6.59
10.21 12
5.25 15.87
15.29 20.68
6.25 17.84
7.95 21.8
16.06 8.93
26.65 18.04
27.17 4.12
