4.83049 4.52284
6.45034 3.66199
5.76869 3.24071
4.07411 5.92249
5.05042 4.26437
5.17874 4.12286
3.00545 6.59561
6.00878 4.20216
3.70678 5.59339
3.34229 5.87189
5.06494 4.24657
3.73724 6.15133
3.84993 6.07689
3.9847 5.98482
4.87526 4.47184
3.47132 5.77653
3.74251 5.56452
3.07512 6.55626
2.86871 6.19382
4.66212 4.70792
4.02257 5.32782
5.55723 3.58298
5.77351 4.46269
4.91865 5.27033
3.30505 5.89878
6.21982 3.95598
3.54447 5.72092
4.72848 5.42801
5.86599 4.36348
5.62187 4.61965
5.36624 3.86351
4.20755 5.82768
3.02258 6.09389
5.9206 4.30358
6.62107 3.42618
3.23679 5.94846
4.47235 4.90471
3.61708 5.66459
4.09199 5.26632
3.98803 5.35805
4.98108 5.21703
4.29512 5.76324
4.86064 4.48862
4.81518 4.54011
3.41909 6.35304
5.60293 4.63879
3.90126 5.43268
5.67658 3.39202
4.07384 5.28239
3.79559 5.5211
4.80026 4.55685
4.45598 4.92114
5.66015 4.58067
3.91772 6.03075
5.0074 4.31654
3.80541 6.10632
3.52959 5.73292
4.87661 5.30579
5.10735 4.19403
3.46484 6.32486
5.34814 4.88688
4.53519 5.58148
5.61731 3.48557
4.20947 5.15887
4.10799 5.25175
2.84963 6.20592
3.23616 6.463
5.37921 3.83572
5.25949 3.99836
4.38298 5.69781
3.6709 5.62209
4.75027 4.61108
3.95333 5.38811
3.17399 5.99123
3.71492 6.16592
5.40526 3.79922
5.69818 4.54152
5.51964 3.6339
3.28666 5.91196
5.10536 5.10856
3.39653 6.36684
3.48537 6.31181
6.04031 3.83478
5.06411 5.14492
4.90502 4.4375
5.73597 4.50219
5.74601 3.27867
5.19122 4.0876
6.56001 3.51249
4.68572 5.46254
6.33691 3.80985
3.30478 6.42225
5.69995 3.35432
3.77811 5.53547
2.98429 6.11916
4.42673 5.66477
3.50797 5.74882
5.52545 4.71603
6.6057 3.44812
6.11642 4.08005
2.93636 6.63403
3.45322 5.79012
5.41802 3.78119
6.48213 3.61935
5.16657 5.05392
5.43053 3.7632
5.44375 3.74453
4.67745 4.69149
3.02892 6.58243
3.11319 6.53225
5.2479 4.98004
4.52028 4.85612
6.35313 3.7891
6.2703 3.89374
4.14057 5.87538
4.76984 4.59072
3.07952 6.05579
3.81513 5.50528
6.38584 3.74687
3.35068 6.39466
6.54399 3.53375
3.24923 5.93857
5.74101 3.28998
4.89823 5.28791
3.48993 5.76249
4.22561 5.13984
3.2128 6.47673
2.94588 6.14425
4.18496 5.84355
3.83096 5.4918
5.39207 3.81775
4.48822 4.8887
5.0757 5.12526
3.78249 6.12152
5.48637 4.75438
5.49455 3.67089
3.93985 6.01564
4.93458 4.40303
6.06402 4.14127
6.18564 3.99749
4.57847 5.54769
4.1631 5.85926
2.82995 6.21832
5.46703 4.77321
5.02269 5.18107
4.6216 5.51368
4.09607 5.90699
5.8108 4.42302
4.59943 4.77425
2.93879 6.15092
5.20482 4.07002
5.66498 3.41055
5.64132 4.5999
3.21167 5.965
4.33912 5.73063
3.96261 6.00003
5.29974 3.94457
5.50693 3.65269
4.37487 5.00133
3.76021 6.13624
4.55745 5.56454
3.14402 6.51676
5.07899 4.22926
4.72408 4.64102
4.97833 4.35133
3.51053 6.29645
5.27283 3.98063
6.25371 3.91432
5.54533 4.69652
4.31746 5.74672
4.70742 5.44504
6.28598 3.87259
5.40231 4.82949
5.46926 3.70776
5.60543 3.504
4.05696 5.29742
4.63087 4.74116
4.77109 5.39327
5.32843 4.90539
5.18727 5.03526
3.13618 6.01727
5.97515 4.24272
5.38798 4.84918
4.70844 4.65804
4.11866 5.89099
3.28228 6.43571
3.59871 5.67895
5.55663 3.57854
3.19011 6.49
4.17581 5.18998
4.2927 5.08058
3.09788 6.54328
3.93699 5.39498
5.68846 3.37291
3.41638 5.81756
5.58114 3.54132
4.55217 4.82338
5.48175 3.68961
4.69319 4.67454
3.36099 5.85826
4.47034 5.63152
5.84793 4.38318
3.44231 6.33878
3.82765 6.09149
4.66459 5.47947
6.13414 4.05916
4.49563 4.87898
5.93903 4.28314
5.42762 4.81129
3.06048 6.06855
4.49178 5.61505
4.56781 4.8072
4.30902 5.06499
2.91389 6.6465
4.61561 4.75732
3.32396 5.88517
5.90264 4.32339
4.27341 5.77922
3.6531 5.6362
6.529 3.55546
5.23226 4.03425
5.00221 5.19882
5.31334 3.92621
4.73923 4.62445
6.15117 4.03884
6.41824 3.7045
3.66956 6.19538
6.5136 3.57658
3.3794 5.84482
3.25882 6.44961
3.55615 6.2678
5.35293 3.87212
5.67947 4.56083
5.14641 5.07201
4.99082 4.33573
5.28827 4.94281
3.62412 6.22461
4.36138 5.714
6.09919 4.10029
6.02857 4.18209
4.51382 5.59805
5.53189 3.61566
4.19242 5.17466
5.04372 5.16275
3.6017 6.23892
5.21762 4.05299
4.14198 5.22094
4.32579 5.0489
4.58387 4.7905
4.03953 5.31286
3.87273 6.06123
6.40235 3.72539
4.20665 5.29732
4.81354 5.35833
5.20733 5.01708
5.28651 3.96235
2.88834 6.18132
4.34203 5.03324
5.7231 3.31654
4.44003 4.93706
5.17717 4.10567
3.63487 5.6506
4.8344 5.34104
5.03627 4.28162
4.02945 5.95376
4.96394 4.36843
6.23655 3.93547
4.25944 5.1121
4.35912 5.01677
5.36837 4.86778
4.22924 5.8115
3.19313 5.97794
5.79191 4.44316
3.00317 6.10673
6.08139 4.1211
5.32644 3.9084
3.86618 5.46232
2.98266 6.60835
4.94907 4.386
5.6292 3.4669
3.15538 6.00409
5.82908 4.40341
5.71374 4.52146
3.05169 6.56956
3.91848 5.41801
5.22814 4.99835
5.77978 3.22197
5.99285 4.22275
2.90735 6.16913
4.00742 5.96907
5.95686 4.26324
5.71173 3.33516
5.59313 3.52294
4.21041 5.58687
4.85583 5.32318
3.11751 6.03004
6.36976 3.76769
3.58084 5.69284
5.09345 4.21135
4.22601 5.14346
4.42357 4.95342
5.30808 4.9244
3.5786 6.2536
5.13551 4.15867
4.6428 5.49685
5.16347 4.12319
5.64126 3.44811
6.49768 3.5983
3.93615 5.40289
5.56431 4.6775
3.37328 6.38098
4.96052 5.23468
6.30375 3.85187
3.0414 6.08136
4.40754 4.96927
6.5907 3.4694
3.76007 5.55023
3.88348 5.44774
4.15867 5.20571
5.50623 4.73495
4.84532 4.50604
3.64722 6.20978
