-2.1904 0.954869
-1.69699 -2.0623
-2.47456 -0.639776
-3.8013 -3.31167
-9.18917 -1.48624
-0.0809187 -2.99788
-9.21146 -1.36226
1.21251 -3.61904
-1.38394 -2.35164
1.40964 -2.98776
0.165003 -3.04691
-2.98186 -0.481437
-2.14552 -1.46556
-4.21939 2.36805
0.693701 -3.64579
-2.99835 -0.34595
-4.90575 0.0981726
2.24498 -2.61584
-2.76292 1.12345
-8.06702 3.48918
-0.507202 -2.86347
-0.783889 -2.73979
-8.35044 2.82409
-1.74433 -2.0115
-5.50928 1.6886
-9.1007 1.81256
-9.04184 2.0676
-4.20457 3.70852
-7.99302 -3.99831
-2.54103 -0.0308978
-4.24042 2.33525
-4.32193 -4.11268
-3.81105 -3.29822
-1.63075 2.1171
-0.992308 -3.20503
-3.00751 0.152662
-2.48944 -0.570757
-4.24958 -4.20342
0.387424 -3.07408
-8.66728 1.7378
-3.00605 -0.255713
-1.75815 -2.69223
-7.82004 4.76331
-2.44134 -1.88223
-1.04827 -3.17536
-2.92563 0.670092
-2.40944 0.640357
-3.01259 -4.20369
-2.54496 -1.72276
-2.034 -1.64324
1.26488 -3.61559
-1.49862 1.26136
-1.90431 -1.82179
-1.15762 -3.1129
-2.80934 -1.16045
-4.20513 2.3899
-5.01928 -3.04065
-9.09507 1.83858
-4.15016 -4.3235
-2.81259 -1.15159
2.21091 -3.33699
-8.81343 0.830954
-0.0198289 -3.01195
-3.79228 2.91614
-9.29645 -0.129187
-0.251495 2.22885
-5.31739 2.17407
0.165707 -3.59641
-8.84414 -0.530524
-3.48514 -3.71104
-5.49233 -1.91637
-8.90952 -2.77171
-4.82774 -0.939135
-2.99248 -0.399974
0.432062 -3.07758
-7.33343 4.69675
-5.57181 1.48964
-8.71724 -1.6442
-4.84007 0.759701
-3.30551 3.35787
-2.12103 -4.90099
-2.70265 -1.41868
1.60912 -3.54589
-2.98411 0.377232
-2.47803 -0.624415
1.04356 -3.63609
-2.15114 0.989486
-8.85599 -0.163542
-1.93252 2.00672
-4.15728 -3.80325
-2.28941 -1.1866
-8.52511 -3.86552
-4.59869 1.6283
0.333793 -3.62047
0.351649 -3.0708
-5.01637 0.0445415
-1.74068 -2.69321
-2.66508 -1.4978
-4.90247 0.184255
-9.18321 1.373
-8.85522 -0.215908
-2.46358 -0.685849
-2.40669 -0.884523
-8.4525 -2.76202
-2.97201 0.453676
-5.71802 0.838519
-5.17759 -2.72217
-0.954861 -3.22448
-0.0983551 -2.99363
-2.39086 -1.96642
-5.55336 1.55135
-8.63855 3.29407
1.43261 -3.59114
-8.89444 2.59053
-2.04803 -1.62228
-4.63686 1.52754
-5.60849 -1.4828
-4.79986 3.05041
-1.30027 -3.02467
-4.51126 -2.03167
-9.19149 1.32059
0.863519 -3.64535
-4.37364 2.10959
-4.32855 2.18973
1.62415 -2.92211
-2.86729 0.802027
1.20211 -3.62033
-5.42835 -2.1067
-2.97898 0.411355
-5.43361 1.89806
-8.32309 -4.31554
-2.53238 -0.27256
-4.86878 0.562059
-4.7652 1.11149
-8.8077 -3.10663
-3.96981 -4.52888
-2.41881 -0.846441
-4.7293 -1.38212
0.66441 -3.63383
-8.85338 0.17363
-2.36023 -4.73809
-9.02651 -2.32483
-8.07723 3.46803
-1.97297 -2.47419
-3.58636 3.12652
-8.39188 2.70982
1.94468 -3.44517
-4.81685 -0.998316
-8.72642 -1.59084
-5.70443 0.919603
-1.71497 2.09203
-2.16971 1.86644
-4.80231 -1.0721
-4.78166 1.04478
-2.08479 -2.35485
-8.02477 3.57513
2.1064 -2.70128
-1.29413 -2.42204
-5.74374 0.658311
-5.50422 1.70354
-5.76799 0.426302
-3.43856 3.25395
-5.34528 -2.3305
1.44371 1.25846
2.03545 -2.74087
-1.96474 -1.74125
0.459666 -3.07923
-2.39136 -0.930271
-2.80268 -1.17842
-2.85723 0.89444
-8.85282 0.200447
-2.79349 1.05605
-2.95765 -0.626554
-2.53792 0.0584754
-5.59152 -1.56946
-8.00328 3.61784
-8.81676 -3.07836
-4.62753 1.5529
-2.8488 0.917828
-3.98472 2.69333
-2.40142 -4.70841
-9.06628 1.96594
-0.490526 -2.86996
-4.58651 -1.83779
-4.91942 -3.2227
-4.81993 0.86899
-2.61649 1.38722
-2.83716 0.948979
2.12314 -3.37558
-4.42919 2.00466
-5.76348 -0.578406
-4.67 -1.58829
-1.77128 2.07317
-3.7308 2.98069
-0.539664 -3.40763
-8.03892 4.43614
-4.28852 2.25753
-2.22905 -2.18456
0.611242 -3.08514
-8.80193 0.917107
-8.30227 3.98686
0.0654781 1.3406
-2.76108 -4.42697
-1.77287 -1.97968
-7.29102 4.7528
0.691939 -3.08512
-5.35782 2.13048
0.557368 -3.08397
-1.86334 1.1571
-3.00735 -0.23768
-5.67763 -1.18615
-4.71775 1.28307
1.46407 -3.57818
-1.48323 2.15253
-4.52635 1.80119
-8.59888 2.02801
-2.04344 -2.40016
-2.84588 0.925743
-2.62085 1.38048
-2.15171 -2.27833
-4.60844 1.60335
1.11081 -3.05027
-2.54121 -0.0459029
-2.92223 -0.789998
-4.34542 3.57449
-1.30815 -2.41138
-4.75932 -1.26426
-1.90963 -1.81495
1.04224 -3.05719
-4.88219 0.453528
-0.573513 -2.83658
-2.26656 -2.13681
2.07401 -3.39589
-8.95567 -2.60484
-4.73306 1.23056
-2.84096 -1.07063
0.754654 -3.08363
-1.87786 -1.85523
-9.25469 0.818944
-5.2148 2.38515
-9.2871 0.361108
0.0839638 2.21628
-0.80313 -3.29816
-3.33557 3.33467
0.270515 -3.61233
-1.37035 -2.36264
-7.94579 -4.10228
-4.40908 -2.27268
-4.88638 0.411412
-9.18061 -1.54219
-0.614508 -2.81911
-2.97626 0.428361
-2.17436 -1.41491
-2.87587 -4.328
0.836566 -3.62219
-4.93198 2.86359
-1.84055 -2.60341
2.19915 -2.64537
-5.27744 2.25936
-5.78402 -0.250794
0.555727 -3.64029
1.66054 -3.53286
-5.42208 1.92763
-2.95588 -0.635782
-7.85409 3.92252
1.59875 -2.93085
-3.25536 3.39555
1.25153 -3.02507
-2.05731 -2.38511
-4.9052 -0.205187
-1.01542 -2.61899
-9.18486 -1.51463
-3.85071 -4.63796
-4.81447 0.896251
2.39336 -2.51128
0.20051 -3.05233
-4.7484 -1.30842
-2.7786 -1.24105
-5.53425 1.61274
-2.94295 -0.69932
-2.29613 -1.17164
-4.66082 -1.61774
0.76798 -3.64658
-1.59259 2.12723
-2.98563 -0.454352
-4.1616 2.45475
-2.41162 -0.869253
-1.89284 -2.55384
-4.89771 0.269528
-4.57368 1.6906
-0.677546 2.24395
-5.75527 0.559527
-0.948079 -2.65126
-0.799792 -2.73173
-0.313614 -2.93254
-3.62241 3.08768
-1.17448 2.20045
0.294036 1.33279
-8.20502 4.16092
-8.16767 4.22514
-0.638412 -3.36925
-8.73095 -1.5638
-4.23211 -2.62819
-2.51528 0.270962
-0.347676 -2.92138
-5.59378 1.41221
0.333777 -3.069
-2.54123 -0.0534471
-0.258211 -3.50045
-2.52741 -1.74786
-1.19092 2.19739
-8.51392 -3.90754
-1.66702 -2.09341
-4.54303 -1.95428
-2.96594 -0.581225
-8.84563 0.381135
-0.356046 -2.91857
-2.39407 0.673539
-4.64986 3.24133
-4.76642 -1.23467
-2.87817 -0.953163
-1.56798 -2.19071
-8.82245 0.714397
-4.79105 1.00362
-4.90416 -0.234332
-5.64565 1.20797
-1.08463 -3.15487
-2.96269 -0.599408
-0.187846 1.34565
-7.31921 4.71567
-1.98003 1.10302
-0.457686 -2.88254
-8.84916 0.304028
-5.73505 0.724166
-8.44447 -4.07214
-2.6904 -1.44503
-5.44036 -2.07211
-2.61179 -1.6023
0.271443 -3.06193
-1.58054 -2.82508
-2.9792 -0.499591
0.182749 -3.04967
-7.27706 4.771
-2.11119 -1.5231
-4.876 0.509775
-8.84807 0.329497
-8.70244 1.5664
-4.54778 1.75219
-4.17528 -4.29364
-1.76139 -1.99255
2.43014 -3.22694
-9.28436 -0.541335
-0.389961 -3.46
-4.79384 -3.4352
-8.06188 -3.84827
-4.72548 1.25685
-2.35964 0.739056
-1.6617 -2.76002
-8.42067 -4.12687
-2.65526 1.32509
-5.21626 -2.63762
-2.97059 -0.554091
-0.0112921 -3.5618
-8.42002 -2.86834
-2.78905 -1.21431
-4.79616 -1.1017
0.817324 -3.08083
-1.96879 1.9885
-4.75832 1.13812
-4.86736 0.579574
-2.97985 -0.447112
-4.4539 -2.17192
-9.29443 0.144341
-5.7651 0.459698
-8.85658 -0.0332808
-4.90179 0.198355
0.173978 -3.04827
-3.622 -3.54633
-8.64003 1.85921
-8.06128 -3.84194
1.90684 -2.80604
-9.11157 1.76118
-2.53256 1.50725
-2.51167 0.292521
-4.53714 1.77674
-3.0001 -0.327876
-2.53422 -0.249817
-2.98994 0.334504
-2.53705 0.0733291
-3.5597 -3.62273
1.53904 -2.95035
-2.12852 -1.4944
-8.77155 -3.21699
-1.26336 2.18964
-1.97689 -4.99175
-2.77329 1.10119
-8.61274 -3.65963
-0.67151 -2.79372
-5.6175 -1.46482
1.83317 -2.83975
-0.0212967 2.2211
-8.85467 2.71254
-5.74577 0.642048
-3.74025 -4.77054
-4.92862 -3.20646
-2.29946 -1.16409
-2.44353 -0.76234
-5.61872 1.31829
-4.70913 -1.45573
-4.3559 3.56405
-2.53876 -0.17412
-2.61831 -0.916883
-2.14778 1.8819
-4.66913 3.21791
-3.91119 2.78247
-0.155802 2.22612
-4.4737 -3.91221
1.30516 -3.01329
-3.74854 2.96237
-5.07968 -2.92389
-3.82048 -3.28514
-0.329278 -3.47927
-2.24859 -4.81609
-1.12881 -2.53931
-3.01326 -0.0945191
-3.45237 -3.74882
-8.49469 3.60764
-3.01304 -0.103596
-2.02033 -4.96496
-2.97344 0.44533
-3.01157 0.0736983
-3.52836 -3.66888
-2.47116 0.469672
-8.44009 3.72054
-4.87677 -0.600182
-4.39301 -4.02057
-0.308975 -3.48548
2.5047 -3.18476
1.69181 -2.89752
-4.3344 -2.43009
-2.27276 1.78553
-4.40845 3.5107
-2.38782 -4.71826
-2.42372 0.606852
-4.81718 0.882874
-3.73308 -3.4037
-2.57747 -4.57581
1.23361 -3.61633
-1.34282 -2.3845
-8.57376 2.12394
-2.73433 -1.3478
-4.00333 -3.01604
-1.19386 -3.09146
-2.64251 1.34611
1.56461 -2.94218
-7.60146 4.31343
0.534499 -3.63898
-3.26198 -3.95699
-2.51875 0.250202
-7.86211 4.70319
-4.98271 2.78663
-2.75585 1.13828
-2.16621 -1.42945
-3.00957 0.117578
-8.22514 -3.43875
-2.74141 1.16778
-2.5256 -0.341157
-1.95586 -1.75388
-9.2465 0.898155
-4.47863 -2.11402
-1.63035 -2.13039
-2.70374 1.24022
-1.14353 -2.52947
-4.86031 -0.732666
1.95485 -3.44146
-5.57624 1.47438
-5.53911 1.59717
-2.35251 -1.03635
-2.67588 1.29003
-2.91485 0.710825
1.44434 -2.97837
-3.00136 0.231051
-2.5381 -0.189011
-9.29669 -0.0743344
-2.31993 0.802879
-5.0103 -3.05754
0.0819667 -3.58153
-5.72465 -0.907722
-4.49884 1.86174
-5.73949 0.691272
-8.79882 -3.13407
-4.28596 -4.15817
-8.73528 -1.53751
-2.4284 1.63357
-2.30464 -4.77737
-4.5616 3.34477
1.89052 -2.81373
-4.64971 -3.66018
-1.03189 -2.60133
-8.22971 4.11775
-2.84698 -1.05257
2.207 -2.64037
0.948213 -3.64213
-2.68398 1.27585
-2.51693 -0.409932
-3.84402 2.85948
-8.57884 3.42408
-0.00106896 -3.56477
-2.47628 -0.632208
-0.793657 -3.3025
1.45349 -3.58029
-2.49096 -0.563188
-0.248156 -3.50334
-2.73013 -1.39292
-5.04 2.69548
-8.33752 3.92109
-7.88601 -4.24454
-2.05732 -1.60819
-2.90128 -0.871644
-4.81284 0.959446
-3.00291 0.213655
-4.41902 2.00697
-4.29884 -2.50107
-3.96055 2.72322
-2.27888 -2.12079
0.0327298 -3.02302
2.2826 -2.59068
0.111862 -3.03802
-1.57423 -2.18481
-0.420025 -3.45003
-4.92357 2.87618
-9.27274 0.603856
1.36624 -2.99886
-8.17906 -3.55412
-4.89141 0.354805
-4.01669 2.65287
-5.38044 2.0301
-4.61083 3.26129
-2.86578 0.871201
-1.80266 1.18017
-8.56842 3.44732
-4.31364 2.20708
0.269384 2.20609
-1.725 -2.70676
0.0888964 -3.0351
-2.36973 -0.990875
-2.46068 0.504334
-2.68794 1.26884
-5.62873 1.25186
-5.46948 -1.98578
-1.11829 2.20625
-3.01261 -0.121471
-3.98573 -3.04332
-2.98285 0.385901
-2.99139 -0.409164
-5.41633 1.94217
-1.74983 -2.00537
-5.14145 2.52193
-4.90296 -0.263507
-2.13191 -2.3014
-2.24798 -2.16062
-5.27571 -2.50132
1.03312 -3.63688
-2.99352 -0.391051
-2.33656 0.777466
-2.24807 0.895618
2.15318 -2.67368
-8.6146 -2.15017
-9.05871 -2.1852
-4.49664 -2.07071
-4.88161 -3.28849
1.65805 -2.91003
-5.58708 -1.58663
-4.87996 -0.570738
-0.774632 2.22783
-2.579 -1.66274
-1.07557 -3.15993
-8.61689 1.95606
-9.29549 0.089811
-1.24626 2.19188
-2.97488 0.436726
0.407631 -3.62857
-1.96084 -1.74713
-1.21601 -2.47934
-3.85242 2.85006
-8.98957 2.26832
-2.21007 -2.20813
-1.8254 -2.61744
-1.65355 -2.76671
-5.71271 0.871102
-2.52277 0.220244
0.619454 -3.64348
-9.2644 0.609418
-4.89368 0.326427
-4.86361 0.607478
-5.66738 -1.23824
-5.61059 1.34968
-1.09866 2.20811
0.103157 -3.03648
-8.81532 0.790493
-2.4409 -1.89176
-2.94172 0.6042
-2.72288 1.20419
-2.60253 -1.61965
-8.6726 1.71299
-0.831454 -2.71536
0.200331 1.33633
-2.56623 1.46128
-5.69689 -1.08147
-3.75342 -4.7565
-4.04024 2.62236
-7.72678 4.11476
-0.176423 -3.52258
-2.23516 0.924365
-1.84799 -2.59647
-9.19947 1.26806
-1.0919 -2.56349
-2.36337 0.732476
0.396223 -3.07482
-2.16253 1.87157
-5.13377 2.53569
0.129562 -3.04109
-8.39655 -4.18153
-5.24638 -2.56956
-2.5639 -4.58638
-9.03302 -2.29727
-0.776034 -2.74373
-0.647208 -2.8047
-2.52383 -0.356451
-4.71388 1.29596
-2.96904 0.470588
-0.33946 -3.47591
-4.01193 -3.00258
-0.687208 -3.34913
-2.46549 -0.678064
-2.35597 0.745434
-2.6296 1.36673
-0.751941 -2.75565
-5.60905 -1.49971
-9.28136 -0.596691
-0.107128 -2.99144
-4.49112 3.42315
-2.81592 1.00286
-1.09394 -3.14963
-4.42931 3.48904
-1.24467 -2.45872
-8.79293 0.993044
-5.55895 -1.69116
-0.489076 2.23209
2.0907 -2.71027
-0.529873 -3.41127
-8.09073 4.35392
-5.45053 1.85374
-8.77658 1.11902
-4.57419 -3.77112
-5.76651 0.443229
-9.27649 0.549976
-2.378 -0.968201
-3.83534 2.86914
-4.06104 -4.4269
-3.00569 0.178773
-3.91961 2.77252
2.16234 -3.35871
-0.305204 -2.93523
-8.26258 3.04969
-2.53769 -0.196711
-4.17623 2.43324
-1.67981 2.10297
-4.82239 -0.968723
1.0261 1.29129
1.32816 -3.60259
-2.51475 -0.42526
0.826022 -3.08038
-3.01284 -0.1124
-1.97043 1.10804
-2.90639 0.743766
-9.27042 -0.763042
-8.72099 1.4676
1.81664 -2.84697
-5.11091 2.57595
-3.78369 2.92534
-9.20133 -1.40277
-2.53017 -0.295858
-2.8324 0.934752
-1.85176 1.16174
-8.41771 3.76551
-4.818 3.02587
-4.39812 3.52132
-0.0723191 -2.99994
1.77529 -2.86448
-4.68129 -3.61244
-2.14964 -1.45844
-2.54123 -0.0833891
-4.73535 3.13501
-2.09988 -2.34023
-2.54039 -0.000944854
-0.940483 -2.65562
-4.4477 -2.18617
-9.08333 1.88686
1.02262 -3.06246
-4.02929 -2.9752
-0.70278 1.99198
-2.84303 0.93343
-3.6837 -4.8259
-8.76195 -3.24537
-0.926765 -3.23874
-2.27916 1.78003
-8.69298 -1.77723
1.53676 -3.56282
-0.783889 -3.30693
1.27005 -3.02096
-2.57562 1.44796
-3.50068 3.19846
-2.45844 0.511355
-2.27921 -1.20889
1.41845 -2.98542
-4.88364 0.439809
-8.28958 2.98256
-9.28828 0.334385
-2.32961 1.73454
-8.46794 -4.01734
2.14277 -3.36721
2.11345 -3.37966
-0.839223 -2.71128
-3.74287 -3.3906
-2.49676 -4.63779
0.915723 -3.0738
-1.20159 -2.48954
-2.90343 0.751248
1.40107 -2.99001
-8.78179 -1.21863
-2.6164 -4.54108
-7.87348 -4.2567
-2.20269 0.943151
-5.78338 -0.268233
-8.54219 -2.44324
1.80956 -3.26545
-4.49074 -2.08501
-4.5189 -3.84963
-5.47252 1.79395
-8.88501 -2.85601
-4.90084 -0.307109
-4.3101 -4.12772
-0.854957 -2.70293
-2.00757 1.09172
-9.08888 -2.04551
-5.67831 0.993549
-7.92623 3.76559
-8.19275 4.1822
-5.73896 -0.8033
0.390474 1.32867
-2.40913 -0.877001
-3.53863 3.16493
-0.655243 -2.8011
-1.37831 2.17228
1.7504 -2.87465
-1.95993 1.99296
-8.02767 -3.9198
-2.83074 -4.36526
0.924537 -3.07302
-2.20455 -2.21617
-1.27293 -2.43789
-0.916253 -2.66907
-8.54925 -2.41625
-2.78686 1.07116
-0.0897677 -2.99574
-5.65295 1.17619
-2.85447 0.902172
-2.58491 1.43456
-3.97958 -3.05413
-0.667668 -3.35728
-8.56966 -2.33657
-8.54088 2.24275
-4.2009 2.39234
0.790548 -3.08219
-8.65118 1.8106
-2.53962 -0.214403
-8.75207 -1.43087
-4.87918 0.481678
-2.96328 -4.24937
-0.500088 -3.42204
-3.00504 0.187638
-9.11681 1.73581
-4.42306 2.01658
-7.25809 4.79804
0.418021 -3.62971
-8.22548 3.13906
-8.29677 -3.23859
2.22076 -3.33247
-3.36417 -3.84758
-0.847263 -2.70704
2.21454 -2.63558
-1.4809 -2.9003
-2.60758 1.40086
-3.69756 -4.81225
-9.21448 1.16268
-4.86261 2.96412
-2.95 -0.59367
-2.59062 -4.56552
2.00444 -2.757
-2.206 -1.35666
-3.00889 -0.21086
-1.98654 1.97935
-2.91034 0.727077
-1.7207 -2.03709
-4.85288 -3.3374
-2.99971 0.248416
-3.00966 -0.157677
-2.52294 -0.363966
-8.39496 -2.9476
-7.75121 4.07429
-7.91007 -4.17954
-0.448795 -2.88576
-4.16904 2.44385
-2.94731 0.579425
2.01165 -2.75356
-8.19951 -3.50152
-9.29443 -0.2662
-0.898953 -3.25325
-8.31599 2.91506
-2.07815 -4.92855
-2.0245 -1.65723
-2.80648 1.02568
-5.45796 -2.02043
-4.55215 -3.80269
-9.25134 -0.984637
-2.25287 1.80219
-8.31397 3.9652
-3.87708 -3.20508
-0.382607 -2.90586
-9.17462 1.42529
-8.56942 -3.7703
-5.78552 0.107055
-5.60039 -1.53459
-3.88624 2.81154
-7.9342 -4.12774
-3.7811 -4.72844
0.485845 -3.08095
-7.71429 4.13525
-5.2828 -2.48448
-2.13281 1.89214
-2.51974 0.241965
-2.08642 1.92223
1.05432 -3.63525
-1.56625 2.13381
-1.81016 -2.6314
0.978151 -3.06765
-0.559339 1.34454
-4.90314 0.169724
-4.03797 -2.96134
-0.490021 -3.42576
-1.78219 2.06905
-2.0849 1.03947
-4.11715 2.51827
-4.09709 -2.86501
-5.67082 -1.22105
-5.56384 -1.67349
-9.26388 -0.845964
1.47435 -3.57611
-8.43641 -2.81519
-2.36694 0.72607
-2.44201 0.559388
-3.47413 -3.72379
-2.36688 -0.998574
1.50466 -2.96093
-0.270981 -2.94593
-2.52378 -4.61726
-9.29229 0.2257
-3.3752 -3.83546
-8.6777 1.68887
-4.90196 -3.27356
-1.69109 -2.06848
-2.11533 -1.51615
0.041538 -3.02482
-2.50447 -1.79094
-2.99553 -0.37295
-8.84289 0.432693
-2.76989 1.10855
-5.78271 -0.285174
0.990681 -3.63976
-9.28608 0.389528
1.5817 -2.93657
-4.2374 3.67828
-4.84245 0.74572
0.155623 -3.59324
-1.37709 -2.35721
-8.22944 -3.42293
2.29021 -2.58548
-2.89632 -0.889802
-5.73724 0.707956
-2.23471 -4.82554
-1.87509 2.0323
-4.78985 -1.1313
-8.85114 0.252275
-2.50253 1.54601
-5.71948 -0.942555
0.93361 -3.07218
-8.32595 3.94285
-8.74384 -1.48418
-1.78986 -1.96038
0.576963 -3.64148
-0.0735117 -3.54857
-2.80962 1.01816
0.376054 -3.62529
-8.47939 -3.99031
-4.13801 -2.79583
2.20134 -3.34134
-2.13706 -1.48
-4.70986 1.30922
-1.35662 -2.3736
-2.50223 0.342676
-4.9065 0.069396
-1.23839 -3.06398
-9.23146 1.03074
-2.35223 0.75063
2.09867 -2.70572
-4.89327 -0.424239
-8.46219 3.67538
-2.49973 -0.517108
-3.21557 -4.00501
-4.81115 -1.02791
-1.07934 2.20985
-0.111635 -3.55616
-2.21231 1.83469
-0.410115 -3.45335
-8.65836 3.23838
0.969451 -3.64101
-8.11676 4.3104
-8.6873 3.16741
-8.64984 -1.96875
-8.91729 -2.74426
-5.52935 1.62774
-2.48895 -1.81622
-4.84302 -3.35398
2.22228 -2.63061
-3.92302 -3.13803
-4.67446 -1.57377
-4.94069 2.85071
-8.66203 1.76186
-4.95766 2.8251
-8.79594 2.88187
-1.17571 -3.10217
-2.53869 0.0435984
-2.37946 -1.98291
-5.46716 1.80871
-0.15051 -2.98031
-8.94714 2.41797
-5.75875 0.526311
1.91468 -3.45568
-2.83177 -1.09756
0.23176 2.20832
-2.29778 0.834176
-9.12248 -1.87736
-0.936052 -3.23406
-4.73676 1.21706
-7.5099 4.45053
0.746712 -3.64651
-8.8328 0.586225
-4.6769 1.41258
-5.7411 -0.786174
-8.78521 -1.19164
-9.16692 -1.62628
-1.7382 -2.01813
-4.62739 -1.72047
-4.6978 1.34807
-2.47321 -1.84141
-3.90299 2.79209
-2.10213 1.9123
0.023941 -3.02126
-8.07811 4.3735
-8.27834 4.03069
-1.55167 1.25041
-2.3908 0.680252
0.191498 -3.051
1.93478 -3.44864
-2.45193 -0.731505
-8.34936 3.89863
-4.25925 3.65783
-8.61102 1.97984
-4.17792 -2.72627
-4.88921 -0.480198
-4.06351 -2.92024
-2.81915 0.995443
-2.43342 -0.79205
-3.80862 -4.70024
0.673978 -3.08531
-2.34659 -1.05148
-2.59856 1.41444
-5.78322 0.174768
-2.49135 0.392403
-4.74087 -1.33799
-3.79468 -4.71456
-1.18711 -2.49967
-5.50812 -1.86458
-5.2431 2.32945
-8.93293 -2.68835
1.48743 -2.96606
-7.81105 3.97257
-2.4839 -1.82457
-8.74247 1.34382
-0.845732 1.33461
-1.45118 -2.29561
-2.47678 1.57769
-1.36273 2.17487
-5.76651 -0.543772
1.81383 -3.4889
-5.32498 -2.38175
-2.54107 -0.0984597
-2.88886 0.799492
-9.2815 0.469386
-2.0174 1.08233
-0.77439 -3.31122
-5.78264 0.191468
-2.33249 -4.7578
1.82503 -2.84332
-1.68502 -2.07482
-1.67902 1.21909
-8.52799 -2.49655
-5.06263 -2.95739
-2.50365 0.335626
-3.90471 -3.16499
1.7001 -2.89438
-4.6854 1.38676
-7.65209 4.235
-2.63826 1.35292
-0.994054 -2.62428
0.545268 -3.63966
-8.7126 -1.67049
-8.68784 1.63983
-2.14962 -4.88234
-2.49618 0.371205
-8.47724 2.45469
-1.92307 2.01078
-2.92357 0.678182
-5.64541 -1.34295
1.97165 -2.77423
-9.29621 -0.156236
-5.75859 -0.630148
-8.50239 -3.93541
-8.87685 -2.88353
-2.97008 0.480719
-4.96547 -3.14033
0.704178 -3.64599
-3.00435 0.196229
-9.24853 -1.0129
-4.58128 -1.85222
-1.7035 2.09567
-8.93242 2.4676
-2.66083 -1.50645
-4.90061 -3.25563
-5.27073 2.27327
-0.657313 1.33589
-8.1582 3.29354
-9.29661 -0.101349
-1.28264 -3.03604
-7.52333 4.43086
-4.29295 -2.50324
-0.228155 -2.95873
-2.86719 -0.989396
-1.28004 -2.43263
-8.8535 -0.294187
-4.75351 -3.53627
-5.77652 0.309215
-5.05606 2.6691
-2.53727 -0.204192
-2.49938 -1.79929
-4.76313 3.09906
-2.51902 -0.394611
-5.75505 -0.664841
-1.64562 -2.77319
-8.53523 -2.46951
-4.62832 -3.69205
-2.94549 0.587613
-8.28988 4.01146
-2.55966 -1.69716
-3.43348 3.25575
-1.64265 -2.11812
-2.17835 -1.40773
1.19983 -3.03494
-1.11404 -2.54907
2.25548 -2.60756
-2.34364 -1.05892
-4.02231 -4.47066
-2.8914 0.791374
1.34915 -3.59919
-7.75159 4.8493
-8.80087 -1.05913
-9.28288 -0.569414
-3.64979 3.06143
-4.32187 2.20124
-9.29044 0.280082
-4.40258 -2.28686
-2.67082 1.29622
-8.71533 3.09676
-2.41402 -0.861726
-1.99429 -2.45219
-2.32836 0.790205
-5.29092 2.23105
0.0591557 -3.02828
-1.8348 2.04899
-4.60365 1.61572
-4.76853 1.09836
-2.32914 -1.09543
-4.2485 3.66792
-8.20946 -3.4756
-2.8835 -0.935032
-0.323 -2.92968
-3.01291 0.0296585
-3.31904 -3.89654
-2.37386 -4.72833
-1.16538 -2.51465
-1.66423 1.22313
-4.50267 -2.05597
-8.65657 1.78651
-1.27106 -3.03911
2.2592 -3.31468
-8.30734 2.93738
1.96347 -2.77836
-0.907872 -3.24817
-3.88623 -3.19187
-2.07785 -2.36255
2.29761 -3.29587
-1.2589 -2.44831
-0.417495 1.34647
-2.8963 0.775313
-2.41235 0.633757
-5.78633 0.0731074
-0.579299 -3.3926
-8.10407 4.33127
-2.94679 -0.681127
-2.51475 -1.77395
-4.85969 0.635326
-1.42444 -2.31827
-5.68423 -1.15126
-4.77849 1.058
-4.41905 3.49973
-0.0489646 -3.00602
-0.503649 -2.93358
1.6193 -3.54339
-2.37566 -0.975104
-4.50998 1.83752
-4.90606 -0.176073
-1.24717 -3.0585
-0.556995 -2.84344
-2.41812 0.620331
-1.90411 2.01951
-4.48462 -2.09973
-8.12977 4.28885
0.342843 -3.06993
-2.58851 -1.64548
-2.41338 -1.9333
-0.406836 -2.901
-5.78719 -0.0968733
-9.18745 1.34642
-8.70295 -1.72385
-0.789747 -2.73629
0.698033 1.311
-4.8751 -0.614799
-4.19075 2.41163
-1.20259 -3.08599
-0.0561147 2.22252
-2.45177 -1.87502
-4.74409 1.19116
-8.40331 -2.92145
-2.52806 -0.318343
-8.63861 -2.0434
-8.32483 2.89205
-2.98052 -0.490646
-8.5062 -2.57609
-2.53739 1.50082
-2.24735 -1.27568
-5.77437 -0.440031
-2.88609 -0.926096
-2.51131 -0.448151
-2.29217 -4.78641
-8.10524 -3.73735
-2.50514 -0.486356
-3.61305 3.09655
-1.99903 1.09274
-1.38717 -2.96669
1.69119 -3.52406
-4.04648 -2.94775
0.852736 -3.64559
-8.40882 -4.15381
-2.82514 0.979913
-8.47592 -2.68259
1.52705 -2.95508
-1.64929 -2.11159
-7.42974 4.56507
-4.701 1.34696
-2.66943 -1.4889
-5.78693 0.039113
-4.74347 -3.51593
-0.00228597 -3.01576
1.56773 -3.55577
-1.66959 -2.7535
1.21748 -3.0316
-2.64369 -4.52342
-3.45284 3.23951
0.778458 -3.64657
-8.76591 1.19395
-9.29548 -0.211187
-1.4043 -2.33501
-4.90158 -0.292711
0.0492619 2.21778
-5.13768 -2.80642
-2.95093 0.562774
-2.10506 -2.33209
-5.12132 -2.84012
-8.5474 -3.8254
-2.3506 -2.02382
-4.26164 -4.18851
-8.77839 -1.24485
-2.53965 0.0213495
-4.64603 1.5021
-7.81087 -4.38516
-4.78667 -1.14588
-0.89396 -2.68176
-5.39258 2.0009
-2.53847 -0.181536
-5.24337 2.351
-0.963457 -2.64235
1.26139 -3.02278
-5.60228 1.38099
-2.05237 1.06114
1.97487 -3.43417
1.25468 -3.6135
-4.33407 -4.09717
-3.01108 -0.16611
-5.78716 0.0223497
-2.38895 1.67589
2.36423 -3.26216
-1.26493 -3.04732
-0.972533 -3.19887
-5.35567 2.0882
-4.55427 -1.92498
-1.02444 -2.60591
-2.54256 -0.0995655
-2.04929 -4.94683
1.87465 -2.82091
-8.62676 -2.09679
-2.2546 -1.26086
-8.08342 -3.78968
1.67495 -2.90383
2.27841 -3.30524
-2.99211 0.317302
-4.26955 -2.55779
-0.659213 -2.79829
-8.99915 -2.4369
-3.90342 -4.60078
-4.89151 0.333628
-8.82471 0.688487
2.31676 -3.28637
1.84413 -3.47928
-4.34838 -2.40153
-1.25755 1.29958
0.316362 -3.06705
-2.86153 -1.0075
-4.2092 -2.67019
-4.90709 0.0405796
-9.28446 0.415289
-2.3738 -1.99102
-2.53381 -0.322785
-7.76284 4.84311
-5.70152 0.93605
-3.01311 0.0206764
-2.53635 -0.219387
-2.02948 -2.41513
-4.90773 -0.0746391
-2.24632 1.80765
-8.60471 2.00626
-2.97211 -0.544871
-2.20524 1.84012
2.18186 -3.35009
-2.7304 -1.35681
-5.4808 -1.95111
0.629204 -3.08532
-2.78313 -1.24987
2.34217 -2.54899
-8.48372 -2.65559
-0.624176 2.23133
-0.52524 1.34514
-9.15188 1.55514
-3.95006 -3.09766
-0.236634 -2.95625
-2.96597 0.487461
-8.5674 2.14749
2.38318 -3.25223
-1.86179 -1.87512
-1.43863 -2.93075
-9.13807 -1.79375
-4.52018 -2.01256
-2.04282 -1.62979
-5.72056 0.822441
-5.12626 2.549
-9.27992 0.496007
-8.02547 4.45733
-8.77124 -1.29808
-8.27156 3.02757
-9.00601 -2.40931
-7.98554 4.51935
-0.945601 -3.22921
1.93934 -2.79035
-2.42813 -0.815845
-2.4808 0.434753
-9.2959 0.0620976
-2.4691 0.47698
-8.88672 2.61472
2.31251 -2.57004
-9.28839 -0.48268
-2.53385 0.117746
-9.08246 -2.07414
-1.94006 1.12311
-8.65571 -1.9637
-1.53413 1.25416
-5.54427 -1.74313
-2.71072 -1.401
-4.27704 -2.54342
0.969959 1.29524
-1.03929 2.2132
-8.40011 2.68644
-4.78799 1.01789
-1.79281 2.06515
-5.78458 -0.233873
-4.3924 2.07496
0.467911 -3.07993
-4.90391 -0.247493
1.46165 -2.97351
-1.85515 2.04071
-3.04905 -4.16929
-2.23947 -2.13874
-2.82212 0.9875
-5.56441 1.50324
0.067843 -3.02995
-8.83254 -0.714957
0.651179 -3.64465
-8.97572 2.31835
-5.75349 0.575868
-2.90613 -0.85348
-5.72084 -0.925206
-2.19655 0.94875
-4.72584 3.14716
-2.31091 1.75185
-5.67695 1.06458
-8.84293 -2.99514
-4.72294 -3.54818
0.0063652 -3.0176
-8.59921 3.37775
-8.79604 0.967733
-5.58953 1.42756
-4.21548 3.69867
-9.15783 -1.68173
-2.25963 1.79663
-3.46234 3.23147
-2.99772 0.265627
-9.24276 -1.06862
-2.99514 0.291563
-5.33671 2.13125
-1.15788 -2.51968
-2.34058 -1.06659
-5.74939 -0.716666
-4.84482 2.98899
-0.115766 -2.98929
-0.440117 -3.44322
-1.88853 -1.84185
-1.53117 -2.86297
-0.105984 1.34447
1.33134 -3.00726
-4.74048 1.20418
-9.27804 -0.652094
0.799387 -3.08177
-2.3465 -2.01302
-2.76422 -1.2768
-4.46038 -2.15704
-2.58021 1.44137
-4.74775 1.17774
-4.3346 3.58519
-5.36813 2.0592
-8.78985 1.01826
-2.57088 1.45474
-7.70471 4.92204
-4.90483 0.126909
-2.76792 -1.26774
-2.51114 -4.62707
-3.70336 -3.44272
-5.69562 0.968406
-2.29708 -2.09678
-8.62287 1.93154
-1.464 -2.91258
-8.79173 -1.13846
-4.38756 3.5324
-9.20333 1.24239
-4.8974 -0.365624
-0.0528047 -3.55335
-2.27667 -4.7968
-0.559503 -3.40017
-5.26378 2.28757
-9.20713 1.21543
-4.24726 -2.59999
2.40206 -3.24218
-8.25415 4.07432
1.92311 -2.79825
-2.93293 -0.744665
-1.55526 -2.20263
1.07603 -3.05532
-0.349543 -3.47296
-1.75629 -2.67958
-2.08912 -1.55869
-2.20646 -4.84462
-3.75281 -3.37745
-2.71149 1.22581
-2.79917 -1.18727
-8.52691 3.53881
-4.00906 -4.48547
-5.29706 -2.45028
2.02458 -3.41542
-5.76504 -0.560833
-0.220333 2.22804
-5.32381 2.15997
-2.4469 0.545692
-5.63379 -1.39504
-8.03883 -3.89413
-8.09421 -3.76391
1.82384 -3.48576
-4.45562 3.44872
2.22979 -2.62576
2.08295 -2.71467
1.73224 -3.51326
-4.90374 0.155603
-2.5348 -0.242081
-1.88625 1.14758
-4.82865 -0.945162
-1.0201 -3.19026
-2.25346 0.889455
-0.454312 1.34604
-8.59459 2.46452
-3.41403 3.27185
-2.9816 0.394312
-9.24368 0.92441
-2.66769 1.30414
-4.66537 -1.60323
-8.64378 -3.5774
-3.24538 3.4029
-1.33939 -2.38818
-8.66677 -1.91031
-5.4343 -2.08966
-8.86263 2.68773
-2.43955 0.566118
-4.85354 0.676784
-4.77517 1.07159
-5.16173 -2.75601
-4.46422 1.93535
-8.67435 -3.49476
-1.58717 -2.16636
-8.49189 2.40777
-1.82896 -1.91477
-1.48065 1.26486
-5.60652 1.36567
-1.13946 -3.12353
-5.65647 1.16051
-2.90106 -4.30563
2.19146 -3.34579
-4.43511 1.99303
-1.98081 -1.71962
-1.92219 -2.52501
-8.79898 0.942802
0.642939 1.31584
-2.31124 0.815486
-2.34777 1.7172
-1.0592 2.2116
-4.5075 -3.86554
-0.82344 -2.71954
-1.69368 -2.06243
-8.85657 -0.0854908
-3.58025 -3.59761
-5.47509 -1.9687
-2.87273 -0.971284
-8.79562 -1.09419
-2.52467 0.205654
2.48615 -3.19549
-4.52098 1.81321
1.10255 -3.05141
2.44887 -3.21658
-8.73358 -3.32833
-2.39656 -0.915033
-1.38477 1.28156
-9.13227 1.65891
-0.971265 -2.63779
-7.91512 3.78625
0.249432 -3.60944
-4.52143 3.38987
-2.8159 -1.14246
1.38367 -2.99449
-1.6183 2.12048
-4.1149 -2.83591
0.239086 -3.60788
-1.76027 2.07685
-0.186562 -2.97087
-9.06483 -2.15759
-4.2266 3.6883
-0.725893 2.2293
0.725444 -3.64631
-5.79041 0.0579562
-4.05586 2.60178
-8.52035 2.31348
-0.760063 -2.75166
-3.71179 -4.79816
-2.3809 0.699918
-8.69662 3.14413
-3.00938 -0.202007
-2.3189 -1.11923
-7.41592 4.58436
-4.9836 -3.10717
-4.87764 0.495527
-1.79003 1.18461
-0.0894692 2.22381
-2.25415 -2.15278
-5.78113 0.225245
-0.146631 1.34511
-4.15434 2.4653
-4.07137 2.58108
-4.38248 -2.33015
-1.60523 -2.80569
-4.79715 0.977631
-3.27555 3.38053
-4.70221 -3.58035
-3.76617 2.94392
-2.98313 -0.472495
-4.88772 0.397072
-4.82522 0.841664
-5.0954 2.60278
-2.40602 1.65793
-2.9628 0.504295
-5.5851 1.44334
0.85318 -3.07865
-4.8992 -0.336353
-2.46282 0.497504
-2.02109 1.96071
-4.48194 1.89771
-2.17792 -2.24722
1.71691 -2.88791
-2.48165 -0.839812
-3.94421 2.74309
-9.26612 -0.818584
-3.10925 -4.11129
-8.80444 2.85812
0.0508291 -3.57545
-1.03896 -2.59681
-1.18904 1.30762
-8.85662 -0.0589389
0.489675 1.32398
-2.17024 -1.42229
-8.43538 2.57272
-3.77481 2.93478
-2.01492 -1.67119
1.04044 -3.06019
-2.53748 0.0659389
-4.73316 -1.36756
0.449983 -3.07881
-7.97072 3.68126
0.530572 -3.08303
-1.81786 -1.92789
-1.72666 2.08823
1.34878 -3.00313
-3.31565 3.3501
-1.95857 -2.48884
-8.47264 3.65762
-4.28946 3.623
-2.07085 1.93256
2.33585 -3.27675
-3.01247 0.0473541
-5.26834 -2.51865
-7.62672 4.27469
-5.3386 -2.34743
-1.15076 -2.5246
-8.75192 3.00151
1.22617 -3.02991
-1.11225 -3.13922
-5.08801 -2.90736
-8.67763 3.19134
-2.43443 0.579744
-5.36201 2.0735
-5.19326 2.42642
-3.18056 -4.04057
-1.86711 -1.86857
-4.90098 -0.144284
-9.1277 -1.84978
-1.23037 -2.46907
-1.22052 -3.07503
-8.48403 3.63004
-4.89542 -0.394919
-4.90788 -0.0161156
-1.93548 -1.78117
-2.62095 -1.58492
-2.93084 -0.753631
-0.841456 -3.28031
-4.79914 -1.08706
-4.80882 3.03834
-5.77085 -0.76146
-2.26285 -4.80632
-3.01236 -0.130284
-3.58537 3.1224
-1.43125 -2.31255
-0.489546 1.34565
-9.10596 -1.96185
-9.23353 -1.15185
-4.99246 -3.0908
-2.50768 1.5395
-3.85837 -3.23185
-3.77238 -3.35113
-8.62861 1.9077
-0.369771 -3.46653
-2.26612 1.79118
-5.41611 -2.14125
-4.63223 -1.706
2.47178 -3.18324
-8.77313 1.14377
-3.81875 2.88697
-5.0877 2.61595
-5.53418 -1.77792
-2.69863 -1.42739
-3.49128 3.20664
1.98472 -3.43052
-8.38454 -4.20844
-3.0137 -0.0500934
-5.7141 -0.9774
-2.67362 -1.48024
-1.81237 -1.93433
-4.15415 -2.76797
-5.52912 -1.79506
-4.58381 1.66573
-4.8617 0.621205
-2.14433 0.995079
-2.41887 -1.92511
-2.23282 1.81856
-2.43265 -0.800542
-1.95071 1.99753
-2.59316 -1.63696
-1.39073 -2.34614
-1.60533 2.12392
-8.83094 0.612123
-3.56669 3.13956
-2.394 -0.922556
-1.40932 2.16686
1.427 -2.98312
-9.25397 -0.957214
-2.53533 -0.234596
-3.02466 -4.19236
-8.33361 -3.13277
2.03437 -3.41162
-3.70412 3.0078
-2.99745 -0.354859
0.700787 -3.08499
-3.23885 -3.98105
-2.82235 -1.12446
-2.35975 1.70548
-9.22002 -1.26348
-0.159052 -2.97804
0.772603 -3.08296
-2.85055 -4.35024
1.16447 -3.04132
-4.55247 1.74308
-5.01575 2.73463
-8.69255 1.61946
-0.62258 -2.8156
-2.79592 -1.19637
-2.99902 -0.301796
-8.84695 0.436148
-4.73437 -1.39329
-0.0633134 -3.55094
-1.82764 1.17103
-4.11234 -4.36786
-1.21086 2.19627
-4.0325 2.63246
-1.52572 2.14332
0.858123 1.30276
-1.36339 -2.36821
-2.09285 1.03409
1.40139 -3.59013
-2.46254 -1.85824
-1.32211 -2.40065
-3.00014 -4.21532
-3.87648 -4.62941
0.138546 -3.0426
0.186692 -3.59985
-8.60213 -2.20355
-2.24368 -1.28307
-8.83985 0.48417
-4.82777 0.828177
0.937748 -3.64263
-2.26385 0.877282
-2.45619 -4.66817
-2.47313 0.462791
-4.8545 2.97792
-8.60914 3.35485
-4.88888 2.92674
-2.84403 -1.06147
-1.87257 -1.86181
-5.78669 -0.148384
-2.46706 0.483609
-5.33173 -2.36484
-2.49229 1.55878
-8.8787 2.63959
-9.20907 -1.34687
-8.14234 4.26787
2.32406 -3.27294
-9.29621 0.0351665
-8.84794 -0.451883
-4.6811 1.39987
-5.56267 1.52054
-2.48619 0.413715
-4.86428 -0.703151
-2.37735 1.68783
-7.49681 4.46954
-2.4872 1.56504
1.96472 -3.43789
-4.26816 2.29091
-9.27241 -0.735031
0.996 -3.06565
-2.95609 0.537804
-1.04 1.32179
-0.167843 -2.97567
-9.14812 -1.73774
-7.54962 4.39198
-8.98244 2.29221
-2.45164 0.53195
-0.716285 -3.33676
-7.3887 4.62184
0.0129773 2.21961
-8.58891 3.40128
0.0299901 -3.57125
-2.06063 1.05585
-0.210922 -2.9637
-7.40244 4.60303
-4.38624 2.08641
-2.18637 -1.39315
-8.82017 0.739536
-2.22281 -2.19235
1.76708 -2.86786
-3.00056 0.239611
-4.83283 0.800754
-0.959833 1.32778
-1.80115 -1.94738
-2.74868 1.15306
-0.500857 -3.11585
-8.81203 -0.952942
-2.73811 -1.33904
-2.91926 0.694527
-0.133151 -2.98485
-5.07973 2.62948
-2.42098 0.613499
-3.01177 -0.148188
-1.67298 -2.08729
-2.86819 0.86292
-9.29381 0.171241
-3.54898 -3.63563
-1.89757 1.14269
-8.96158 2.36823
2.28816 -3.3005
-2.29203 1.76879
-4.67091 -3.62822
-2.1024 -1.53741
-0.955887 -2.64675
0.0502154 -3.02654
-2.83795 -1.07952
-0.767938 -2.74776
2.36414 -2.53302
-2.01243 1.96547
-0.523839 -2.85688
-4.90267 0.098974
-5.42217 -2.12423
-5.59605 -1.55177
-1.66387 2.10315
-2.41728 1.64579
1.13804 -3.04579
-2.82823 0.972087
-4.57141 3.33357
-2.30228 0.828024
-2.73039 1.18963
2.40787 -2.50026
-3.0852 -4.13465
-8.17778 3.24952
-2.19089 -2.23159
-7.34717 4.67833
-8.85567 0.0709404
-2.52727 -0.325871
1.0119 -3.63838
-0.711865 -2.77495
-8.32259 -4.34428
-2.38526 -1.97455
-2.10819 1.02305
-8.59112 -3.71514
-4.63045 3.26461
-8.59586 -2.22985
-2.82509 -4.37237
-2.98016 0.402894
-8.63264 -2.07048
1.13872 -3.6275
-8.25327 3.07242
-0.901859 -2.67739
2.16081 -2.66905
1.19364 -3.03071
-0.973613 -3.21481
-7.92235 -4.15327
-1.83937 1.16856
-3.37746 -3.85048
-3.38481 3.29563
-2.37402 0.713023
-1.19446 -2.49454
-8.82419 -0.8208
-2.50109 -0.509543
0.736701 -3.08419
-1.16493 1.3102
0.799726 -3.64645
-8.73837 1.36834
-2.53323 0.125017
1.89453 -3.4626
-2.82548 -1.11559
-5.73198 -0.855753
-1.76705 -1.98622
-1.39414 2.16955
-2.15507 1.87682
-2.52732 1.51357
0.10933 1.33932
-8.43952 2.57103
1.71175 -3.51903
-2.88872 -0.916893
-4.40921 -2.267
-0.727977 -2.76727
-1.92012 -1.80139
-2.88131 0.823349
-5.04246 -3.0079
-3.22507 3.4177
-4.4048 2.05163
-2.30472 1.75746
-3.97677 2.70323
-3.68384 -3.47253
-5.75706 0.542683
-4.28183 2.26857
-8.45486 2.52447
-2.77146 -1.25893
-9.1004 -1.98946
-2.89382 0.783467
-0.870642 -2.6945
-1.75002 1.19789
-0.373011 -2.91281
-2.48212 0.418049
-1.60149 1.23906
-5.3744 2.04445
-2.18432 -2.23953
-9.29136 -0.376409
-8.72445 3.07295
-2.43923 -0.777668
-2.32702 -2.05642
-2.47099 -0.655136
-2.48964 0.399589
-8.76772 -1.32392
0.227051 -3.05612
-2.02623 1.07715
0.718745 -3.08464
-2.76645 1.11619
-4.84509 -0.835844
-0.523999 -2.85489
-5.76933 -0.509165
-3.49575 -3.69867
-2.55483 -1.70562
-1.17995 -2.50463
-4.89214 -0.438693
-2.79672 1.04859
-2.48145 -0.608966
-8.8502 0.277782
-4.02445 2.64293
-2.53104 -0.287811
-8.49122 -2.62936
-2.23172 0.913565
-5.20041 2.41283
-1.22933 -3.0696
-2.11556 1.01757
1.51598 -3.56738
-8.85419 0.148545
-4.55828 1.72755
-8.67752 -1.85692
-0.986754 1.32589
-4.80346 -3.41862
2.40051 -2.50586
-0.0840138 -3.54612
-4.26223 -2.57173
-1.55594 -2.84412
-4.90564 -0.190839
-5.37819 -2.24474
-1.44633 -2.30028
1.28761 -3.01718
-1.30104 -2.41679
-1.46899 2.15545
-2.91665 -0.816967
-9.22488 1.08375
-8.26846 -3.31744
-5.77195 -0.474584
1.49617 -2.96347
-4.88973 -0.468048
-2.21461 0.931345
-0.379723 -3.46333
1.06701 -3.0566
-4.23351 2.3461
-2.5218 0.22742
1.75269 -3.50736
0.405326 -3.07556
-2.29283 -1.17901
-1.48414 -2.26701
2.37385 -3.25714
1.70863 -2.89111
1.26104 1.27355
-3.71321 -3.42986
-4.78157 3.0748
-5.71137 -0.994572
-4.87095 0.551614
-5.75258 0.593199
-9.28822 -0.458812
2.26012 -2.60582
-4.88582 -0.511902
-2.52731 0.183784
-2.30916 -2.08063
1.55618 -2.9449
-4.2168 -2.65634
-2.40341 0.653709
-0.364657 -2.91566
-2.51247 -0.440594
-4.84967 -0.806289
-2.75688 -1.29465
0.820992 -3.64621
-2.96104 -0.60837
-2.80003 1.04089
-7.84617 3.91109
-7.56248 4.37274
0.748612 -3.08309
-2.51289 0.285413
-3.0733 -4.14611
0.539572 1.32144
0.218053 -3.60474
-2.87083 0.855124
0.566477 -3.08423
0.608673 -3.64302
-5.71584 0.85535
-2.75233 1.14557
-2.77677 1.09359
-5.78697 -0.131014
-0.145607 -3.53096
0.906651 -3.07459
-2.97548 -4.23816
0.912868 1.29914
1.62977 -3.54076
-2.61722 -4.54454
-5.17863 2.45392
-8.81311 2.83359
-3.63148 3.07905
0.449982 -3.63253
-4.12171 -2.82363
1.61578 -2.92502
-9.07106 -2.12916
-8.60169 -3.68795
-2.98532 0.368804
-4.49639 -3.88097
-2.11759 1.90227
-5.69864 0.952004
-0.278603 -3.49453
-0.626866 1.34302
-0.509969 -3.41857
1.19141 -3.62154
-3.51971 3.18176
-8.53731 3.51622
-2.47513 0.455694
-7.78523 -4.43654
-0.755072 -3.31984
-4.54126 -3.81822
-7.30535 4.73398
-9.13734 1.63254
2.51381 -3.17943
-8.31535 -3.1857
1.49518 -3.57181
-4.6007 -1.79617
-3.01358 -0.0679066
0.120842 -3.03959
-8.74662 1.31854
-2.51038 0.299811
-4.51543 1.82548
-4.47612 1.90989
-2.54712 1.48771
-8.16788 3.27187
-2.53609 0.088159
0.289275 -3.06408
-0.288108 -2.94063
-2.46623 1.59027
-1.02952 -3.1852
-1.7768 1.18914
-2.45556 1.60277
-4.82256 0.855535
-2.95788 0.529348
-4.80827 -1.0425
-2.91776 -0.808179
2.41145 -3.23756
-1.52961 -2.22629
-1.7785 -1.97332
1.97958 -2.7702
-4.96597 2.81243
-3.01002 0.108918
-9.11699 -1.90581
-3.80964 2.89738
-2.8883 -4.317
-3.00693 0.161287
-4.44128 -2.20082
-4.60675 -3.72384
-8.6229 -3.6327
0.897827 -3.07533
-7.53631 4.41173
-2.68298 -4.49166
-1.20892 -2.48437
-2.20861 0.937345
-3.01084 0.0913214
2.29758 -2.58041
-4.76996 -1.21964
-2.23638 -1.29777
-0.909519 -2.67313
-5.31797 -2.39915
-2.97644 -0.517752
0.147274 -3.04405
2.05133 -2.73224
-2.13555 -4.89154
-8.51614 3.56202
-2.26175 -1.24601
-0.692182 1.3411
-2.47971 -0.616846
-5.75621 -0.647435
-2.59793 -1.62818
-8.83474 0.560855
0.879921 -3.07674
-8.93992 2.44243
-3.57008 -3.61017
-9.25952 -0.922596
-8.78006 1.0935
-8.78336 1.06869
-0.0373491 -3.00804
-7.9312 4.60172
-5.62575 -1.42993
-4.99272 2.77604
-2.32411 0.796675
-8.73407 1.39339
-5.49732 -1.89931
1.85398 -3.47487
-2.8529 -1.0345
-5.49383 1.73377
-2.43697 0.573037
-2.00526 -1.6851
-9.00313 2.21815
-5.71685 -0.959721
-2.53903 0.0362604
-0.675755 2.23047
1.54699 -3.56052
2.2303 -3.32805
-9.16466 1.47183
-2.03865 -1.63633
-5.29161 -2.46715
-4.86241 -3.32127
-0.815647 -2.72359
-5.72558 0.789752
-2.67004 -4.50218
-2.27878 0.85897
-8.40803 2.6637
-2.60256 1.40724
-7.44311 4.54629
-8.82852 -0.767855
-2.62332 -4.68605
-2.53048 0.154474
1.63276 -2.91909
-1.89912 -1.82842
1.54748 -2.94768
-4.34802 2.15563
1.39108 -3.59198
1.47893 -2.96854
1.22322 -3.61768
-7.69025 4.94134
-2.5089 -0.463492
-4.45083 -3.94336
-2.33886 -2.04014
-9.23773 0.977627
-8.08776 3.44594
-2.10687 -1.53016
0.548523 -3.08369
-3.68612 3.02581
-2.38342 -0.952994
-0.746276 -3.325
-3.8395 -3.25854
2.16866 -2.66427
-2.8125 -4.38322
-4.3609 2.13266
-2.06247 1.93685
-2.8312 0.964473
-2.54059 0.0172502
-4.8986 0.255483
-9.29377 -0.293405
-4.41706 2.02819
1.57328 -2.93934
-5.64188 1.22405
-4.10201 2.53932
-9.14605 -1.79788
1.56955 1.24744
0.494683 -3.08141
-2.51548 -0.418493
-3.12148 -4.09935
-5.70936 0.727039
-8.58024 2.09966
-3.66801 3.04368
-2.4258 -0.823609
-7.89238 3.82805
-2.5296 -0.303072
-0.313391 2.23019
-2.38758 0.686757
0.15688 2.21252
1.24379 -3.0264
-4.26105 2.30259
2.26756 -2.60085
-8.04602 3.53225
-7.73389 4.88268
-2.54129 -0.0609274
-4.80308 0.950573
-4.61743 -1.74984
-5.70721 0.903612
-4.83516 0.785279
-5.76202 0.493034
0.749119 1.30962
-5.52976 -1.7614
1.52622 -3.56483
1.42231 -3.58628
-0.515638 -2.86014
-8.56078 2.17166
-8.86006 -2.93935
-5.63768 -1.37785
-3.40441 3.27973
-4.78447 -1.17351
-4.83542 -0.89498
-3.29564 3.36538
-8.85195 -0.346696
-5.78637 -0.165262
-1.33048 2.18
-4.14598 -2.78211
-1.90762 -2.53949
-5.74972 0.60899
-2.2326 -1.30526
1.74218 -2.87786
-0.516538 2.2321
-3.30788 -3.90851
-2.53831 0.0511486
-1.23534 1.3023
-4.45004 3.46722
-8.18734 3.22777
-9.25909 -0.901569
-8.72193 -1.61713
-4.89675 0.283979
-5.16384 2.48129
-8.70725 1.54138
-4.70591 1.32205
-4.225 -4.2336
-3.00175 -0.309815
1.65039 -3.5355
-7.90366 4.64259
-1.54247 -2.21449
-1.54696 -2.84978
-2.75322 -1.30343
-2.53445 0.110249
-1.83889 2.03838
-9.2407 0.951421
-1.87578 -2.57793
-1.30893 -3.01904
0.414148 -3.07625
-1.98569 -1.71282
-2.30364 -2.08871
-9.04603 -2.24124
1.32267 -3.00929
-2.3093 -1.14166
-0.135459 -3.53353
-4.65937 3.22981
0.193524 2.21051
-9.12723 1.68424
-2.74572 -1.32125
0.324976 -3.06808
0.354917 -3.62294
-7.67514 4.20961
-3.68325 -3.46875
-4.31318 3.60618
1.55752 -3.55813
-2.12513 -2.30921
-9.22694 -1.20765
-2.44977 -0.739451
-7.89001 4.66264
-2.54076 -0.0159127
-0.695709 -2.78254
-2.52816 0.176389
-2.33243 0.783937
-0.565138 -2.84007
-2.44561 -0.754787
0.197038 -3.60149
-4.51146 3.40089
-3.71295 2.99889
-2.17133 0.972193
-2.28606 -1.19396
0.225485 -3.05827
-2.94109 0.613474
-1.36133 -2.98428
-5.04538 -2.99084
-7.78722 4.01352
-1.54983 -2.20796
-4.72133 -1.41167
-1.1145 1.30316
-2.99417 0.300067
-9.16123 1.50314
2.1331 -3.37135
-1.14109 1.31265
-1.4432 1.27174
-8.01235 4.47785
-1.30147 1.29384
-0.744043 -2.75951
-4.81969 -0.983294
1.59934 -3.56155
-1.73647 1.20221
-1.52325 -2.23208
-4.02076 -2.9887
-2.45384 -0.724109
-2.4925 -0.555396
-9.17028 1.45101
-2.32115 -2.06442
-4.70487 -1.47074
-8.35157 -3.0798
-1.65556 2.11011
0.884777 -3.64473
-8.13725 -3.65913
-2.50247 -0.501753
-7.99259 3.63882
-4.5634 1.71538
-5.77825 -0.371132
-0.44052 -2.88882
-2.57142 1.47934
-2.45623 0.518164
-2.64334 -1.54145
-1.08432 -2.56836
-3.00539 -0.264853
0.763501 -3.08331
-7.97733 4.51111
-4.08675 2.56026
-2.14516 -2.28595
-2.21373 -1.34198
-0.657991 -3.36121
-7.61414 4.29417
-1.85092 -1.88838
-4.68953 1.37401
-2.03504 -4.95578
-8.82684 0.663304
-2.42351 -0.831147
2.13764 -2.68298
-1.67726 -2.74649
-2.48696 1.5776
-2.0365 -2.40751
-2.79255 -1.20521
1.84964 -2.83243
0.0197323 -3.56914
-4.65506 1.47658
-2.71527 1.21869
-8.84903 -2.97047
-8.05192 4.41552
-4.90674 -0.147018
-5.57353 -1.63863
-3.63246 -3.53326
-8.71416 -3.38385
0.620093 -3.08524
-5.10476 -2.87377
-2.54984 -1.71432
-8.55266 2.17676
-0.7067 -3.34087
-1.91487 -2.5324
0.682754 -3.08525
-5.63051 1.27127
1.11756 -3.62963
-0.423696 -2.89495
-8.90131 -2.80015
-7.79156 4.80332
1.35949 -3.5973
-3.283 3.37614
-0.571118 2.23188
-1.95072 -1.76082
-1.51028 -2.24378
-1.76372 1.19349
-4.87132 2.95181
-1.43784 -2.30697
-8.83526 -0.666733
-5.72313 0.805865
-9.29661 -0.0195492
-0.888924 -3.25749
-2.11853 -2.31677
-2.16464 0.978035
-1.31503 -2.4061
-2.27736 -1.21416
-1.8809 -1.85043
-2.52895 0.169163
1.6602 -2.91122
-2.95934 -0.617594
-8.81017 0.841358
0.0716925 -3.57953
-3.01327 0.0119477
-3.28498 -3.93282
-2.7378 1.175
-7.67722 4.19512
-4.34151 -2.41561
2.33467 -2.55437
-2.06649 -4.93662
1.80352 -3.4921
-8.75057 1.29397
-7.73885 4.09485
0.593282 -3.08486
-4.94907 2.8381
-2.34835 0.758331
-1.12034 -2.54857
0.603749 -3.08465
-1.91478 -1.8083
2.04445 -3.40768
-2.21913 1.82939
-5.75323 -0.681942
-5.78748 -0.0799659
-4.87438 0.523598
1.08458 1.2871
-4.27062 -4.17199
1.63993 -3.53818
-1.65487 -2.10579
-4.59605 -3.73947
-2.47843 -1.83311
-7.91766 4.62188
-5.20089 -2.67158
-3.48156 3.21503
-8.14974 3.31007
-3.99614 -4.49983
-0.459645 2.23166
-2.4975 1.55231
-8.25868 -3.34422
-4.88298 -0.541311
-4.21245 -4.24887
1.95552 -2.78234
-5.07196 2.64258
-8.15831 -3.60666
-7.95802 -4.07587
-5.66348 1.12861
-2.50074 0.349927
-4.76119 1.14843
-0.319279 -3.48234
-1.83467 -1.90801
-3.60394 3.1051
-5.76934 0.409828
-5.24997 2.31566
-9.27439 -0.707545
-5.37178 -2.26171
-4.27491 2.27992
-4.69764 3.1827
0.1238 -3.5892
-1.95123 -2.49625
-8.69442 -3.43933
-0.785685 1.33749
-0.0287231 -3.00998
-2.25862 0.883468
-0.978782 -2.63336
-1.36988 -2.97849
-2.00847 -2.43737
0.312685 -3.61788
0.968831 -3.06872
-2.53499 -1.73986
-7.83464 3.93143
-8.60906 -2.17501
-8.89677 2.26022
-5.6998 -1.0643
-3.78196 -3.33812
-1.61728 1.23628
-1.41158 -2.94752
-2.51266 1.53316
-0.237785 -3.50626
-2.99705 0.274278
-2.92629 -4.28305
-3.0137 -0.0323024
-8.75602 -1.40462
-2.51364 -0.432815
-3.59102 -3.58463
-5.67031 1.09663
-3.0107 -0.174947
-2.72656 -1.36556
-2.02257 -2.42249
-2.27228 -1.2238
-5.44497 1.86838
-5.52388 -1.8127
-2.71914 1.21134
-9.25198 0.84479
-1.98476 1.9619
-0.590185 -2.8296
-9.17902 1.39878
-2.73517 -4.44866
0.781445 -3.08259
-0.812854 -3.29365
-4.6109 3.28774
-8.81459 -0.926807
-5.77432 0.342808
-4.70742 3.17162
1.18216 -3.03819
-4.81406 -1.0129
-1.78427 -1.96676
-2.45392 0.525158
-2.30276 -1.15666
-2.29307 0.840491
-3.83596 -4.67191
-8.80932 -0.979864
-2.36225 -2.00744
-4.71277 -3.56405
-1.5116 2.14646
-1.45564 -2.9186
-0.964372 -3.21957
-5.31074 2.18857
-8.33502 -4.31745
-9.24573 -1.04034
-2.16486 -2.26281
-8.87084 2.66371
-0.245325 -2.95367
-4.61334 1.59058
0.260137 -3.61089
0.247475 1.33468
-8.73376 3.04922
-2.4245 -1.91667
0.357634 -3.07621
-2.99886 0.25696
-2.03791 1.95122
-8.82548 -3.0509
-2.48304 -0.601483
1.12904 -3.04726
-4.28428 -2.52945
-5.41037 1.9571
-0.460168 -3.4363
-9.22555 1.04669
-8.77849 2.92999
-3.20404 -4.01677
-9.01298 -2.3809
-8.94825 -2.63241
-4.89578 0.298001
-1.87797 -2.56812
-2.13606 1.00898
-2.44464 1.61503
-8.50626 2.3607
-0.021557 1.34279
-4.39586 -2.30144
-8.62909 3.30825
-2.52492 -1.75693
-1.95044 1.11813
-1.99068 -1.7058
-2.54129 -0.0683368
0.656016 -3.08539
-1.90838 1.1379
-2.2911 -2.10472
-8.75839 1.24401
-7.95849 4.56064
-2.52077 0.234804
-0.998106 2.2163
-4.72169 1.26978
0.894521 -3.07416
-5.68015 1.04875
-0.193661 -2.96857
0.291592 -3.61516
-2.40167 -0.899784
-1.83287 -2.61053
-2.01543 -2.43005
1.38273 1.26362
-4.87266 0.537814
-0.64808 -3.36533
1.3905 -2.99324
2.12205 -2.69218
-1.96037 1.11318
-3.34534 3.32702
-5.64174 -1.36012
-4.08038 -2.89266
-2.48785 -0.578551
-3.01352 -0.00578693
-8.10824 3.40252
1.80849 -2.85048
-1.34386 1.28783
-2.94359 0.596034
1.47024 -2.97103
-2.39721 1.67331
-1.01094 -3.19516
-8.78055 -3.18974
1.38045 -3.59386
-4.89473 0.312421
-4.90703 -0.132673
-4.35793 -4.06654
-2.97534 -0.526628
0.862008 -3.07804
-9.06037 1.99102
-1.80363 2.0611
-3.01367 -0.0235448
-1.5932 -2.1667
-2.69447 -1.43634
-5.5194 1.65822
-8.6827 -1.83061
-2.48796 0.406558
-4.81371 -3.40267
-2.58944 1.42794
2.01952 -2.7494
-4.99931 2.76069
-8.83796 -0.636064
0.280488 -3.06303
-7.93761 3.74427
-5.78558 -0.199549
-0.296534 -2.93798
-0.844866 2.2251
-1.62427 -2.13642
-8.65395 -3.55014
1.73367 -2.88133
-5.78734 0.0050734
-1.56841 1.24672
-1.46446 -2.28419
-4.90764 -0.00250561
-2.1402 1.88709
-2.52197 -0.371754
-1.77181 -2.66588
-9.26201 0.737768
-8.98499 -2.4929
-2.65939 1.31819
-8.69769 1.59066
-2.15805 0.983684
-8.58646 2.07604
-4.85407 -0.776745
-4.17008 -2.74008
-2.92778 0.661793
-2.46745 -0.666332
-4.67827 -1.56017
-2.74511 1.16032
-8.30977 -4.37184
-1.34653 2.17754
-0.0218441 -3.56027
-4.54855 -1.9399
-4.34163 2.16691
-1.97087 -1.73339
-4.87169 -0.644165
-8.53786 -2.42421
-2.91342 -4.29457
-0.687733 -2.78625
-2.40649 0.644511
-0.89029 2.22292
-4.80886 0.923446
-0.869922 -3.26672
-9.26867 0.657647
-2.74161 -1.33001
-8.44711 2.54808
-7.87575 4.68385
-3.92776 2.76284
-2.70761 1.23317
-4.68339 -1.54429
-8.86454 0.0515277
-0.381587 -2.90985
-2.53975 -0.151231
-2.52102 -0.379297
-0.11484 -3.53866
-1.01675 -2.6106
-3.00472 -0.273733
-8.85626 -0.137765
-2.33564 1.72884
-9.22357 -1.23516
-8.82999 2.78515
-5.69267 0.984329
-2.1069 -4.91012
-4.8577 0.649024
-3.83535 -3.26682
-1.88476 2.02811
0.476747 -3.08045
1.70165 -3.52182
-5.35864 -2.29612
-1.86502 2.03658
-2.62543 -1.57634
-4.6414 1.51503
-3.01045 0.0999942
-9.23979 -1.09608
-2.39683 -1.95809
-7.83624 -4.33365
-4.62236 -1.73537
-3.00666 -0.24684
-2.34959 -1.04383
2.46754 -3.2061
-4.80018 0.963913
-3.72429 2.99813
-2.70677 -1.40972
-8.28738 -3.26486
-0.630882 -2.81195
-1.16654 -3.10762
-2.43551 -1.89999
-2.4153 0.626954
-2.81909 -1.1336
-1.70144 -2.72685
-0.735704 -3.32835
-4.64002 3.25314
-2.7187 -1.38329
1.27574 -3.61054
-4.6505 1.48954
-3.32547 3.34251
-5.73041 0.756993
-1.09921 -2.55875
-1.59692 -2.81223
0.714967 -3.64617
2.49529 -3.19021
-2.4617 -0.693413
-1.21205 1.30504
-0.227708 -3.50908
-4.10948 2.52897
-5.18569 2.44021
-4.3695 -4.05138
2.1314 -2.686
-5.6865 1.01658
-9.25958 0.764952
-4.44117 1.98103
-8.46231 2.50147
-2.04608 1.9465
-8.42391 2.61744
1.78316 -3.49834
-2.97052 0.462262
-8.49886 2.3856
-2.99471 -0.381821
-4.69192 -3.59617
-7.80562 4.78364
-9.14715 1.58072
1.77311 -3.50133
-4.435 -2.21504
-1.57244 -2.83139
2.10349 -3.38392
-2.28491 -2.11288
0.709898 -3.08482
0.51328 -3.63754
-3.695 3.01695
-2.55069 -4.5966
-4.42777 -3.97441
-2.53191 0.139759
-0.330662 -2.92701
-8.71186 1.51705
-8.2491 -3.37021
-2.69589 1.25456
-9.21649 -1.291
-5.20871 -2.65436
-2.43485 -0.792989
-2.54127 -0.0759708
-2.28842 0.846609
-3.27333 -3.94509
-1.41781 -2.32381
-4.52992 -3.83416
-5.72961 -0.872902
-0.432151 2.23181
-8.52506 -3.88044
-8.46992 2.47776
1.20853 -3.03331
-1.68555 -2.74022
-2.94928 -0.671782
-2.3972 0.667007
-0.432569 -3.45039
1.50721 1.25296
-5.00743 2.74787
-1.99006 -2.46078
-5.38473 -2.22726
1.78826 -2.86308
-8.35994 -4.26298
-4.37986 2.09819
-3.22552 -3.99414
-0.569553 -3.39635
-8.83824 0.509501
-8.36081 3.87678
-8.64433 -2.01709
-2.95445 0.546082
-4.35571 -2.38663
-0.227248 1.34605
-1.51679 1.25775
-5.6736 1.08085
-3.36512 3.31139
0.842257 -3.64584
-2.87001 -0.980209
1.34017 -3.00519
-4.38929 -2.31559
2.34944 -2.54374
-0.156048 -3.52829
0.144743 -3.59286
-3.00985 -0.192895
1.30715 -3.60588
-2.90808 0.735066
-9.01968 -2.3533
0.423235 -3.07694
-2.07858 1.92708
-1.49724 -2.25543
-4.88715 -0.497424
-4.73709 -1.35256
0.307119 -3.06613
-2.32211 -1.11159
-8.83437 -3.02262
-4.67255 1.42538
-4.63145 1.54635
-5.48711 1.74794
-9.23458 1.00457
-4.89438 -0.409362
-1.81403 2.05714
0.598205 -3.64254
-2.46961 -4.65818
1.05824 -3.05781
-5.78487 -0.487148
-5.22077 1.56924
-7.47007 4.50802
-8.74274 3.02573
-4.66825 1.43832
1.1203 -3.04866
-5.79243 -0.213748
-5.39103 -2.21028
-4.65146 -1.64718
-8.76076 2.97794
-5.58076 1.45864
-4.83794 -0.879977
1.63562 1.2406
-9.08952 1.86382
-8.4291 3.74272
-4.95621 -3.15661
0.986946 -3.06668
-1.10297 -3.14452
-4.46068 -3.92707
-2.9266 -0.771813
-3.61182 -3.55899
-1.22842 2.19414
-1.92517 -1.79476
-2.04372 1.06656
-3.53853 -3.64813
-4.55963 -1.9107
-8.8501 -0.399263
-2.9903 -0.418091
0.481619 -3.63518
-0.726144 -3.33251
0.176044 -3.59812
-4.04829 -4.44137
-4.33501 2.1785
-2.54091 -0.0235125
-2.54234 1.49418
-5.78121 -0.319587
-8.99629 2.24362
-4.84921 0.704484
1.35764 -3.00098
-8.16858 -3.58078
2.35488 -3.26701
-2.67989 1.28305
-1.52272 -2.86934
-2.1605 -1.44366
-1.92977 1.12809
-1.64873 1.22725
-7.77702 4.82352
-8.85646 -0.111237
-3.86939 2.83086
-3.52923 3.17321
-0.82232 -3.28929
-1.8235 -1.92124
-0.344148 2.23074
1.19089 -3.03659
-4.8844 -0.526821
-3.66299 -3.4947
-2.65099 1.33217
-8.58015 -3.74313
1.37012 -3.59565
-8.4066 3.7876
-8.55608 -2.38991
-9.25715 0.791327
-9.14222 1.60702
-1.59939 -2.16073
-5.78505 0.123763
-8.84687 0.355733
0.672439 -3.64529
-5.06382 2.65595
-4.64194 -1.6766
2.06426 -3.39982
-4.94714 -3.17343
-9.28571 -0.514087
-8.78846 -1.16543
-2.87353 0.847083
2.00467 -3.42304
-4.9063 2.90153
-2.63001 -1.5675
-4.71657 3.15892
-4.15901 -2.74306
-5.70569 -1.02943
-5.73437 -0.838097
-9.29306 -0.321275
-0.283102 2.22957
-2.53916 -0.166376
-5.3978 1.98585
-2.89867 0.767382
-8.29721 -4.3986
0.253613 -3.05967
-5.78719 -0.114155
-5.30471 -0.0100043
-1.13709 2.20439
-2.70914 -4.47022
-2.56938 -1.67997
1.79349 -3.49518
-8.69833 -1.74938
-5.62974 -1.41274
-3.91662 -4.58663
-8.81719 -0.899694
-9.19326 -1.45869
-8.11589 -3.71155
-8.89332 -2.82768
-5.23142 -2.60361
-0.700663 2.22995
-0.598093 -2.82619
-4.20023 -4.26368
-2.49465 -0.541951
-2.78012 1.0862
-1.41347 -2.73003
-4.18243 3.72859
-0.581636 -2.83317
-1.58684 -2.1728
-2.06187 -1.60123
-4.79416 0.990938
-3.40778 -3.79892
-4.43949 -3.95867
-4.57054 -1.88147
-3.94117 -3.11101
-4.58148 3.322
-3.41961 -3.78599
-2.95413 -0.644744
-2.33759 -1.07403
-8.36727 2.77836
-0.540436 -2.8502
-8.76 -1.37758
-0.399894 -3.45673
-8.64877 3.26148
-1.73298 -2.6999
-5.69371 -1.09918
0.960291 -3.06955
-9.27822 0.523397
0.0854904 -3.03326
0.281205 -3.61378
0.942419 -3.07134
-8.76379 -1.35134
-0.267189 1.34634
-2.45974 -0.701201
-2.8777 -0.961872
-2.53301 -0.265051
-4.14676 2.47634
-2.94102 -0.708282
-2.19819 -1.37132
-2.13846 -2.2938
-2.32336 1.74039
-2.8329 -1.10623
-2.50599 0.295294
-3.19215 -4.02886
-3.67728 3.03433
-4.12456 2.50786
-1.99551 -1.69898
0.757093 -3.64704
-2.80322 1.0334
-8.38383 3.83228
-4.08678 -4.39744
-2.09804 -1.54444
-5.02794 -3.02422
-2.69627 -4.4808
0.365329 -3.62411
-1.6366 -2.12418
-8.8365 0.535564
-4.85561 0.663202
2.1453 -2.67841
-2.91317 -0.826356
-2.92982 0.653701
-8.3425 -3.10668
-2.94491 -0.69009
-2.50644 0.321291
0.308624 2.20367
-2.0915 -2.34735
-3.51722 -3.67345
-2.25813 -1.25355
1.60729 -2.9279
-2.50379 -0.494189
-1.53926 2.14022
-8.68796 -1.80353
0.369532 -3.07249
-9.03563 2.09247
2.37684 -2.52095
-1.86302 -2.58233
-4.53169 -1.98343
1.58844 -3.5509
-0.931681 1.32993
-2.24002 -1.29048
-2.15852 1.59182
-9.29732 -0.0447698
-8.9545 2.39276
-1.85629 -1.88186
0.916501 -3.64357
-2.26525 -1.23868
0.439001 1.32643
-5.48327 1.76391
1.15986 -3.62523
-2.38606 -0.945497
-1.47097 -2.27853
-5.77548 -0.423018
-5.78198 -0.302628
-2.26883 -1.23113
-4.24044 -2.61314
-2.07109 -2.37001
-5.77193 0.376346
-1.43954 2.16125
-4.31323 -2.47263
1.28611 -3.60903
-4.65945 1.46397
-5.61462 1.33423
-5.51337 -1.84746
2.02761 -2.74509
-4.9011 0.21319
1.08479 -3.05406
-2.53285 0.134182
-2.15797 -1.44396
0.873993 -3.64506
-2.49297 0.385416
1.181 -3.62284
-2.02919 -1.65034
1.79191 -2.85753
1.52186 -2.9557
-8.84269 -0.557277
-2.64681 1.33904
-4.47044 1.92169
-5.4863 -1.93402
-2.06653 -1.59406
-5.2239 -2.62037
-2.41175 1.65178
-3.01028 -0.18405
0.493676 -3.63049
-2.52647 0.191036
-8.68456 -3.46665
-2.54001 -0.143775
-8.24416 3.09446
-3.75722 2.95332
-4.29167 -2.51508
-1.94409 -2.50343
-9.29041 -0.403593
-9.21079 1.18945
-5.20773 2.3988
-0.498991 -2.86668
-5.39828 -2.19275
-3.95333 2.7311
-1.92952 -2.51795
-5.14888 2.50855
-2.91088 -0.83531
-0.703911 -2.7787
-0.373602 2.23118
1.06476 -3.6344
-2.22034 0.925497
-2.13018 1.00638
-3.95705 -4.54328
0.682917 -3.64554
-2.40042 1.66388
0.587366 -3.64226
-4.93804 -3.18971
0.209267 -3.05361
-2.93842 -4.27203
1.02236 -3.63761
-4.8583 -0.747207
-1.53937 -2.85677
-5.51873 -1.82983
-4.12486 -4.35325
-1.70825 1.21074
-7.37492 4.64079
-5.12217 2.56671
-2.22891 -1.31253
-4.70071 -1.48529
-0.0425925 -3.55567
-1.32255 1.29146
-2.00602 -4.97384
-2.50911 0.306923
-2.19832 1.84537
-5.5487 1.5665
1.14677 -3.04434
1.8988 -2.80984
-8.30086 2.94909
-5.63817 1.23966
-2.9244 -0.781039
2.19166 -2.65004
-4.87218 -3.30465
0.638053 -3.08537
-9.26428 0.711346
-5.68741 -1.13407
-8.42832 -2.8415
-2.51412 0.278086
-3.8676 -3.21867
-2.45025 1.60889
-0.86054 -3.27123
-2.077 1.04503
2.01413 -3.41702
-9.1116 -1.93342
-0.470032 -3.43285
-8.37181 -3.02147
-2.14123 -1.47289
-2.96908 -0.563046
-0.305367 1.3465
-2.54025 -0.136101
-3.00862 0.12627
-0.186722 -3.52025
-0.431989 -2.89194
-2.52885 -0.310595
-2.35363 1.71136
-1.1846 -3.09685
-3.82212 -4.6863
-1.70923 -2.72024
-4.90731 0.0263682
-0.934451 2.22046
-7.8227 3.95232
-4.00076 2.67316
-2.09873 -1.5512
-2.07104 -1.58709
-9.02281 2.14299
0.460422 -3.63344
-5.54386 1.58207
-3.00859 0.135134
-8.82146 2.80974
-8.46826 -2.70882
-0.879569 -3.26205
-4.7801 -1.17548
-2.49926 0.356958
-4.88504 0.425325
-2.28364 0.852193
-2.54059 -0.00853747
-1.45174 2.15655
-0.618753 -3.37714
-2.23545 -2.17652
-2.93703 -0.726474
-3.65296 -3.50744
-8.24214 4.09574
-1.80238 -2.63812
0.512625 -3.08228
-8.34206 2.84656
-2.17809 -4.86355
0.539377 -3.08338
-5.78755 -0.0290103
1.08595 -3.63258
-2.19431 -1.37853
2.17108 -3.35004
-2.51757 0.256479
-2.54065 -0.120981
-1.77943 -2.6591
-1.06938 -2.5779
-5.77943 0.258971
-4.90681 0.0552037
-4.75076 3.05573
-2.76062 -1.2856
-3.64078 3.07013
-4.45881 1.94557
-7.98249 3.65745
-3.34168 -3.87211
-4.04818 2.61194
-3.00632 0.170162
-4.90642 -0.16174
-2.17773 0.966498
-8.74302 -3.30096
-5.6718 -1.20386
-2.68206 -1.46265
0.926828 -3.64406
-8.97661 -2.52241
1.68111 -3.52741
2.26893 -3.30981
-5.44623 -2.05506
-0.638933 -2.80839
-8.83441 -0.688903
-3.82688 2.87849
-2.85161 0.910121
-2.48444 0.420675
-1.014 1.32385
-9.21799 1.13666
-8.4911 -3.96247
-8.84121 -0.58327
-1.89462 2.02376
1.0962 -3.63346
-3.0127 -0.0149139
-1.96567 -2.48163
-8.39509 3.81019
0.262662 -3.06083
-3.96856 2.71338
-1.12125 -3.13407
-1.47262 -2.90639
-3.13316 -4.08783
-4.32746 -2.44414
-0.816404 1.33608
-0.912201 2.22174
-5.76192 -0.595478
-1.39592 -2.96066
-9.07805 1.91495
-2.34051 0.771166
-4.85186 -0.791732
-4.90028 0.226941
0.428801 -3.63061
-2.65214 -1.52397
-5.43312 -2.039
-1.98003 -2.46694
-9.04814 2.04181
-0.750078 2.22861
-5.07106 -2.94089
1.69813 1.23567
-8.80473 0.892128
-2.42294 1.6396
-1.51449 -2.8755
-5.66027 -1.27314
-4.47064 3.44526
-8.85475 0.122947
-3.09742 -4.12281
-2.51992 -1.76532
-4.25436 2.31313
2.24964 -3.31899
-5.65294 -1.30804
-1.83998 -1.9016
-0.465565 -2.87949
-5.19325 -2.68829
-2.78686 -4.40516
2.34523 -3.27196
-0.16618 -3.52567
-3.01371 -0.0413253
-4.302 2.23503
-7.63962 4.25458
-4.08077 2.56646
-5.15384 -2.77266
1.88459 -3.46596
1.87434 -3.46938
-3.00095 -0.318713
-2.26885 0.871257
-2.07567 -1.57988
-7.84859 -4.3083
-8.83821 2.76122
-4.83293 -0.909552
-4.5938 1.64077
-3.44159 -3.76111
-8.27788 -3.29143
-0.925027 -2.66442
-2.56466 -1.68846
-1.62947 -2.78628
-2.1199 -1.50877
-2.54081 -0.113548
-8.85275 -0.320818
-2.60412 -4.5549
-5.22903 2.35736
-9.26834 -0.790401
-4.22636 2.35725
-2.93389 0.637245
-8.66434 -3.52205
-0.628444 -3.37327
-2.4834 -4.64785
-7.79956 3.99188
-8.5272 2.29017
0.895249 -3.64438
-2.50639 -0.478839
-1.32647 -3.00754
-8.01608 -3.94625
-4.50115 3.4122
-3.95917 -3.0839
-8.43329 -4.09856
-4.44703 1.96935
0.629924 -3.6439
-3.00329 -0.291767
-4.90614 0.0839854
-3.79179 -3.32472
-5.6048 -1.51689
-8.79482 -1.11226
1.94729 -2.78644
-8.38382 2.73248
-3.39448 3.28781
-2.36408 -1.00605
-4.90746 -0.103639
-4.86988 -0.659122
1.64112 -2.91613
-5.6638 -1.25595
-1.32896 -2.39534
-8.09788 3.42457
-2.78562 -1.22314
-1.87506 1.15229
-2.38876 -0.937774
-7.89807 -4.20503
1.86607 -2.82501
1.1283 -3.62856
0.835255 -3.07979
-4.23713 -4.21875
1.29679 -3.60744
-8.37536 2.75629
2.27519 -2.5957
-4.53184 1.7888
-0.886276 -2.68599
-5.78451 0.140956
-7.98154 -4.02393
-2.54046 -0.128653
-5.26114 -2.53546
-9.23018 -1.17962
-0.298959 -3.48849
-5.73664 -0.820955
-2.31725 1.74604
-4.77192 1.08478
1.00479 -3.06462
-9.07702 -2.10155
-2.31575 -1.12664
-3.47211 3.22314
-3.0127 0.0383753
-1.29737 2.18492
-4.79307 -1.11628
-4.61771 -3.70772
-0.866307 2.22348
-8.80661 -1.00602
0.155161 1.33787
-5.00153 -3.07394
-0.599049 -3.38492
-2.19187 1.85171
-2.33145 -1.08911
-8.73443 -1.52738
-8.23466 3.11737
-4.69638 -1.50026
-8.20654 3.1835
-4.28098 3.63722
-2.34618 -4.74811
2.37878 -2.5222
-5.4616 1.82388
-4.76295 -1.24925
-2.9612 0.512574
-2.52002 -0.387065
-3.00783 -0.228842
-4.21217 2.37914
-4.10525 -2.85137
1.4432 -3.58229
-8.01421 3.5962
-4.8427 -0.850605
-4.08863 -2.87904
-2.47703 0.448792
-2.48629 -0.58612
0.524043 -3.63829
-0.54442 2.23203
-3.84938 -4.65792
-3.96798 -3.07053
-7.47522 4.50587
-4.77335 -1.20508
-2.84582 -0.0667824
0.0925796 -3.5835
-0.723564 1.33999
-1.03865 -3.18025
-5.74535 -0.751411
-1.73244 -2.0244
-5.78747 -0.0117134
-0.590649 -3.39063
0.11349 -3.58734
1.90733 -2.81451
-5.74161 0.675041
-2.44773 -0.747007
-3.89551 -3.17835
-5.34945 2.10243
-4.87341 -0.629644
-1.25619 -3.05284
-4.19364 -2.69826
-3.89448 2.80203
-7.7979 -4.41124
-8.51324 2.33745
-4.54158 3.36739
-2.79951 -4.39437
-2.38745 -4.71093
-3.72557 -4.78444
-3.29626 -3.92087
-1.062 -2.58257
-9.10609 1.78726
-5.57791 -1.62149
-4.09429 2.54995
-4.75576 -1.27884
-5.45615 1.83859
-7.83398 4.74352
-8.55428 2.19519
-4.50849 -2.04165
-2.41663 -0.853663
-1.4044 -2.95479
-5.7795 -0.354032
-0.549734 -3.40386
-2.18412 1.85595
-2.54017 0.00641671
-7.76315 4.05428
2.38597 -2.51682
-8.85628 0.0188635
-0.480178 -3.42927
-3.55745 3.14796
2.05422 -3.40382
-2.52974 0.161714
-2.99925 -0.336779
-8.11824 3.38107
-4.37582 -2.34428
-3.01356 0.209862
-1.4044 1.27838
-5.49897 1.71889
-4.60729 -1.77918
-0.798142 2.227
-2.22136 -1.32727
-2.63443 -1.55891
-4.83772 0.773268
-4.32406 3.59555
-4.74436 -1.3237
-2.67721 -1.47127
-2.91264 0.718838
-1.90013 -2.54678
-1.05714 -3.17014
-2.0005 -1.69192
-8.97049 -2.54888
-2.37248 -0.983395
-9.0542 2.0168
1.48492 -3.57394
-2.42994 -1.90846
-4.78398 -3.4512
-4.9078 -0.0314168
-1.42155 -2.94282
-5.77658 -0.405508
-1.58064 -2.17872
-2.63899 -1.55006
-5.77759 -0.38851
-4.37708 3.54276
-2.86442 -0.998316
-2.87612 0.839262
-2.02941 1.95605
-3.15693 -4.06425
-2.37157 1.69367
-4.56863 1.70282
1.86438 -3.47268
-2.52267 1.52024
-2.20217 -1.36389
-2.89379 -0.898752
-2.49774 0.36464
-4.16203 -2.75422
-4.46635 -2.14299
-5.257 2.30142
2.17626 -2.6596
-5.14567 -2.78979
-4.36218 -2.37293
1.88246 -2.81748
-2.99313 0.308815
-1.3642 1.28477
-2.90848 -0.844529
-9.15294 -1.71014
0.439235 -3.63157
-5.76798 -0.526207
-8.58933 -2.25692
-2.99103 0.326036
-4.84034 -0.865408
-2.19724 -2.22386
-3.01218 0.0560494
-5.78394 0.15764
-5.0964 -2.89031
-1.2659 -2.44315
-4.48755 1.88586
-1.00927 -2.61513
-2.5097 -1.78233
0.386473 -3.6264
-8.58292 -2.28321
-8.92505 2.49194
-2.08012 -1.57291
-2.53364 -0.257321
-1.09143 1.31738
2.43965 -3.2217
-8.78735 2.92359
-8.69904 -3.41803
-0.0548461 -3.00404
-2.42916 0.593322
-3.54792 3.15659
-2.09442 1.91721
-4.30258 3.61646
-4.5373 -1.96907
-8.18917 -3.52822
-8.81954 -0.873785
-4.67857 3.20632
-1.53614 -2.22031
-4.48074 3.43438
-0.17637 -2.97335
-2.13274 -1.48731
-2.20993 -1.34921
-2.4969 -0.532466
-1.44702 -2.92477
-5.17276 -2.73902
-3.37494 3.3035
-5.77753 0.292645
-2.9844 -0.463292
-8.84547 -0.504555
0.502826 -3.6368
-0.219416 -2.96126
-2.98802 -0.436217
-3.72331 -3.4166
-2.39155 -0.920146
-2.9319 0.645358
-9.29501 0.116706
0.32403 -3.61641
-8.85525 0.0965722
1.14216 1.28277
0.00917646 -3.56693
-1.45653 1.44972
2.42089 -3.232
-4.59699 -1.8085
-2.40217 -1.94988
-8.3603 -3.05369
-4.85617 -0.762193
1.99564 -2.76193
-7.70212 4.15504
-8.12651 -3.68541
-2.24276 0.90155
-0.0111887 -3.01384
-4.41634 -3.98967
-3.39748 -3.81078
-4.59184 -1.82294
-2.33304 -2.04817
-5.40454 1.97159
-4.86807 -0.673651
-4.79058 3.06277
-2.61199 1.39415
-0.27264 -3.505
-0.955757 2.21915
-8.72982 1.41802
-4.90779 -0.0603643
-2.24165 -2.1687
-0.253823 -2.95114
-1.13607 -2.53447
-0.720146 -2.77104
-2.46099 1.59643
-4.74456 3.12318
-7.9486 3.72352
-2.95952 0.521089
-4.84472 0.732124
-2.98768 0.351672
-8.00475 -3.97191
-0.389941 -2.90695
-2.46733 -0.670494
-1.70888 -2.04972
0.344199 -3.6217
-2.00397 1.97009
2.3197 -2.56505
-2.46781 -1.84995
-9.28942 0.306846
-7.8694 3.86966
-0.206929 2.23468
-3.93018 -4.57203
0.575324 -3.08446
-2.8499 -1.04341
-1.73788 2.08451
-5.40368 -2.17578
-4.83339 -3.37007
-8.50561 3.58452
-8.13835 3.33739
-8.66817 3.21453
2.09376 -3.38784
0.958988 -3.64157
-2.22081 -1.3306
-2.86276 0.878706
-2.85871 -1.01641
-1.23004 -2.47118
-1.6791 -2.08097
-4.63721 -1.69102
-8.85433 -0.244147
-3.23509 3.41043
-4.63827 -3.67567
-4.86396 -0.713242
-7.99879 4.4989
-4.13772 -4.33817
-2.95051 -0.662935
-2.32522 -1.10418
1.10713 -3.63064
-8.90989 2.54131
0.591664 1.31868
0.24485 -3.05852
-2.18228 -1.40051
-8.41183 -2.89451
-4.22459 -2.64207
-1.07697 -2.57307
-2.988 -4.22659
-4.16308 -4.30842
-8.65013 -1.99004
-2.16402 -4.87285
-1.49773 -2.88794
-2.7322 1.18061
-4.76382 -3.4836
-1.61323 -2.7993
-8.81775 0.765414
-3.64257 -3.52056
1.31781 -3.60423
-5.75131 -0.699556
-5.69063 -1.11637
-8.7695 1.16925
-5.64927 1.19232
-9.27972 -0.624792
-2.7864 1.06029
-4.88025 2.93911
-0.0941903 -3.54367
-4.06767 -4.40945
-4.13951 2.48664
-9.16249 -1.65415
-2.93786 0.620744
-3.9433 -4.55782
-1.25169 -2.4536
-5.55416 -1.70832
-8.84678 -0.477718
2.07491 -2.7192
-5.02379 2.72174
-2.36559 1.69967
0.844087 -3.07924
-0.0615643 1.34038
-8.76213 1.22685
-0.482297 -2.87313
-9.29226 -0.348431
-1.61186 -2.1486
-5.62266 1.30279
-9.19741 -1.4303
-2.43178 0.586758
-2.45782 -0.708763
-1.34393 -2.99596
-1.71724 -2.71341
-8.52088 -2.52281
-4.77378 -3.46765
-3.46343 -3.73613
-2.03518 1.07179
-4.31534 2.21243
-0.207232 -3.51472
-8.55821 3.47024
-2.29966 1.76501
-5.56853 -1.65633
-3.38652 -3.82295
-2.77379 -4.41624
-2.10047 1.02867
-1.78726 -2.6521
-0.903762 1.33137
-1.58886 -2.81857
-2.99388 0.34598
-4.59122 3.31072
-1.69154 2.09939
-5.30424 2.20262
-9.0097 2.19338
-1.94571 -1.76755
-4.90782 -0.0456734
-2.42886 -4.68836
-8.85414 -0.268334
-8.21757 4.13907
-8.50008 -2.59954
2.06717 -2.72351
-7.90359 3.80755
-2.35834 -1.02121
-3.01336 -0.0857409
-7.58843 4.33356
-1.72649 -2.03084
-8.96323 -2.57646
-1.49771 2.14947
-4.61806 1.57817
1.68326 -2.90074
-5.31112 -2.41603
2.32737 -2.55956
-1.5794 2.13067
-5.15649 2.49474
1.27896 -3.01905
-9.27462 0.5773
-1.85563 -2.58931
-4.69214 -1.5148
-3.03335 -4.18297
-1.79087 -1.95739
-8.75267 -3.27276
1.72215 -3.51612
-4.55167 3.35659
-2.34482 -2.03187
-2.89126 -0.907953
-0.217324 -3.51196
-1.63341 1.2312
-5.77735 0.327181
-4.82689 3.01373
-4.88898 0.383133
-4.03514 -4.45624
-2.49398 -0.547826
-5.78758 -0.0458184
-4.71319 -1.44121
1.84153 -2.83605
-7.8234 -4.35981
-4.36698 2.12209
-5.77068 0.392849
-2.44922 0.533852
-2.7227 -4.45912
-5.66712 1.11303
-4.89643 -0.380108
-2.60587 -1.6107
-2.43939 1.62127
-1.37866 -2.97252
-9.17171 -1.59816
-2.92872 -0.762853
-8.37779 -3.00067
-1.49076 -2.26117
-4.42212 -2.24388
-2.43037 -0.808303
-2.55673 1.47453
-1.47766 -2.2727
1.04922 -3.05903
-1.31784 -3.01322
-5.29716 2.21672
-1.3354 -3.00173
-5.77852 0.275568
-4.9023 -0.27789
-5.31169 -2.31506
1.75862 -2.87132
-1.12509 -3.12355
-2.38421 0.693502
0.102879 -3.58541
-1.94168 2.00193
0.789248 -3.64652
-2.97356 -0.535919
-4.75128 1.16468
-2.53502 0.102964
-0.381038 1.3465
-1.79483 -2.64529
-2.8864 0.807386
-1.04697 -2.59199
-8.33335 2.86966
-4.34581 -4.08208
-0.755343 1.33878
-8.83054 -0.741786
