7.83896 -1.69277
3.64722 6.20978
6.72403 0.563786
4.27341 5.77922
10.384 -1.11898
5.5695 1.38446
6.62162 1.12777
6.41536 1.85162
5.73597 4.50219
7.24892 -1.27035
2.70494 6.75846
2.82995 6.21832
7.17055 0.276423
4.87661 5.30579
6.77033 0.102821
4.56781 4.8072
7.90791 0.0116517
6.58809 1.26883
6.16247 2.48669
7.9207 -0.15085
6.97242 2.87712
5.94133 2.93464
7.77595 0.852312
3.02892 6.58243
2.41722 6.46286
7.90287 -1.22597
5.77351 4.46269
4.22561 5.13984
6.77489 0.0705109
5.41802 3.78119
7.80148 -1.88966
5.92055 2.97324
6.83788 3.09919
9.15632 0.087562
6.9462 2.92174
6.5136 3.57658
4.10799 5.25175
4.70844 4.65804
2.53659 6.39513
6.12204 2.55211
6.70068 1.07825
8.90462 0.221812
2.19232 7.01114
5.82908 4.40341
7.81936 0.700029
4.35912 5.01677
8.69216 0.327133
9.40268 -0.541115
8.52762 0.404274
4.44003 4.93706
6.02857 4.18209
4.03953 5.31286
3.58084 5.69284
5.38798 4.84918
5.46926 3.70776
4.55217 4.82338
7.898 -1.27081
7.78772 -1.95461
5.07899 4.22926
6.69663 0.744974
5.81321 3.16471
6.44896 1.75162
10.6178 -1.04983
8.74693 0.300625
4.42673 5.66477
4.86064 4.48862
6.529 3.55546
10.4249 -1.14868
6.60281 1.20855
5.40231 4.82949
6.61695 1.14827
4.87526 4.47184
7.78625 0.805449
5.19122 4.0876
4.73923 4.62445
7.87044 -1.49385
3.81513 5.50528
5.82421 3.14572
9.4841 -0.105711
7.96599 -0.398655
3.98803 5.35805
6.27306 2.22991
10.1202 -0.940322
4.20665 5.29732
3.78249 6.12152
3.17399 5.99123
6.21982 3.95598
7.93258 -0.40539
2.23911 6.98938
5.14641 5.07201
7.82717 -1.75842
7.77238 0.0971633
2.51867 6.85391
10.5455 -1.24015
7.64673 1.34276
4.90502 4.4375
6.78196 -0.175619
3.06048 6.06855
6.40143 1.89168
2.65843 6.78269
10.72 -1.17326
7.29518 2.26648
7.89581 -1.29306
5.40526 3.79922
7.88528 -1.38267
4.07411 5.92249
7.61023 1.45913
7.73721 1.01595
6.5403 1.45009
4.22601 5.14346
3.45322 5.79012
5.29974 3.94457
6.57791 1.30919
7.68102 1.22625
3.23679 5.94846
7.72533 1.06279
4.72848 5.42801
2.82077 6.697
3.71492 6.16592
3.66956 6.19538
6.38725 1.93172
7.86988 0.337785
5.69995 3.35432
5.10536 5.10856
4.20755 5.82768
7.84458 0.501248
5.17874 4.12286
6.41824 3.7045
5.2479 4.98004
6.63499 1.06747
6.75794 0.263
6.63068 1.08729
5.9921 2.83811
5.69818 4.54152
7.92733 -0.266533
7.03631 2.76549
6.55676 1.38989
4.81354 5.35833
2.84364 6.68467
2.09868 7.05393
4.69319 4.67454
7.90721 -1.18091
8.4146 0.455226
7.66075 1.29604
6.36976 3.76769
4.89823 5.28791
7.12221 2.60812
7.01094 2.81035
6.43567 1.79176
5.86599 4.36348
4.84532 4.50604
9.74231 -0.276106
3.36099 5.85826
5.74601 3.27867
7.57933 1.55235
7.85591 0.431365
6.78424 -0.241649
7.70116 1.15557
3.73724 6.15133
7.93333 -0.72687
9.88079 -0.794987
4.42357 4.95342
4.77109 5.39327
5.71173 3.33516
6.71838 0.60409
6.37578 0.482148
5.06411 5.14492
6.75353 3.2305
6.78304 -0.334107
6.6261 1.10787
4.98108 5.21703
3.3794 5.84482
10.4985 -0.917451
6.66009 0.946285
4.93458 4.40303
7.82302 -1.78068
4.31746 5.74672
7.75597 0.724043
7.48499 1.70504
8.00293 0.628396
9.10774 0.11435
6.73697 0.463403
2.51647 6.40672
10.299 -1.059
7.7314 1.03903
6.61235 1.16817
4.48822 4.8887
5.68846 3.37291
3.82765 6.09149
7.36434 2.10686
2.12244 7.04317
3.84993 6.07689
6.13551 2.54546
7.85225 0.454427
3.41909 6.35304
6.64361 1.02708
7.93038 -0.336372
6.77053 1.05713
3.07512 6.55626
9.51429 -0.596661
5.58114 3.54132
10.4496 -0.867303
4.55745 5.56454
3.91848 5.41801
3.11319 6.53225
10.2611 -0.686294
10.089 -0.537964
7.8907 -1.33791
4.05696 5.29742
6.98522 2.85511
5.51964 3.6339
6.35313 3.7891
9.52928 -0.134255
7.92978 -0.840873
3.34229 5.87189
2.94588 6.14425
2.71357 6.29026
3.83096 5.4918
6.00878 4.20216
6.7777 -0.0366419
4.47235 4.90471
7.58822 1.52846
6.78261 -0.215312
5.60293 4.63879
8.79955 0.274748
9.2881 -0.486152
10.3261 -0.746346
10.2287 -0.657296
3.07952 6.05579
6.49953 1.5908
5.42762 4.81129
6.1078 2.60458
6.63592 3.40484
2.86717 6.67192
6.23655 3.93547
4.47034 5.63152
2.84963 6.20592
4.29512 5.76324
7.9342 -0.681022
5.98211 2.85731
7.69415 1.17947
7.06134 2.72054
5.25949 3.99836
6.51734 1.53069
7.92549 -0.932041
4.07384 5.28239
5.61731 3.48557
6.74172 0.423167
5.66015 4.58067
2.88834 6.18132
3.46484 6.32486
7.91199 -0.0349198
7.4528 1.89913
7.5667 0.793684
9.67537 -0.680621
6.21562 2.36719
6.70947 0.664279
6.77944 -0.511151
6.78265 -0.373463
9.86277 -0.362267
7.91124 -1.13577
4.53519 5.58148
6.28104 2.21031
7.89872 0.104892
7.09805 2.65329
4.2927 5.08058
3.32396 5.88517
7.86396 -1.53829
2.63505 6.33745
2.61188 6.80667
5.76869 3.24071
4.58387 4.7905
5.30808 4.9244
9.97903 -0.852933
10.4787 -0.89728
7.8825 -1.40469
5.7231 3.31654
4.30902 5.06499
5.28827 4.94281
6.76765 0.142832
6.59634 1.23211
7.55534 1.62184
2.59563 6.36074
5.80211 3.18389
2.43645 6.45195
6.39447 1.91142
5.67947 4.56083
7.88043 0.676549
5.37921 3.83572
6.13414 4.05916
3.63487 5.6506
9.78265 -0.304448
2.56529 6.83042
5.44375 3.74453
7.33372 2.17612
7.93064 -0.818373
3.35068 6.39466
6.25673 2.26957
4.37487 5.00133
6.65114 3.38283
7.53882 1.66835
4.34203 5.03324
7.11601 2.62939
5.34814 4.88688
6.297 2.17055
7.92625 -0.909374
4.67745 4.69149
6.29564 0.501217
5.62187 4.61965
6.65198 0.986679
10.6699 -1.11144
6.52895 1.4904
4.68572 5.46254
2.4969 6.41792
7.14602 2.56287
6.14449 2.52604
6.77852 -0.553623
2.02874 7.08521
7.89625 0.127879
10.0743 -0.911362
9.72861 -0.709433
3.13618 6.01727
7.81039 0.688634
9.57257 -0.162082
7.51345 1.7377
3.6709 5.62209
6.40235 3.72539
10.5913 -1.01956
3.14402 6.51676
5.06494 4.24657
6.65601 0.966776
7.90062 -1.24813
5.59313 3.52294
6.53458 1.47054
6.78233 -0.195769
6.77713 -0.569721
5.85699 1.31248
5.97515 4.24272
7.7916 0.78158
6.6057 3.44812
2.33258 6.9451
7.88807 -1.35997
5.05042 4.26437
10.1937 -0.626547
4.49178 5.61505
6.32817 2.0909
6.42903 1.81152
7.91993 -1.02292
6.77845 -0.0565839
7.93467 -0.520422
9.83131 -0.766638
7.70692 1.13267
7.16948 2.51753
2.47203 6.87716
3.09788 6.54328
6.67917 0.845606
9.43964 -0.078103
3.6531 5.6362
7.918 0.0501647
7.71934 1.08585
5.50693 3.65269
7.4134 1.99197
3.37328 6.38098
2.26216 6.97856
3.91772 6.03075
7.92146 -0.999899
4.21041 5.58687
6.05119 2.72135
7.32351 2.19873
7.85373 -1.60446
6.72941 0.5235
6.40113 1.8844
2.45711 6.44049
5.23226 4.03425
5.84793 4.38318
5.43053 3.7632
7.44167 1.92302
6.5458 1.43023
9.3466 -0.513961
7.83655 0.548081
2.63482 6.79489
6.37281 1.97171
6.71757 0.677552
6.32036 2.11112
4.02257 5.32782
3.21167 5.965
5.02269 5.18107
6.66581 3.36143
6.26482 2.25002
8.86504 -0.299028
7.04869 2.74336
6.18883 2.42784
5.95149 2.9156
4.51382 5.59805
5.79114 3.20266
7.85718 -1.58264
6.33691 3.80985
7.90511 -1.20312
6.68637 0.805228
8.80255 -0.273268
4.91865 5.27033
6.91926 1.00996
6.85191 3.07677
6.01204 2.79925
5.81026 1.32191
8.34038 -0.0954537
6.24834 2.28969
5.18727 5.03526
2.44904 6.88852
5.16347 4.12319
7.4783 1.83045
4.72408 4.64102
6.77924 -0.0764853
9.90249 -0.391727
7.78284 -1.97658
7.93116 -0.359152
6.22329 2.34881
6.75983 0.242708
5.04372 5.16275
5.28651 3.96235
6.76623 0.162557
6.04135 2.74114
2.67436 6.31395
6.1423 1.23732
5.16657 5.05392
6.45034 3.66199
6.76765 3.2089
5.53189 3.61566
7.77075 0.875399
6.35077 2.03135
7.87635 0.291023
6.77874 -0.530495
6.83804 1.03643
4.49563 4.87898
7.82818 0.594924
6.56001 3.51249
7.17452 0.928964
10.5056 -1.20926
4.14198 5.22094
7.89098 0.174558
5.90264 4.32339
3.96261 6.00003
6.49768 3.5983
2.72786 6.74643
7.92619 -0.24369
7.3069 0.884579
5.77978 3.22197
4.6216 5.51368
3.77811 5.53547
3.48993 5.76249
6.27387 2.21458
5.93903 4.28314
6.77685 -0.016997
10.211 -0.999441
8.67362 -0.221486
2.0756 7.06431
3.88348 5.44774
10.6445 -1.08106
3.5786 6.2536
6.75439 0.302606
8.06127 0.00238497
6.78315 -0.294558
3.50797 5.74882
7.15762 2.54054
7.82661 0.573433
7.27053 2.3129
7.95037 -0.759408
7.92881 -0.864025
6.11642 4.08005
3.59871 5.67895
5.54533 4.69652
4.85583 5.32318
6.2703 3.89374
6.59301 1.24893
4.96394 4.36843
9.8236 -0.333732
7.32094 0.234839
6.7801 -0.491211
4.40754 4.96927
7.9345 -0.658412
6.78167 -0.432469
4.63087 4.74116
6.49344 1.13926
7.91837 -1.04527
9.09131 -0.406813
5.52545 4.71603
4.17581 5.18998
5.32843 4.90539
7.18091 2.49517
6.50547 1.57096
4.33912 5.73063
7.42282 1.96923
6.99806 2.83245
6.69809 0.402498
7.85972 0.407566
3.05169 6.56956
7.91496 -1.09056
9.62294 -0.652773
8.24182 0.530163
6.89271 3.01067
2.35565 6.93404
6.0719 2.68021
4.18496 5.84355
6.70318 0.70462
7.43243 1.94579
5.74101 3.28998
2.81081 6.23031
6.69332 0.764814
4.52028 4.85612
4.15867 5.20571
7.92221 -1.11882
3.19313 5.97794
3.44231 6.33878
3.41638 5.81756
5.09345 4.21135
6.24013 2.30921
7.28118 2.29037
5.56431 4.6775
6.72462 3.27426
6.31271 2.13075
7.39975 0.210819
7.90118 0.0812289
5.79191 4.44316
2.14551 7.03266
6.78241 -0.393048
7.82392 0.618009
7.39402 2.0381
5.10735 4.19403
6.7155 0.623953
6.08139 4.1211
4.36138 5.714
6.7647 0.182876
7.69395 0.747197
4.97833 4.35133
7.81698 -1.82614
7.52194 1.71481
2.98429 6.11916
6.75625 0.282828
9.05711 0.141805
10.389 -0.80669
6.55147 1.4096
7.35417 2.13017
5.60543 3.504
7.93494 -0.566476
3.2128 6.47673
7.7431 0.992193
7.93404 -0.543375
5.48175 3.68961
7.08603 2.67551
6.78068 -0.471836
4.22924 5.8115
5.21762 4.05299
5.9206 4.30358
7.30252 2.24458
3.86618 5.46232
6.7462 0.382955
5.36624 3.86351
7.10873 0.950567
6.58296 1.28931
10.2556 -1.02924
3.52959 5.73292
7.93442 -0.497712
6.86546 3.05498
5.64132 4.5999
2.98266 6.60835
2.93636 6.63403
4.20947 5.15887
6.09861 2.62389
3.00317 6.10673
7.91574 -0.0814561
9.11162 -0.405237
4.19242 5.17466
6.12627 2.56534
4.6428 5.49685
3.9847 5.98482
5.84607 3.10747
6.54399 3.53375
2.17116 7.02158
7.22643 2.40418
6.07977 2.66303
5.48637 4.75438
6.78167 3.18668
6.75241 0.322977
10.1666 -0.970258
7.78122 0.828537
5.6426 1.36649
7.93408 -0.474314
2.90735 6.16913
2.93879 6.15092
3.55615 6.2678
4.00742 5.96907
2.89002 6.65947
6.73197 0.503659
6.47476 1.67126
6.87934 3.03251
5.67658 3.39202
7.46016 1.87676
7.20385 2.44971
6.91962 2.96626
2.40236 6.9114
6.48727 1.63104
6.85719 0.361342
6.3656 1.99141
2.5561 6.38383
7.91669 -1.06826
7.86307 0.384566
5.89952 3.01177
7.37317 0.861909
3.48537 6.31181
6.09919 4.10029
7.7962 0.758584
7.37427 2.08417
3.93615 5.40289
6.48213 3.61935
6.69538 3.31791
6.1172 2.58468
6.77276 0.062845
7.92361 -0.197291
5.66498 3.41055
6.46199 1.71145
7.68772 1.20252
10.4191 -0.836524
6.18564 3.99749
7.01472 0.319313
2.30891 6.95642
7.09171 0.298288
6.44245 1.7714
2.63916 6.33896
6.78052 -0.116287
6.78106 -0.135881
4.66459 5.47947
4.09607 5.90699
5.36837 4.86778
6.78313 -0.314049
5.46703 4.77321
6.78301 -0.254959
7.87941 0.267992
6.69824 3.3378
7.24667 0.254976
8.35798 0.480178
7.92843 -0.290045
5.49455 3.67089
4.09199 5.26632
3.39653 6.36684
2.4957 6.86539
7.9486 0.649365
6.67171 0.885991
5.03627 4.28162
4.59943 4.77425
6.03174 2.76033
4.80026 4.55685
4.25944 5.1121
8.35293 0.493897
5.0074 4.31654
7.19245 2.47214
3.6017 6.23892
3.62412 6.22461
3.61708 5.66459
4.45598 4.92114
7.61762 1.43614
6.82416 3.12092
8.27054 -0.0703539
9.65863 -0.218885
6.3357 2.07125
7.88247 0.244284
6.66399 0.926382
2.77434 6.72184
5.39207 3.81775
7.87662 -1.44932
4.99082 4.33573
6.38016 1.95143
5.17717 4.10567
7.63967 1.36578
6.04031 3.83478
5.0757 5.12526
6.06068 2.70212
8.63841 0.352736
2.91389 6.6465
8.40756 -0.120012
3.93699 5.39498
6.73454 0.483233
6.30375 3.85187
6.97409 0.993869
7.76826 -2.04124
7.93488 -0.612473
6.78289 -0.353574
9.94052 -0.420469
2.73284 6.27851
7.87956 -1.42734
7.5715 1.5753
6.48096 1.65144
4.83049 4.52284
7.93214 -0.772654
3.90126 5.43268
6.28598 3.87259
6.50798 1.55746
5.64126 3.44811
6.5907 3.4694
8.47426 -0.144285
7.34414 2.15282
7.92287 -0.977519
7.92065 -0.173675
6.66716 0.907819
6.19767 2.40781
9.23057 -0.459294
5.00221 5.19882
7.8782 -1.47491
5.20482 4.07002
4.81518 4.54011
5.8108 4.42302
9.45882 -0.568564
7.4871 1.80762
6.68275 0.825712
9.6177 -0.191723
7.8484 0.478179
6.45577 1.73093
7.84999 -1.62682
9.24808 0.0407568
6.72092 0.584653
5.27283 3.98063
7.43765 0.839482
3.80541 6.10632
7.55083 0.165832
3.25882 6.44961
5.13551 4.15867
5.32644 3.9084
3.51053 6.29645
7.77813 -1.99798
6.06402 4.14127
2.86871 6.19382
3.87273 6.06123
5.35293 3.87212
4.57847 5.54769
7.92941 -0.312866
7.63181 1.32616
7.90584 0.0345773
7.69979 0.120027
8.20209 -0.0461602
10.6958 -1.14303
9.77957 -0.737544
7.91746 -0.10437
3.79559 5.5211
3.47132 5.77653
5.71346 1.34887
7.81034 -1.84602
3.19011 6.49
7.88536 0.221263
4.70742 5.44504
6.63256 1.09858
6.75161 0.37932
4.1631 5.85926
7.07354 2.69837
7.24866 2.35858
7.62514 1.41247
6.7389 3.25272
4.14057 5.87538
6.73942 0.442964
2.75214 6.26659
6.34373 2.05043
7.80579 0.711721
7.84649 -1.64866
2.28588 6.96736
2.39753 6.47381
6.49334 1.61121
6.56746 1.34955
6.13222 0.539244
3.54447 5.72092
4.8344 5.34104
2.77188 6.25451
8.29938 0.50558
4.94907 4.386
5.55723 3.58298
7.5047 1.76124
3.0414 6.08136
9.94867 -0.839356
7.59496 1.50576
10.1597 -0.597229
10.1241 -0.56712
4.66212 4.70792
3.28666 5.91196
3.11751 6.03004
5.31334 3.92621
8.92871 -0.325752
6.21214 1.21833
5.22814 4.99835
4.61561 4.75732
10.3574 -0.77604
7.90348 0.0582563
3.24923 5.93857
7.83114 -1.73677
3.76007 5.55023
9.20569 0.0598896
3.15538 6.00409
7.81946 0.641776
6.2833 1.19877
6.18019 2.44728
9.956 -0.430339
5.91329 2.98832
8.73749 -0.246912
7.91915 -0.127955
4.75027 4.61108
7.8189 -1.80227
6.68982 0.785338
3.30478 6.42225
7.88521 0.198866
6.15117 4.03884
2.54318 6.84188
6.75042 0.342767
7.93382 -0.7043
3.02258 6.09389
8.98976 -0.351809
4.76984 4.59072
5.99285 4.22275
10.5361 -0.958296
5.71374 4.52146
9.25315 0.0328198
7.67442 1.24929
5.96188 2.89597
3.23616 6.463
7.81503 0.664861
2.05183 7.07495
6.61934 0.422358
6.20619 2.38835
2.68136 6.77078
7.93474 -0.635113
3.74251 5.56452
6.25371 3.91432
7.79701 -1.91112
9.00736 0.168342
5.88908 3.03072
5.6292 3.4669
6.35326 1.17918
4.11866 5.89099
6.38584 3.74687
7.86066 -1.56016
7.56335 1.59891
7.84663 0.0733666
7.25948 2.33608
5.55663 3.57854
7.63236 1.38947
4.96052 5.23468
7.79233 -1.9332
8.54194 -0.170395
6.77493 0.022905
10.4662 -1.17937
8.12342 0.579596
7.49607 1.78409
6.77591 0.0032413
2.69369 6.3023
7.75992 0.922257
5.95686 4.26324
3.00545 6.59561
4.32579 5.0489
6.95916 2.89977
6.07019 1.25669
5.87825 3.05022
8.18201 0.55532
6.53758 0.44277
6.78155 -0.156047
3.30505 5.89878
2.57619 6.37213
6.76316 0.202617
4.38298 5.69781
7.74875 0.969109
6.62107 3.42618
7.92779 -0.886492
6.79607 3.16497
5.97191 2.87689
6.71248 0.644409
10.0159 -0.479039
3.93985 6.01564
5.20733 5.01708
5.99998 1.2753
6.45802 0.462283
3.76021 6.13624
7.62449 0.143366
5.50623 4.73495
4.02945 5.95376
7.74316 0.94932
7.93366 -0.451577
7.24188 0.906536
6.91644 2.98679
8.85579 0.24637
6.76904 0.122517
3.70678 5.59339
9.34759 -0.0224067
5.86769 3.06913
3.28228 6.43571
3.95333 5.38811
