13.79 -4.97
14.99 -6.8
5.92 -7.91
-0.38 -8.54
2.42 -5.8
9.31 -10.21
-8.17 -3.53
4.05 -14.85
-0.92 8.99
10.72 1.79
-4.53 9.7
-4.31 -4.99
12.86 0.07
14.51 -9.97
-3.13 -11.94
-3.91 -9.49
-8.27 4.22
-4.89 2.86
-6.71 8.32
-7.5 -9.56
-1.36 -6.55
-7.91 -11.4
-5.04 -9.62
-5.2 -8.04
-2.59 3.23
2.34 -12.25
-9.7 2.5
14.65 3.69
-8.91 -10.42
-7.32 -2.97
-9.45 -11.84
-1.82 4.04
12.03 8.84
-1.95 4.22
4.57 5.83
6.66 -1.87
0.3 -6.69
11.54 -1.59
-6.94 2.12
12.32 -8.86
14.88 -12.94
-2.42 -10.59
3 -5.86
12.81 -3.23
-8.65 7.02
4.93 5.31
-9.6 -3.09
-9.88 3.17
12.72 -8.91
-9.63 8.08
