-6.91 -5.44
-3.57 6.29
-2.33 6.31
-9.62 2.08
-1.39 -1.06
5.74 -8.97
2.94 -3.68
5.22 -13.06
-5.79 -9.54
-7.53 9
2.48 -7.89
4.38 3.97
12.27 -3.97
13.73 -1.39
4.7 9.95
-2.7 -1.88
6.25 9.89
12.04 8.35
6.43 -14.76
7.5 -6.14
9.73 -9.16
5.77 -8.34
10.92 -4.93
-9.64 2.48
11.69 -3.14
12.02 4.38
2.52 5.78
0.39 -4.58
1.04 -11.55
0.15 1.21
7.33 -9.11
2.55 -1.18
-3.89 -6.69
-3.39 0.75
14.06 -14.41
12.47 -3.93
14.89 -0.36
8.83 -2.2
-5.73 3.54
-1.38 1.63
0.72 -11.49
6.52 -3.9
5.2 6.27
12.5 -4.51
8.33 -9.71
-5.49 -14.48
-8.1 -11.45
0.44 -1.44
7.96 4.29
3.64 7.64
-0.36 -6.87
2.26 -2.94
5.93 -4.85
0.84 -2.1
-5.4 -2.39
8.39 -8.18
3.93 -10.94
6.64 -3.53
-8.81 0.42
2.11 9.95
14.86 -5.99
4.1 8.95
-6.87 5.69
14.61 5.66
14.83 5.65
-1.05 -6.21
0.82 -14.24
0.03 6.6
-0.22 -7.55
13.11 -6.68
14.74 4.24
-6.07 -3.46
-2.92 3.13
8.05 -7.66
-9.18 -12.77
9.5 5.23
6.8 -4.64
-1.44 8.77
-10 -12.77
-5.11 -5.51
-7.48 -8.82
8.07 6.52
7.55 5.89
7.82 -13.8
1.83 -9.69
6.3 -7.03
9.85 5.95
8.34 -8.98
-8.27 -13.99
-3.54 -8.5
0.99 5.18
-6.89 7.58
6.11 -6.58
-9.75 -9.45
5.81 -12.79
-2.31 -14.19
5.32 -14.32
-0.76 3.38
1.39 -11.92
-1.5 -6.21
