-1.30485 -2.65744
-0.568317 -3.31584
-2.4293 -4.93802
-3.68022 -3.72646
1.07275 -3.48167
-2.80234 -0.631721
-4.45251 -2.54882
-0.476592 -5.99185
2.17945 -2.93348
-2.74093 0.47046
-5.11113 -1.35594
2.75055 -2.31123
1.58111 -5.93448
-1.9469 1.3805
-0.515731 1.56337
-5.13954 0.308687
1.25 1.48475
2.28267 -6.68865
3.80245 -1.57414
3.5877 -5.38015
3.7572 -0.180363
3.49049 -6.5591
-4.39543 2.53131
-5.22327 -7.99793
-7.26882 -5.5187
-3.94411 -8.88425
-6.55941 -6.90488
-3.68849 3.17004
3.54741 1.56705
5.33114 -4.15587
2.21988 2.7925
-8.2217 -4.45095
3.17455 2.42194
-8.49332 -3.56032
-2.23724 -10.0935
0.954979 3.86644
5.36948 -5.64075
-0.997316 4.25871
-0.908384 -10.253
4.46595 1.3877
-2.69564 4.30883
-8.9382 -1.52754
6.4135 -2.33136
0.739675 -10.7819
6.59213 -4.43486
-9.05299 -0.0183011
7.36995 -3.03528
-8.9882 1.67362
7.04136 0.233705
3.00197 -10.873
-5.2981 -11.0964
-8.58406 2.77679
7.80815 -1.51485
3.96219 -10.7607
5.98233 2.93125
-8.38655 3.47121
-9.01556 -8.927
7.94056 -0.209745
7.06531 2.10551
-7.13733 5.0979
3.43784 6.00411
5.75249 -10.2961
5.44129 4.61999
4.43844 5.44987
-6.05257 6.22163
2.03014 6.92548
-0.302271 7.44211
0.311816 7.39159
-4.62285 7.00692
-2.50494 -13.4874
-1.07586 7.58066
-2.75116 7.58938
9.64945 -0.500243
8.05887 -9.35546
-9.51 -11.6
9.57679 -8.0321
-9.09 -12.45
10.9884 -1.72996
5.00593 -13.9392
9.81608 3.09354
10.9761 -6.32687
11.5951 -2.66857
11.5913 -3.92672
7.87778 6.28688
9.72986 4.38994
-8.52558 8.49495
11.1332 2.48042
-8.83996 8.66996
-9.35 8.41
-9.35 8.93
-8.1 9.87
9.04 8.3
7.54 9.54
13.8505 -5.43195
13.9578 -0.404949
13.1132 -8.80563
14.07 1.58
11.35 -13.08
12.23 -12.54
12.75 7.03
