0.0063652 -3.0176
3.59537 1.78347
-0.459645 2.23166
2.91691 3.11752
-1.09599 7.52163
-0.0181342 7.74541
-0.529873 -3.41127
3.22302 -2.62043
3.09778 -1.73604
0.577203 3.91295
4.04547 1.07572
3.54169 -0.379664
0.494683 -3.08141
-0.810746 7.50041
-1.83681 7.91095
0.836566 -3.62219
0.842257 -3.64584
-1.00927 -2.61513
3.0573 -1.79973
-2.16971 1.86644
2.28816 -3.3005
3.10922 1.87599
0.165003 -3.04691
-2.38806 7.49535
0.725444 -3.64631
-0.821885 7.86827
-2.63646 3.76919
-2.84003 4.56919
-1.62925 4.10054
0.432519 4.69978
1.60199 4.19021
1.44371 1.25846
3.35479 -5.51192
6.10936 -3.0424
-0.657991 -3.36121
5.9935 -3.24838
1.95866 7.11594
4.13888 -0.80782
1.72731 4.11648
2.35749 6.49587
2.88095 2.10387
4.20309 0.0237066
0.0508291 -3.57545
-2.84601 3.65997
-0.889203 4.16634
0.679767 2.17678
0.407631 -3.62857
-1.85949 4.84834
-0.816404 1.33608
3.53946 0.275658
1.71175 -3.51903
-1.55361 4.11127
0.120842 -3.03959
3.38933 -1.11149
-2.07858 1.92708
3.17839 1.57465
1.48492 -3.57394
-0.15051 -2.98031
-0.695117 7.48522
1.64112 -2.91613
1.08595 -3.63258
2.1314 -2.686
5.46395 -3.99341
4.19281 -0.39218
4.84862 -6.04798
-2.05925 3.99394
-2.60237 3.78554
2.70277 3.34312
1.08475 2.14239
-2.03549 4.00103
-0.656436 7.84935
4.0742 -1.09487
0.948213 -3.64213
3.21407 -1.52942
2.72168 -2.22062
-0.431989 -2.89194
0.262662 -3.06083
-1.81403 2.05714
0.997364 2.14894
5.94685 -3.32582
1.54748 -2.94768
2.20653 1.2056
4.86748 -6.04032
2.79085 -2.14638
5.57546 -5.5465
4.13127 -5.12648
3.02073 -1.8543
0.66622 7.20413
-2.03518 1.07179
-0.940483 -2.65562
0.619249 7.59296
2.25548 -2.60756
-2.01709 4.81864
-1.2074 7.52804
-1.20759 4.9148
3.77857 -1.85157
6.56832 -1.89369
0.390278 4.71216
2.54718 -5.76557
3.35018 -1.22157
1.80846 6.77248
3.8328 1.68576
6.49418 -4.64755
-0.494171 4.14881
3.93583 -1.51186
3.33272 -1.26676
3.54807 0.169826
3.41905 -5.4857
3.49888 0.572644
-0.308975 -3.48548
1.46243 3.48699
5.08832 -4.39379
3.29796 1.29353
-1.17995 -2.50463
1.87253 3.20066
2.84786 2.15665
1.6193 -3.54339
1.22296 7.01704
-0.672926 7.48253
-2.21461 0.931345
2.86091 2.13718
-1.07432 4.16182
0.289275 -3.06408
4.92061 1.53438
2.10792 3.85612
1.7001 -2.89438
1.99333 6.68462
-0.0615643 1.34038
4.31261 0.89576
4.13188 0.698598
-0.381038 1.3465
1.52622 -3.56483
3.05221 -1.80749
-2.32961 1.73454
4.86721 -4.59495
-1.22939 7.52911
-2.01243 1.96547
2.04138 3.06215
-0.565138 -2.84007
0.638053 -3.08537
3.0288 -1.85252
0.530572 -3.08303
4.06218 1.01299
2.17626 -2.6596
-2.32173 7.50214
2.00331 -5.86414
-2.21913 1.82939
-0.313614 -2.93254
-0.384658 7.44263
2.78221 3.26242
5.33498 -4.14028
-0.667668 -3.35728
6.26344 -2.7311
5.44578 -5.64809
4.08898 0.94803
6.77048 -4.27326
2.44887 -3.21658
0.200331 1.33633
-1.23534 1.3023
3.40747 -1.0555
-2.15852 1.59182
6.72878 -1.11094
-0.396249 7.8129
5.75887 -3.61164
3.49869 -5.45187
5.56573 -3.86948
2.33467 -2.55437
4.85558 -4.60385
-3.00126 4.5
4.20237 0.048495
-2.70313 3.73618
2.32406 -3.27294
5.13729 1.48626
5.27486 -4.20522
2.1331 -3.37135
0.0327298 -3.02302
2.03776 3.90695
-2.95757 7.80695
1.05432 -3.63525
1.83278 3.23097
3.16478 -1.62182
2.51424 -2.41472
6.72349 -1.14914
2.93571 3.09643
1.76708 6.79144
3.29684 -1.34945
5.8585 -5.30458
-2.35964 0.739056
2.12305 2.99017
3.79419 -1.8217
0.587366 -3.64226
-0.298959 -3.48849
-1.09866 2.20811
-0.698016 4.90611
6.03006 -3.18558
6.30837 -2.63006
-2.13606 1.00898
-1.73788 2.08451
3.28028 -1.39122
-0.617294 4.15823
3.55346 0.0649954
1.06058 7.46547
0.817324 -3.08083
0.324976 -3.06808
3.20223 2.77113
-1.18537 4.15514
-0.460168 -3.4363
-0.463783 7.45598
2.255 2.86633
4.19084 -5.09018
-0.0941903 -3.54367
2.58989 -2.34844
3.12698 -1.68772
3.48695 0.636592
0.600491 3.90463
-2.40602 1.65793
3.62569 -2.11227
2.11345 -3.37966
-0.555699 4.15396
-1.21205 1.30504
6.62898 -1.65573
-0.538354 7.83382
0.566477 -3.08423
0.847739 -5.89982
6.04446 0.561519
-1.49844 4.89612
-3.18774 7.76501
0.862008 -3.07804
-0.193661 -2.96857
6.44998 -4.68957
2.99137 3.03266
-0.373011 -2.91281
-2.49288 7.8699
-3.48324 7.29337
-1.76643 7.91211
-0.668888 4.90404
0.0552032 4.06296
6.56332 -1.91157
-2.99871 7.50813
5.35883 -4.11393
2.91058 1.90784
1.529 4.23547
2.3443 3.6695
4.05895 1.0254
-0.227708 -3.50908
2.16234 -3.35871
0.691939 -3.08512
6.25686 -4.90924
2.4639 3.56712
-0.0627217 4.8223
1.42506 4.28927
3.4105 0.955576
-1.43848 4.1299
3.26858 2.68138
-0.361503 4.84108
-0.156048 -3.52829
-1.65094 4.09402
3.47857 -0.788172
-0.940016 7.50995
-1.39414 2.16955
-2.00757 1.09172
3.22072 1.48149
1.15334 3.66275
1.37875 3.53772
5.55535 0.664844
3.34755 1.15662
-2.38895 1.67589
2.72149 -3.0469
0.404493 4.70801
3.51461 0.476954
3.55549 -0.0902861
-0.517171 7.46234
3.09913 -2.74246
2.97777 3.06997
3.51927 0.445192
-2.08829 4.80342
2.53006 -5.76952
-1.48065 1.26486
5.2012 -4.28192
0.826022 -3.08038
-0.798142 2.227
6.09848 -5.07496
1.24056 2.12485
3.55268 -0.215824
1.1203 -3.04866
3.88254 -1.63792
-0.224131 4.11561
2.38957 2.72937
-0.0654696 7.7548
4.11806 -0.912225
1.89506 1.21668
1.35764 -3.00098
3.73491 -5.34255
2.05435 6.65446
3.55586 -0.0811431
1.08479 -3.05406
3.92474 1.735
-3.5534 7.6832
3.53445 -0.450619
1.70149 4.13064
-0.755343 1.33878
0.0888964 -3.0351
-1.8348 2.04899
-0.590185 -2.8296
3.5557 -0.0291301
1.5817 -2.93657
1.68326 -2.90074
1.50398 3.4609
1.60912 -3.54589
-0.0533297 7.38326
-1.03189 -2.60133
3.55122 -0.24661
3.63402 2.09905
2.57796 -3.14079
3.09185 1.74868
-0.148424 4.83835
0.0564287 7.3604
2.36122 -5.80546
2.52132 -2.40872
1.00989 7.09376
0.105386 4.77903
2.7828 -3.00337
6.5372 -2.00165
4.08996 0.899834
0.52983 4.66948
1.05994 4.4676
3.54578 0.201773
-3.09254 7.38536
0.199326 4.02838
2.52318 -3.17391
5.54338 -5.57281
2.26756 -2.60085
-0.383485 4.13729
3.11496 -2.72757
0.012427 7.36975
1.51402 4.24054
2.86925 -2.05535
1.53673 7.289
-0.561692 7.83703
4.09446 -1.01546
0.182749 -3.04967
3.99372 1.25116
0.646921 3.8876
0.672439 -3.64529
1.0261 1.29129
6.54248 -1.9839
1.78826 -2.86308
4.15499 -0.714281
3.00041 3.02212
1.67495 -2.90383
-1.34195 7.906
3.46936 0.721568
3.09522 -5.60839
2.54204 -2.39092
0.115369 4.04914
1.91074 3.17047
3.15983 2.82648
4.13449 -0.831156
-1.04 1.32179
-1.0037 4.91759
0.0819667 -3.58153
2.0907 -2.71027
-3.05008 7.79096
6.66525 -1.48866
4.18894 -0.440547
1.82439 2.0586
-2.2865 4.75495
-0.450887 7.45277
6.03677 -3.17775
5.52718 -5.58496
3.25192 1.40867
-1.84431 4.05227
3.73269 1.90597
-2.32941 7.88529
3.78968 1.78414
0.670061 3.8789
-2.20269 0.943151
-2.24276 0.90155
4.16223 -0.667029
3.35136 1.04251
6.20087 -2.86349
-1.05132 7.51861
2.66854 1.13138
0.790548 -3.08219
2.22161 3.76872
4.09291 0.88705
-1.0592 2.2116
-0.569553 -3.39635
6.62027 -1.69265
0.565712 3.917
1.24515 -5.91328
4.14517 0.623036
2.39893 3.62341
2.62423 2.45996
-1.37831 2.17228
1.51287 7.29816
-1.71567 4.8707
-2.70355 4.62221
0.234414 7.32029
-0.62258 -2.8156
-0.67151 -2.79372
3.42493 2.4527
-3.24498 7.35218
-1.31884 7.53282
3.64365 -2.08422
-1.95071 1.99753
6.29892 -4.86313
3.60941 -5.40234
4.9549 -5.98687
3.26058 1.38776
3.29011 -2.54872
0.539377 -3.08338
-2.36617 7.49766
-2.93943 7.41526
2.64767 -5.74125
0.365329 -3.62411
0.260137 -3.61089
5.07602 -5.90954
-0.584186 7.47144
-0.217324 -3.51196
-2.74744 3.71336
-2.52116 7.47991
-0.177183 4.84341
0.548523 -3.08369
-2.37735 1.68783
-2.80231 3.68409
5.71864 -5.42775
3.80953 -1.79162
1.67406 3.34669
-0.0723191 -2.99994
-2.7695 3.70173
4.18933 0.272302
0.598205 -3.64254
2.48615 -3.19549
5.85982 -3.46303
-1.55654 4.8903
-0.931681 1.32993
3.06359 2.94682
0.835255 -3.07979
5.32318 -4.1532
3.85414 -1.70003
2.97302 1.95996
1.35757 3.55018
4.90265 -6.01905
0.151049 4.77566
3.12011 1.07401
3.87409 -5.27154
-2.19832 1.84537
3.3652 1.10386
3.48299 -5.45866
1.5962 3.40074
2.47962 -5.78082
-2.71989 7.45227
-2.03791 1.95122
3.69617 -1.99854
3.051 -2.78625
0.176044 -3.59812
3.58803 2.18259
-2.30228 0.828024
1.03765 -5.90962
-2.29894 7.50437
-2.6475 3.76383
3.46193 2.39467
-0.727977 -2.76727
-1.01542 -2.61899
2.00994 3.90351
3.24206 1.85437
1.35949 -3.5973
4.00157 1.22608
2.46245 2.65018
0.515728 4.67398
5.49845 1.40169
-1.49862 1.26136
4.17552 -0.54711
-0.774632 2.22783
-3.37145 7.72626
2.22031 2.89984
3.55216 0.0963704
-2.14433 0.995079
6.39235 -2.42505
1.42231 -3.58628
6.76229 -0.80322
-0.666753 4.161
-0.021557 1.34279
6.06905 -5.10446
0.524043 -3.63829
3.6079 2.14696
-1.62484 7.91256
-0.677546 2.24395
2.91415 -5.66708
2.12301 -5.84712
1.58844 -3.5509
-1.2 7.89899
-2.37098 4.7315
1.52186 -2.9557
-2.34287 4.73949
1.61463 4.18272
-2.14371 7.5174
6.37885 -2.45961
1.50153 4.24752
1.90733 -2.81451
2.51381 -3.17943
-1.46937 4.89878
6.74955 -0.938382
3.36393 2.54508
0.969451 -3.64101
-0.847263 -2.70704
-1.5116 2.14646
0.502019 4.67832
-1.13485 4.91676
1.40139 -3.59013
1.10255 -3.05141
0.746712 -3.64651
2.34944 -2.54374
3.40439 0.976837
-2.11856 7.90006
-1.81001 7.5345
3.96513 1.33861
-1.00045 4.1646
-0.609064 7.84333
1.08458 1.2871
4.11733 0.773824
-0.11484 -3.53866
1.29361 3.58689
-1.12378 4.15921
1.88225 3.19304
-0.0425925 -3.55567
-0.206929 2.23468
4.20349 -0.173199
-0.305367 1.3465
1.34915 -3.59919
6.40563 -2.39037
3.89175 -1.61706
3.93515 -5.2387
2.01952 -2.7494
-2.54234 1.49418
3.83958 1.66114
0.186692 -3.59985
3.10266 -1.7281
1.28611 -3.60903
-1.16404 4.9161
-1.47504 7.53679
0.960291 -3.06955
-3.34926 7.73069
-2.15805 0.983684
3.46603 -2.33835
-0.73966 7.4903
3.23811 -2.60466
-2.38648 3.87943
-0.642019 4.15969
-0.498991 -2.86668
2.74072 -2.20072
2.31676 -3.28637
-1.7035 2.09567
-0.16618 -3.52567
-2.50253 1.54601
-2.20059 3.94842
-1.54188 4.89106
6.65758 -1.52601
0.382929 7.65511
-2.4872 1.56504
4.6911 -4.74
1.66679 3.35254
4.17609 -5.09913
6.72131 -4.342
2.63154 2.45083
1.34196 2.11417
0.247208 4.01576
1.99564 -2.76193
-2.04717 3.99758
-2.33243 0.783937
-0.153074 4.10348
2.36414 -2.53302
3.33283 1.19888
-0.650597 7.47988
-0.0983551 -2.99363
0.155623 -3.59324
-2.62508 3.77467
3.53183 -2.24985
0.294036 1.33279
3.3836 -2.44128
1.12904 -3.04726
0.608673 -3.64302
1.53931 4.22629
-2.31124 0.815486
2.79802 -5.70116
-0.901738 4.91584
-0.989313 4.91747
-0.789747 -2.73629
3.20083 -1.55508
-0.228155 -2.95873
3.24182 -5.55573
3.40134 0.987309
3.56222 -5.42381
3.5062 0.530031
-2.91123 7.81452
2.19166 -2.65004
-2.36559 1.69967
1.59934 -3.56155
3.29685 -2.53993
3.37646 1.83195
0.912868 1.29914
1.29642 4.35599
2.24418 3.7509
-2.40042 1.66388
0.187508 4.03141
3.47396 0.700245
1.20211 -3.62033
-2.42074 3.86558
2.34801 -5.80698
-0.494832 4.88813
0.111862 -3.03802
3.78376 -1.84173
1.70514 6.81932
0.651179 -3.64465
5.83007 -3.50793
0.514714 7.24763
-1.58555 4.88712
-1.56625 2.13381
0.209772 7.32579
1.04356 -3.63609
1.41289 6.94321
-0.751179 7.86059
-1.07333 7.52013
2.41145 -3.23756
0.76798 -3.64658
2.51695 3.51954
2.43014 -3.22694
2.34523 -3.27196
4.08706 0.912248
-0.160156 7.77277
4.18052 -0.52445
-0.540436 -2.8502
-0.559503 -3.40017
3.75026 -5.33496
-0.443615 7.82015
-1.2521 7.53015
0.640158 4.63272
6.76955 -0.706252
0.916501 -3.64357
1.84379 3.22295
6.34426 -2.54523
1.26488 -3.61559
3.28904 -5.53814
3.03132 -1.83877
1.99425 2.03727
0.838864 7.15072
-2.53823 4.68
-1.88476 2.02811
2.63269 -2.68332
3.31197 -2.52441
0.722639 4.60347
-0.561627 7.46844
0.312685 -3.61788
-2.39905 4.72333
6.40951 -4.73733
-2.51266 1.53316
2.29761 -3.29587
5.63714 0.647813
1.10271 7.05903
1.28322 4.36259
5.0662 -4.41278
-1.67205 7.91269
-3.04876 7.39426
3.96483 -1.43703
0.173978 -3.04827
3.16834 2.8152
-3.00385 7.7991
6.5035 -4.62488
1.97909 3.94859
2.3222 3.68781
3.53845 0.286095
-2.79922 4.58659
-0.0897677 -2.99574
-1.03289 4.91771
3.11249 -1.71195
3.07431 1.78074
-0.851161 4.16643
0.656016 -3.08539
-1.40945 4.92029
5.94997 -5.21991
0.761682 -5.89337
1.76773 2.06552
-1.60221 4.10299
0.62373 3.89618
3.6152 -2.11637
-3.23378 7.75573
2.13579 6.61329
0.129562 -3.04109
4.05229 1.05056
3.41735 2.46448
3.38301 -1.13064
3.9257 1.45076
6.746 -4.30772
-1.17703 4.92434
1.14148 -5.9124
-1.5275 4.8933
4.10135 0.849434
3.02752 2.98962
-2.36694 0.72607
3.11193 -2.74427
3.19327 -5.57369
0.428801 -3.63061
3.85847 -5.27976
2.91588 -1.99729
3.55589 -0.0602959
-3.16508 7.76945
5.69597 -3.69918
-0.916615 7.8776
1.25153 -3.02507
3.45814 -0.875274
1.89453 -3.4626
1.10713 -3.63064
2.6959 -2.24697
2.64548 2.42376
2.03029 1.20298
2.35488 -3.26701
1.56461 -2.94218
-0.692182 1.3411
2.22907 2.00633
-2.35198 3.89304
6.36533 -2.49272
-2.63151 7.46524
3.33891 -5.51825
4.03361 -5.18672
6.63746 -1.61871
0.376462 4.71616
4.07716 -1.08372
5.63961 -5.49418
3.23567 2.7264
0.179423 4.76876
1.79537 3.25969
-0.358891 4.13433
6.07455 -3.1065
4.64234 0.839292
-2.56891 3.80105
2.51907 3.19784
0.952882 4.51362
2.81531 -2.11876
-2.27276 1.78553
-1.88022 4.04342
1.90139 3.17793
1.47435 -3.57611
5.12514 -5.86979
2.78782 2.24347
1.80849 -2.85048
4.02521 -1.26257
4.15128 0.58546
-2.29966 1.76501
-2.58021 1.44137
2.82742 -2.10489
3.50911 -0.630927
2.9195 -2.89853
1.23111 7.40126
6.46889 -2.21308
-0.33946 -3.47591
3.51241 -2.27661
-2.0849 1.03947
3.27457 1.05314
4.09719 -1.00421
-2.95296 3.59807
3.7926 -5.3152
-1.03929 2.2132
3.9443 -1.49053
1.33134 -3.00726
2.34538 6.5103
-0.436803 4.88148
1.81664 -2.84697
-2.14524 4.79042
-0.199663 4.11174
2.5868 2.50588
-2.41286 4.71924
1.0119 -3.63838
-0.567254 4.89549
3.32152 1.23037
3.60196 2.1588
3.4727 -2.32978
3.85851 1.62419
1.86493 7.15622
3.85594 1.74767
-2.14192 3.96803
3.4948 -0.709779
2.80923 -2.12573
0.225485 -3.05827
5.38251 -4.0874
5.22934 -5.80594
4.14313 -0.784429
-1.71151 4.08201
1.39941 4.30292
6.47684 -4.65732
-1.45582 4.12626
0.218053 -3.60474
-2.74903 7.83875
2.93094 -5.66193
-0.210922 -2.9637
-2.81841 7.82883
3.3248 2.60213
5.89903 -3.40232
-2.65591 7.85108
-2.73098 4.61197
1.96347 -2.77836
-0.163182 4.10572
-0.711865 -2.77495
0.401596 3.97114
-1.77309 4.8608
-2.92075 4.53541
2.64175 3.4029
0.968634 -5.90672
3.24761 1.41896
6.75152 -0.919368
3.84937 -1.71015
-0.344148 2.23074
-2.49229 1.55878
3.54657 0.191057
1.39272 2.10869
2.70432 2.35735
-1.76372 1.19349
-1.51679 1.25775
0.42717 2.19586
0.555493 -5.87284
1.19089 -3.03659
4.02876 -1.25134
-2.87311 3.63833
2.10565 -5.84974
1.65039 -3.5355
3.69065 1.99075
0.103157 -3.03648
3.4668 -5.4656
3.17397 -1.60516
-1.53926 2.14022
3.2162 1.49173
1.66355 6.83773
5.14067 0.747529
0.538086 3.92825
-2.5937 4.66139
0.0420989 4.06558
-2.75903 7.84284
2.9789 1.95013
0.748612 -3.08309
0.761774 3.84298
2.50972 2.59675
-2.49669 4.69343
4.13859 0.660659
0.459666 -3.07923
3.70367 -5.3578
-2.34835 0.758331
-0.230835 7.78549
2.28816 1.99828
-1.01675 -2.6106
3.04181 -1.82317
1.98186 7.10585
-2.88047 4.55252
-2.16253 1.87157
1.46407 -3.57818
2.77249 3.27247
-1.78766 4.86006
4.78655 -4.66295
1.74546 -5.89211
1.02061 -5.90899
3.55113 0.117411
-1.90424 4.0373
6.13483 -2.9942
3.40751 0.966052
1.41233 4.29591
-2.48255 4.69789
-0.82344 -2.71954
-3.01482 4.49586
-3.3967 7.31572
3.97285 -1.41543
-0.509138 4.88967
3.49208 2.34802
3.87319 -1.6587
2.52535 2.57872
-0.305204 -2.93523
1.95149 -5.87072
6.21437 -4.95489
-1.02444 -2.60591
3.55476 0.0230362
1.1789 4.4132
1.87008 6.74378
3.02719 -5.77753
-1.29737 2.18492
3.28091 1.3449
-1.08687 4.16121
1.09962 4.44984
2.72552 2.32915
3.52574 -0.521102
0.0854904 -3.03326
3.53667 -0.43035
-1.59259 2.12723
0.968831 -3.06872
-1.09921 -2.55875
5.78132 -5.37346
2.66835 -3.0829
4.12957 0.711011
6.55301 -1.94779
-0.6061 7.47429
0.406911 7.64911
1.78722 4.07696
0.875632 3.79516
0.10933 1.33932
4.80027 -4.65157
6.18466 -2.89637
-1.64873 1.22725
0.924537 -3.07302
-1.37005 4.13739
-1.39685 4.90463
0.209267 -3.05361
1.3724 7.35073
0.449983 -3.07881
2.25729 6.54993
2.44375 -2.47236
-1.39463 4.13439
-1.66387 2.10315
6.58326 -1.83883
5.65316 -3.75669
-0.325551 7.80159
2.80802 2.21475
-2.28364 0.852193
-1.56448 7.53763
1.65805 -2.91003
-0.975691 4.16525
-1.45505 4.90002
-2.31471 4.7473
-0.845732 1.33461
-2.45544 3.85108
2.44229 3.58595
4.20289 -0.197715
0.909348 3.78029
1.08213 -5.9127
3.28985 1.31454
3.16955 -2.67467
1.01004 3.73393
4.12294 -0.889085
-0.770669 4.91054
-2.53509 3.81641
4.2005 0.0981497
3.74586 0.985406
-1.83937 1.16856
1.83138 -5.88409
4.03502 1.11326
-2.52267 1.52024
4.67751 -4.75068
-1.15046 7.53004
-0.869252 7.87307
0.796196 -5.89611
4.20407 -0.0257886
1.8144 -5.88578
3.64092 -5.38769
2.30606 2.81571
0.72268 2.17334
2.23676 6.56079
3.25312 -2.58877
2.73914 -3.0346
3.01062 -2.82227
-0.234797 4.85304
-1.45982 7.90994
-0.735704 -3.32835
6.16825 -2.92912
2.41499 -2.49479
1.94468 -3.44517
-1.50483 4.11908
2.08644 3.02826
4.30819 -5.0155
3.18497 -2.65928
3.01548 -1.86191
3.68468 -2.01777
2.22076 -3.33247
-1.87506 1.15229
2.43133 3.59549
-0.381587 -2.90985
-1.70825 1.21074
3.12797 -5.59703
4.06873 0.935461
1.43123 3.50619
2.71909 2.338
0.474157 4.68701
4.00726 -1.31752
-0.815647 -2.72359
5.79712 -5.36088
1.49617 -2.96347
3.55525 -0.132992
4.7141 0.831337
-1.93105 7.90842
3.60124 -2.14952
-0.703808 7.85511
-1.2962 4.14549
-1.83069 4.85317
-2.07085 1.93256
-1.85515 2.04071
-0.20753 7.41268
-3.41721 7.71587
3.40623 -1.03952
0.948954 7.49515
3.47164 0.711063
1.99074 3.94041
2.10349 -3.38392
-1.16493 1.3102
-0.909519 -2.67313
1.91468 -3.45568
-0.245325 -2.95367
5.31098 -4.16646
2.69252 3.35329
3.38206 1.05101
4.68012 1.58069
-0.356046 -2.91857
2.22979 -2.62576
-2.1402 1.88709
0.241831 7.6891
-0.378863 4.87413
3.04694 -1.81548
4.84046 -4.6178
0.542353 3.92514
5.88916 -5.27657
-1.34545 4.14024
4.13646 0.673405
-1.29464 7.90394
1.38331 -5.91179
5.62073 -3.79927
-2.60958 7.85665
-1.69955 4.08446
3.38861 1.02979
2.76036 2.28176
4.19458 -0.156925
0.809461 -5.89796
3.32553 -1.28477
-3.09419 4.45677
2.89437 -2.9188
0.023941 -3.02126
3.30478 -2.53246
1.75613 3.28874
2.56896 -3.14633
1.87187 4.02176
-1.86502 2.03658
-0.610685 4.89934
2.96402 -5.65161
4.11305 -0.935308
-2.36338 3.88859
-0.362164 7.43905
3.19254 -2.65165
0.744684 -5.89195
3.57455 2.2064
1.32531 7.36783
-1.78219 2.06905
-0.71706 7.48775
1.40034 -5.91137
3.51675 -2.26497
2.96095 -1.93809
3.71881 -1.9598
2.83477 -2.96494
1.18216 -3.03819
0.193524 2.21051
4.01796 -1.28455
2.41402 2.70322
0.467911 -3.07993
6.27116 -2.7141
-1.52572 2.14332
1.04642 4.47356
2.26349 2.85803
1.39153 6.95177
6.44419 -2.2856
4.04525 1.14844
-0.625432 4.90064
-0.0561147 2.22252
1.50882 3.45636
5.37026 -4.10138
2.29758 -2.58041
1.27896 -3.01905
-0.00106896 -3.56477
-2.15114 0.989486
1.00654 4.49089
3.55421 -0.174467
-2.56599 4.67078
2.58721 -3.13506
1.24428 4.3818
-1.12034 -2.54857
3.15548 -1.6384
-2.35975 1.70548
4.79676 -6.08216
2.49571 3.53868
6.70906 -4.3588
0.860061 7.14388
5.55957 -5.55925
5.00691 -5.9543
-2.02623 1.07715
2.82138 3.22137
2.07504 6.6441
5.98012 -5.19126
1.31781 -3.60423
3.419 -1.01789
6.81879 -4.20378
4.20642 1.68158
4.41015 -4.94679
1.32403 3.66642
-2.39721 1.67331
0.906651 -3.07459
4.75934 -4.68531
0.24485 -3.05852
2.98012 -2.85536
-1.21006 4.15325
4.43831 -4.92755
5.54337 -3.89736
2.16808 1.18848
1.63562 1.2406
-1.81402 4.06445
3.33623 -1.25786
1.97487 -3.43417
1.15254 4.42555
-0.00546856 4.81073
4.26446 -5.04383
1.22617 -3.02991
3.91194 1.48792
0.727185 -5.89044
3.59386 -5.40947
3.49308 0.604479
-1.35337 4.90761
-2.03118 4.81572
0.642939 1.31584
3.46289 -0.855976
1.77579 3.27426
2.55682 3.47975
-2.4688 4.70221
5.3891 0.698715
-0.457686 -2.88254
-2.63495 4.64705
1.37368 4.31644
3.52224 0.423924
3.14259 2.84856
2.54087 2.56061
-2.34363 7.49997
3.64686 2.07502
0.518948 3.93314
1.61495 -5.9084
0.418285 4.70393
-0.647208 -2.8047
3.19391 2.78211
3.53737 0.296846
1.00479 -3.06462
3.20932 -5.56781
0.95143 -5.90592
0.727521 3.85667
3.10771 1.71822
3.47618 0.689741
-0.785685 1.33749
3.06476 1.79935
2.78511 1.9266
3.49105 0.615273
2.84435 -2.9611
-2.55776 3.80616
-2.37402 0.713023
-1.00666 7.51533
3.71712 1.77279
0.00917646 -3.56693
1.4632 4.26864
1.56573 3.42096
2.1588 2.95758
4.56189 1.6105
-0.270981 -2.94593
3.06252 -1.79172
0.390474 1.32867
5.8028 0.612548
0.942419 -3.07134
3.36947 -2.45811
-0.761613 7.4927
1.68111 -3.52741
-1.98654 1.97935
-0.489546 1.34565
4.89383 -4.57191
-0.330662 -2.92701
6.83483 -3.3422
0.147148 7.71052
1.20142 7.02509
0.122636 4.78241
-1.11829 2.20625
0.986014 -5.90756
5.7346 -5.41406
4.18433 -0.488283
1.32624 4.34721
6.27281 -4.89738
-2.43251 3.86068
3.32254 -5.52472
-2.43246 7.49047
3.7489 1.85701
3.50239 -0.675059
0.881873 7.13678
3.44969 0.806841
-1.61728 1.23628
3.30715 -1.3294
3.90085 -1.59611
-2.07154 7.90258
-0.318057 7.43182
1.30447 3.58075
2.47436 3.55772
2.84078 3.20071
-0.288108 -2.94063
-0.523839 -2.85688
0.576963 -3.64148
2.37709 3.64198
2.40051 -2.50586
6.72078 -1.16935
0.342843 -3.06993
-3.13361 4.43757
1.33615 3.55991
-0.0768453 4.82505
1.20853 -3.03331
3.49285 -0.719764
-0.495293 7.45925
-1.67902 1.21909
1.82384 -3.48576
1.02236 -3.63761
-2.98333 7.40704
0.271443 -3.06193
0.772603 -3.08296
3.42732 -0.989668
2.71269 3.33323
3.45327 -0.894467
4.42416 -4.93739
2.5716 2.52419
0.4182 -5.85517
-0.799792 -2.73173
0.476747 -3.08045
-1.10536 7.89293
3.19599 1.06384
-2.09285 1.03409
5.57669 -3.85569
6.71796 -1.18726
-2.55673 1.47453
-1.79281 2.06515
4.58024 -4.8251
4.19835 -0.30742
-2.27916 1.78003
3.77958 -1.79021
0.357634 -3.07621
-0.605115 4.15745
3.27534 -2.56487
3.31083 -1.32061
2.11895 3.84738
-1.94078 4.02747
-2.42307 7.8769
3.59515 -2.15864
1.07305 4.46177
-0.0212967 2.2211
1.69395 -5.89629
0.682917 -3.64554
5.64519 -5.45887
3.15385 1.62607
-2.70249 7.84506
2.27767 3.7241
-2.04608 1.9465
-1.88625 1.14758
3.54031 2.26553
5.19546 -5.8294
4.12529 -0.877663
3.5305 -5.43794
-3.06767 4.46936
0.0941856 4.78899
0.736701 -3.08419
0.489675 1.32398
0.249432 -3.60944
2.39517 -5.79867
-0.133151 -2.98485
2.74647 2.30081
2.90435 -2.01193
1.20766 3.63412
2.24498 -2.61584
2.46075 -2.5574
-1.03466 7.8877
-2.22034 0.925497
1.86307 3.20804
3.02888 -5.63088
3.32913 1.20927
3.54047 0.26492
4.18358 0.334682
3.7444 1.88161
0.598935 4.64677
3.80451 -1.80158
1.73639 3.30311
6.21687 -2.83047
1.315 3.57476
6.3546 -4.80064
4.97235 -4.50215
-0.00228597 -3.01576
0.493676 -3.63049
-1.3642 1.28477
-0.916253 -2.66907
-2.69003 4.62722
-0.248156 -3.50334
1.38916 3.53154
4.53775 -4.85652
2.09583 3.86458
4.17353 -0.584037
0.536096 -5.87098
2.32737 -2.55956
0.32403 -3.61641
2.79694 -2.13959
4.09834 0.861902
2.67716 -3.07703
0.369532 -3.07249
-2.33656 0.777466
2.83134 -5.69166
-2.63294 7.85394
4.1493 0.59786
3.24794 -1.46101
3.81969 -1.77139
1.95552 -2.78234
-2.34777 1.7172
1.30715 -3.60588
4.20412 -0.136539
-0.187846 1.34565
-2.18764 4.78026
3.94362 1.40088
3.28484 2.65878
4.34852 1.65367
4.15328 0.572692
3.20782 -2.6361
1.26155 3.60479
2.38597 -2.51682
-1.33859 4.90854
3.58121 2.19468
1.16447 -3.04132
2.91813 2.04906
0.493289 7.25353
4.22046 -5.07173
-0.783889 -2.73979
-0.125583 4.81958
4.88034 -4.58362
6.63339 -4.4602
3.3854 1.04025
2.07797 3.03032
-1.58645 7.53768
3.98074 -1.39377
-1.68723 4.08694
3.50744 -0.640714
-0.657313 1.33589
0.180458 4.03969
0.978151 -3.06765
0.778458 -3.64657
2.61689 -2.32359
2.17616 3.80402
2.96101 1.97987
3.5487 0.159555
-2.57088 1.45474
3.12273 -2.7202
6.54292 -4.57608
3.64037 2.08722
6.27862 -2.69755
2.59617 -3.12946
1.64668 3.36647
6.43781 -2.30339
2.96695 1.97006
0.0197323 -3.56914
2.61009 -2.3299
1.93461 -5.87274
3.49803 2.33627
-0.489076 2.23209
-0.440117 -3.44322
-2.73655 3.71904
2.09867 -2.70572
1.42115 3.51239
0.375614 7.27729
6.17284 -2.92837
1.07226 -5.91075
1.27822 7.38467
1.80352 -3.4921
4.18713 0.297315
2.8978 -5.67205
6.75536 -0.880722
-0.523999 -2.85489
2.13987 -5.84451
2.21685 6.57127
-1.96037 1.11318
2.87384 2.11766
-0.839223 -2.71128
1.52464 3.44769
0.796156 3.8289
6.69248 -1.3201
3.40153 -1.07423
1.39558 7.34221
0.830534 7.53145
0.413241 3.96752
3.31935 -2.51609
1.25715 4.37549
2.66098 2.41363
5.88145 -5.21598
1.92311 -2.79825
1.41845 -2.98542
-0.454312 1.34604
3.57946 1.79712
3.30662 -5.53095
-1.4044 1.27838
3.34025 1.17776
1.79191 -2.85753
-1.83889 2.03838
2.69706 2.36691
3.55351 -0.195161
2.2303 -3.32805
6.57341 -1.87525
6.59755 -1.78427
3.52508 0.402665
-0.0194287 4.81394
-1.07697 -2.57307
3.15135 2.83737
2.66469 -5.73694
1.82443 3.23776
-0.930927 4.91656
-2.2297 4.7639
3.35699 -1.20334
3.2003 -2.64378
-0.727159 7.85784
2.26893 -3.30981
0.330468 3.99244
-2.18825 7.51398
0.507408 3.93704
3.34833 2.56801
0.512625 -3.08228
2.40206 -3.24218
1.56955 1.24744
1.59034 -5.90331
6.1568 -5.01534
1.62415 -2.92211
-1.701 4.87273
-2.18412 1.85595
2.01165 -2.75356
-0.52524 1.34514
1.71364 4.12316
0.449761 7.26533
5.12653 -4.35666
1.21835 3.62837
4.20253 -0.209781
-2.79576 3.80341
1.46165 -2.97351
3.37939 2.52208
-2.29778 0.834176
2.15318 -2.67368
-2.10047 1.02867
1.56452 4.21192
0.318766 3.99583
3.18752 -1.58016
-1.25755 1.29958
2.83356 -2.09776
1.71656 3.31739
0.52112 -5.86872
6.01188 -3.21705
3.00255 -2.82926
6.32292 -2.59613
3.70317 1.96655
3.54685 -0.36659
1.74665 6.8007
3.5124 -0.611029
-1.65556 2.11011
-2.1904 0.954869
6.38215 -4.76909
-0.277866 4.85979
2.55991 -3.15272
-0.432569 -3.45039
-1.1145 1.30316
3.05368 1.81961
2.75672 -3.02218
-0.628444 -3.37327
0.0190804 4.07083
1.96334 1.20983
5.67464 -3.72804
3.64555 2.04999
4.08306 -1.06103
0.858123 1.30276
1.78424 6.78302
1.38674 4.3096
2.87858 3.15887
1.86176 -5.89501
1.07603 -3.05532
-1.03896 -2.59681
3.13405 2.85941
-2.92165 3.61646
3.78421 1.79622
2.2826 -2.59068
-2.97507 3.58435
3.54074 0.248944
2.63685 -2.30479
0.0310115 4.06826
3.51618 0.466469
4.13423 0.685816
3.49503 0.593957
1.55951 6.88263
0.430201 7.64321
-2.16549 3.96027
1.11998 4.45244
0.439235 -3.63157
5.01164 -4.46612
2.27201 2.84958
-2.12175 7.51898
1.18049 7.03285
3.5278 0.381416
1.25468 -3.6135
0.58989 -5.87676
3.95661 1.36361
-1.19092 2.19739
3.44065 -0.942263
-0.155802 2.22612
2.97294 3.054
2.71135 2.34806
-1.6183 2.12048
3.72995 -1.94029
3.75722 -1.89129
4.99386 1.51827
3.43215 -2.38166
1.80498 3.25248
2.4529 3.57665
-1.11801 7.52303
5.49814 -3.95261
5.46194 -5.63572
1.87434 -3.46938
0.483927 3.94486
3.17693 2.80433
2.97204 -1.92302
2.41189 -5.79524
-2.27878 0.85897
2.80901 -2.98422
1.65191 4.16068
0.695202 4.61337
2.33585 -3.27675
1.34851 7.35944
-1.18904 1.30762
4.10683 0.824231
3.93271 -0.630704
0.799387 -3.08177
-0.939948 7.87973
1.9077 3.99772
3.55571 -0.101964
0.477466 7.63104
1.44756 6.92805
1.76278 4.09248
2.59747 -5.75364
0.51328 -3.63754
0.0502154 -3.02654
3.48365 2.35974
4.20151 0.0733097
3.40992 2.4759
-0.963162 4.16551
-3.00409 7.40319
3.22535 1.47093
4.19768 -0.319405
5.26308 -5.78225
2.02021 -5.86189
2.62159 -5.74567
-0.864438 4.16633
0.102879 -3.58541
-2.67323 4.60896
6.50392 -2.10917
-2.25346 0.889455
2.04445 -3.40768
-1.11404 -2.54907
3.8396 -1.73065
-2.4284 1.63357
5.13894 -4.34444
-0.776034 -2.74373
0.292098 4.73969
5.76905 -3.59713
3.26493 1.37713
0.306678 3.99928
4.1899 -0.428253
0.194457 7.69994
6.04806 -3.15396
-2.84198 7.8253
-0.251762 7.42054
-1.8202 4.05802
4.98567 -4.48999
3.17448 1.86543
3.4806 0.668418
1.47024 -2.97103
6.74745 -0.957943
0.704508 3.86568
3.25219 2.70393
1.7479 7.20502
0.571251 4.65599
3.03118 1.86
4.33737 -4.99625
5.83994 -3.49315
2.16873 2.01444
0.575324 -3.08446
0.356787 3.98792
-0.134257 4.83581
-0.974501 4.91731
3.33981 -1.24868
-0.329278 -3.47927
0.915723 -3.0738
-2.75833 4.60154
3.57645 -2.18652
-2.04568 4.81267
2.40588 2.71194
3.34326 -1.23975
4.84954 1.54982
1.69181 -2.89752
3.31824 -1.30272
0.207832 4.76185
-2.19655 0.94875
3.54596 -0.32877
-3.33196 7.3317
3.17692 -2.66668
6.084 -5.08952
0.976676 3.74961
1.21811 4.3945
-1.34386 1.28783
-0.33566 4.86826
3.37206 1.08267
3.04315 -2.79361
4.20395 -0.14865
6.29542 -2.67823
2.73958 2.31018
1.29702 -5.91315
1.57328 -2.93934
2.98612 -2.84337
5.87952 -3.43275
-1.26336 2.18964
-0.253823 -2.95114
3.78537 1.76051
1.45215 3.49336
-2.04837 7.90371
3.52964 -0.491048
0.0912559 4.05479
-1.86838 4.04638
-0.420227 4.14143
3.14635 -2.69744
2.20821 -5.83342
3.51133 0.498243
0.572434 -5.8748
0.197038 -3.60149
3.81683 1.72289
2.27642 -5.82149
3.19754 1.53325
3.68788 -5.36538
1.71324 2.07207
6.55836 -1.92491
-2.91103 3.6227
-2.42294 1.6396
3.67234 -5.37285
-2.17366 4.78365
2.86006 3.17997
3.45252 -2.3558
3.49092 -0.72945
2.76431 -5.71064
1.16413 3.65714
3.09907 2.90327
5.2991 -4.1793
0.591664 1.31868
-2.93441 4.52957
2.4294 -2.48362
-2.49868 7.48269
2.6698 -2.27294
-2.53961 7.86486
-1.32424 4.9094
4.20437 -0.111944
3.39359 1.01593
3.98925 0.947813
3.50984 0.508285
1.63674 3.37329
-2.69748 7.45566
-0.448795 -2.88576
2.33976 2.7814
3.48281 -0.768646
4.1026 -0.981297
-2.54299 7.47714
0.147274 -3.04405
3.54883 -0.287748
-2.91779 7.41922
-0.348891 7.80539
1.19364 -3.03071
1.68682 3.33851
1.47567 6.91765
0.611242 -3.08514
2.19146 -3.34579
0.271094 4.00925
3.54498 0.212183
1.69813 1.23567
1.89168 3.18562
2.68122 -5.73269
-1.93113 4.83552
3.84328 -5.2877
1.53676 -3.56282
3.61352 -2.13095
1.13147 3.67402
4.36642 -4.97683
2.76245 3.28281
-1.23474 4.15122
-2.46985 7.87228
2.05072 3.0541
0.253613 -3.05967
-0.723564 1.33999
3.47882 0.678069
-2.61401 3.77996
-2.11831 3.97563
6.56908 -4.54314
-0.297661 4.12636
0.217762 7.69462
-0.767938 -2.74776
-1.94168 2.00193
3.90528 -1.58577
-0.531007 4.152
0.987734 3.74446
1.60423 2.08491
0.439001 1.32643
4.23501 -5.06257
1.16553 4.41948
-0.756304 4.90974
3.45575 -0.884763
-1.48323 2.15253
1.51598 -3.56738
-0.185751 7.40871
-0.0840138 -3.54612
6.77426 -0.628162
2.56379 -5.76168
3.46463 0.74289
1.23361 -3.61633
-0.0809187 -2.99788
2.49601 -2.42461
-1.10566 4.91724
6.70926 -1.24401
2.27841 -3.30524
2.36423 -3.26216
6.33727 -2.56206
3.66579 2.03907
-1.92307 2.01078
4.0523 -1.17351
1.33632 3.56253
3.30887 2.6249
-0.934451 2.22046
3.0462 -5.62496
1.29024 2.11966
0.0591557 -3.02828
3.86348 1.612
-2.35223 0.75063
6.68333 -1.39517
3.70883 1.95458
3.4458 -0.92315
3.52079 0.434412
-0.573513 -2.83658
1.53904 -2.95035
-0.115766 -2.98929
4.0487 -1.21201
3.21076 2.75981
-0.0633134 -3.55094
3.54472 -2.23181
-1.08432 -2.56836
-1.46899 2.15545
-2.96128 4.51783
3.06721 -2.77192
0.312352 7.6724
0.253574 7.31533
6.77316 -0.647994
2.94546 -1.9634
6.73386 -4.32462
5.05903 -5.92062
2.05451 -5.85717
0.692793 -5.88729
-1.31795 7.90499
0.485845 -3.08095
0.763501 -3.08331
0.675725 -5.88569
1.70165 -3.52182
3.32905 -1.27622
5.05014 -4.43016
5.7031 -5.44099
4.35212 -4.98642
1.2624 -5.91334
1.37075 6.96004
2.81698 1.11313
3.73848 1.89397
2.94423 -1.96042
4.10789 -0.958332
-0.948079 -2.65126
3.52545 -2.25871
3.54817 -0.297862
-2.89548 7.42322
-0.901405 4.1663
4.15868 -0.690681
0.673978 -3.08531
3.4389 -2.37315
0.280488 -3.06303
2.20222 3.77202
-1.95425 7.90763
0.539572 1.32144
4.04573 -1.19587
2.29769 2.82411
-0.0112921 -3.5618
1.2075 7.40933
2.13177 2.98216
3.90667 0.960896
-1.65391 7.53741
-0.756278 4.16098
2.42066 3.60473
-2.3751 3.88396
0.965365 3.75486
5.07575 -4.40584
4.59405 -4.81474
6.69993 -1.30111
-1.90411 2.01951
-1.1485 4.15769
-2.30632 7.88719
-1.48315 7.9105
-3.21112 7.76033
1.03328 4.47932
0.426629 -5.84689
-1.55167 1.25041
-2.41728 1.64579
6.77079 -0.686964
4.17398 0.422256
-1.66423 1.22313
3.29192 -1.3649
-2.82616 7.43216
-0.183483 7.77704
3.95263 -1.46912
1.98533 3.10939
1.4897 7.30699
2.61432 -3.118
2.6235 -2.31741
0.543515 4.66506
4.17691 0.397164
-2.81286 4.58015
0.558162 7.23547
4.622 -4.79358
4.56598 -4.83571
-2.14778 1.8819
3.13658 -1.67133
-0.728434 4.16366
2.75337 -2.18727
3.45978 0.76421
5.73808 -3.64098
4.18102 0.359737
2.84835 1.91696
3.36169 1.11443
1.92971 3.15524
-2.23172 0.913565
2.17637 6.59239
1.23998 3.61664
1.07429 7.07124
0.747245 7.17561
4.93329 -4.53717
4.15519 0.560296
3.90255 1.51279
3.69052 -2.00802
6.64968 -1.56327
3.3406 2.57929
-2.16631 7.5157
1.32853 6.97664
4.17921 -0.536251
3.71907 -5.35031
6.61589 -1.71081
3.00968 3.01124
-0.626866 1.34302
6.64632 -4.44318
3.32649 -2.50799
1.2657 7.00093
3.07905 -5.61391
-3.531 7.68874
2.29999 3.70601
0.0656978 4.79541
4.17089 0.447362
3.52298 -0.541192
2.08295 -2.71467
2.24234 -5.82756
-1.77128 2.07317
2.09376 -3.38784
3.30332 -1.33842
0.386473 -3.6264
-2.58629 7.85954
-3.17991 7.36676
-0.872554 4.91496
3.52158 -0.551074
3.87856 1.57467
-0.741514 4.90889
-1.88394 7.90983
3.41329 -1.03673
1.91125 6.72428
1.86581 -5.88052
6.72613 -1.13033
-2.52357 3.82155
-2.48696 1.5776
1.93496 7.12625
-1.54135 4.11333
2.53226 -3.16852
-0.191787 4.84592
-0.373602 2.23118
-0.470032 -3.43285
0.396223 -3.07482
0.931864 3.77018
3.05929 -2.7791
-0.296534 -2.93798
4.11495 -0.92355
1.53827 6.8916
-2.50768 1.5395
0.864141 3.80015
-0.0894692 2.22381
6.18568 -4.98522
1.07758 3.70139
-1.90838 1.1379
4.04899 -1.18487
3.17676 -5.57967
1.88246 -2.81748
-2.71439 3.73045
-1.98476 1.9619
-1.26593 4.91244
0.282848 4.00599
-0.102382 4.09497
3.13187 -1.6794
-2.87381 7.42704
-0.105984 1.34447
4.19694 -0.331735
3.07017 1.78935
-0.986754 1.32589
-0.968145 4.15849
1.01936 7.4726
2.87524 -2.04806
0.333777 -3.069
-0.523874 4.89121
-0.618753 -3.37714
4.20447 -0.0873146
3.25618 -1.44367
3.55589 -0.0708739
-0.963457 -2.64235
1.67674 4.14572
5.04151 -5.93197
4.20545 -5.08111
4.03851 1.10087
4.07185 0.975038
1.93159 3.98146
6.65882 -4.42659
1.1095 3.68519
1.62648 3.3803
4.74596 -4.69616
-1.77189 4.06907
-2.09442 1.91721
4.10419 -1.03564
1.31408 -5.91298
0.401268 -5.85278
-0.347676 -2.92138
-3.2885 7.34208
0.170457 7.70534
6.68404 -4.39279
0.0801517 4.79217
2.70428 -3.06044
-0.727155 4.90801
3.43369 0.870443
2.37878 -2.5222
1.30142 7.37641
-0.751941 -2.75565
6.24818 -2.76384
-2.58727 7.47133
0.354218 3.98547
0.318868 7.29926
5.93459 -5.23432
2.98208 1.94313
-2.60733 4.6567
3.52909 0.370951
3.28581 1.32489
1.06476 -3.6344
1.46956 -5.90915
3.36229 -2.46665
-1.62883 4.88206
-1.06213 4.16237
1.90684 -2.80604
6.58803 -1.82084
-2.26385 0.877282
-0.422521 4.87974
2.76968 2.26357
-0.703685 4.1627
-0.205977 4.84831
3.55173 -0.236456
-3.00121 3.99926
-2.54627 3.81138
4.20474 -0.0506603
4.14999 -0.73712
3.27661 2.67025
3.38696 -5.49891
3.083 -1.75929
-0.432151 2.23181
0.193387 4.7653
-0.258211 -3.50045
5.17619 -4.30738
-1.36273 2.17487
2.99945 -1.88464
3.13842 -2.70513
2.12314 -3.37558
3.49926 -2.29441
0.351649 -3.0708
2.73445 -2.20731
2.02458 -3.41542
2.65586 -2.28707
4.19458 -0.367961
3.21901 2.7488
4.20103 0.0855447
3.32529 1.21998
2.43965 -3.2217
2.78457 -2.15335
-1.12047 4.91702
1.04044 -3.06019
0.11349 -3.58734
-2.44382 3.85597
-0.0900265 4.09267
6.67625 -1.43274
-0.955757 2.21915
2.05972 3.04628
0.93361 -3.07218
-1.55433 7.91186
-2.05237 1.06114
-1.67593 7.53719
0.619454 -3.64348
3.26431 -1.42626
0.884777 -3.64473
3.53878 -0.410044
3.89625 -1.60675
0.0716925 -3.57953
1.40964 -2.98776
0.903636 2.15761
2.85194 -2.95187
2.2377 2.88313
-1.13709 2.20439
1.45063 4.27548
-2.06063 1.05585
-2.23552 3.93628
3.53293 0.338717
3.54717 2.25388
3.26912 1.36683
4.20427 -0.124067
-3.02718 7.39854
2.45433 2.6592
3.93913 1.41354
-2.30082 4.75109
-2.03258 7.52475
5.21267 -5.81753
-2.66986 3.75285
-0.251495 2.22885
5.17871 -5.84087
1.35576 3.90259
4.09995 -0.992589
3.45229 0.796029
1.32267 -3.00929
1.02262 -3.06246
1.28304 3.59283
4.01456 -1.29553
4.05549 -1.16246
4.04206 1.08811
6.19984 -4.97031
1.03229 3.72329
2.75353 2.29115
4.05643 -5.17062
-2.22404 3.9403
-0.187616 4.10979
-1.35768 4.13881
-0.167843 -2.97567
0.830726 -5.89864
3.79544 1.77169
1.35194 -5.9157
3.31379 1.25144
4.16427 0.49761
-2.71747 4.61705
0.926828 -3.64406
2.20282 2.91648
-0.798548 7.8658
3.7732 -1.86168
4.08654 -5.15306
4.19188 -0.404096
4.20144 -0.246739
-2.11759 1.90227
2.75268 3.29282
-1.02942 7.51692
4.01686 1.17588
2.74438 1.1217
-0.00515473 4.07593
0.795793 7.16443
2.8543 2.14706
-2.44612 7.87466
-1.63341 1.2312
2.8673 2.12757
-2.16464 0.978035
3.09711 1.73863
0.925467 7.12248
-2.11556 1.01757
0.263888 4.74722
-0.44052 -2.88882
1.75862 -2.87132
-0.135459 -3.53353
-0.994054 -2.62428
3.78136 -5.31941
5.80991 -3.53782
2.953 -2.87124
6.8549 -1.2747
4.56085 0.853559
6.31311 -4.84735
5.29667 -5.75833
4.70551 1.58057
-0.479729 4.88766
-1.88825 4.84332
3.29958 -1.34718
-1.95217 4.02461
-2.23277 7.5103
4.19901 -0.295069
3.27753 1.34587
-2.31091 1.75185
1.54523 3.43438
-0.24862 4.11933
0.436847 3.9601
2.07354 -5.85392
1.51763 6.90025
0.00518482 7.74068
-0.340327 7.43552
3.53162 0.349719
-2.28842 0.846609
1.45349 -3.58029
0.85297 3.80497
-0.469509 4.14649
3.35472 1.13547
6.14338 -2.97774
1.96708 3.95697
0.332728 4.72474
-0.350769 4.13235
3.18329 1.56416
-0.516538 2.2321
4.16006 0.546742
-0.465808 4.88489
6.12647 -3.01014
2.60297 2.48663
-0.0656391 4.08805
5.14462 -5.86399
4.18308 -0.500468
3.46977 -0.829367
2.81493 -5.69637
2.17108 -3.35004
1.57581 3.41431
0.223285 4.02214
-2.56545 7.47422
5.25046 -4.23096
2.77211 -2.16703
6.31556 -2.61339
3.76795 -1.87147
-1.75002 1.19789
3.00476 -1.87731
-2.29203 1.76879
3.26763 -6.085
-0.700663 2.22995
5.26853 -4.20752
3.8276 -5.29582
5.72125 0.630038
2.52738 3.51007
2.3331 3.67881
3.39247 -1.10206
1.33513 4.33636
4.0205 1.16351
2.02761 -2.74509
-1.95993 1.99296
0.0793641 4.05752
0.693155 3.87007
2.63168 3.41266
5.46276 -3.9859
0.452449 -5.85988
-1.23677 4.9137
6.15164 -2.96173
-2.47678 1.57769
3.16932 -1.61362
-2.68979 3.73972
0.845193 4.55717
4.17047 -0.607859
3.15821 1.61653
3.27627 -1.40014
-0.490984 7.82712
3.98882 1.26361
0.993036 4.49614
0.247475 1.33468
3.53768 -0.419966
2.43624 -2.4784
6.74091 -1.01539
-0.844866 2.2251
1.19186 4.40706
-2.25896 3.9279
-0.105536 4.83051
0.807395 7.53871
-2.1044 7.51938
6.61133 -1.72948
1.94729 -2.78644
5.64249 -3.77081
-2.27259 4.75865
1.97165 -2.77423
0.863519 -3.64535
-1.1732 4.15602
1.65393 7.24303
2.94888 1.99974
4.10133 -5.14434
2.72167 3.32244
1.91185 7.1362
-0.0287231 -3.00998
-2.20524 1.84012
0.894521 -3.07416
0.316362 -3.06705
-1.71497 2.09203
3.91652 1.47566
3.06239 -5.61954
2.05133 -2.73224
0.502826 -3.6368
1.12611 4.43777
2.30839 1.17317
-2.27726 7.50635
-2.77995 3.6963
-2.1424 7.89868
-1.33048 2.18
-0.0340787 4.8166
2.8646 -5.68196
1.11756 -3.62963
-0.725893 2.2293
3.99612 -1.35021
2.88862 3.14884
0.103493 4.05194
-1.66291 4.09172
1.74648 3.2958
4.03902 -1.21817
1.81485 3.24502
2.1453 -2.67841
-2.0174 1.08233
-0.227248 1.34605
2.65809 1.9456
2.64632 2.43226
3.86373 -1.6794
1.36624 -2.99886
-1.64619 7.9134
-1.09128 4.91742
-1.06209 4.91765
-0.903762 1.33137
3.43235 2.44127
1.66054 -3.53286
1.53874 -5.90612
0.307119 -3.06613
-0.963975 7.88186
2.55064 -3.15749
2.00467 -3.42304
-2.25825 4.7624
-2.45556 1.60277
-1.89462 2.02376
2.25913 -5.82459
3.53039 0.360178
-2.25963 1.79663
-1.63075 2.1171
0.1238 -3.5892
1.29679 -3.60744
1.15986 -3.62523
-2.02089 7.90643
2.40787 -2.50026
4.19137 0.247309
0.362549 7.2882
2.0844 3.87301
3.54998 0.138473
-2.24807 0.895618
2.98029 -5.64644
-1.60533 2.12392
2.74819 -5.71495
3.22748 2.73744
3.2319 -1.49203
6.60684 -1.74759
0.435549 -5.85758
6.77203 -0.667238
1.60729 -2.9279
1.50415 -5.90774
1.7504 -2.87465
2.71473 -5.72392
0.545268 -3.63966
0.958988 -3.64157
2.95487 1.98996
3.98094 -5.21352
1.05264 7.07888
-3.07283 7.78685
6.40381 -2.43906
-0.829001 4.91332
6.76062 -0.822907
3.80068 1.75959
-2.35363 1.71136
2.9076 3.12788
2.28064 2.84111
1.87465 -2.82091
3.34092 -2.49147
-2.39251 7.88258
-1.24432 4.15102
4.06863 0.987816
5.47855 -5.62293
6.43156 -2.32064
-0.814908 4.16586
1.30921 4.34954
1.27005 -3.02096
4.18184 -0.51229
3.35509 -1.19953
6.60215 -1.76644
-3.02663 7.79512
4.98975 -5.96502
4.08883 -1.03828
0.620093 -3.08524
-1.57084 4.88876
-2.29307 0.840491
2.32296 2.7986
2.37684 -2.52095
-1.7588 4.86446
3.14379 1.64664
3.17847 -1.59693
-1.40828 7.53549
3.57015 -2.19542
-1.41254 7.90857
2.2771 6.53936
-2.34023 3.89759
3.53402 0.328498
2.14198 3.83007
-0.850779 7.50184
-1.67526 4.08931
2.4961 -5.77723
-3.22352 7.35706
1.87994 2.05172
6.12773 -5.04526
-2.57971 4.66667
-2.52732 1.51357
-0.323 -2.92968
6.43667 -4.70538
1.67708 7.23376
-0.292517 4.862
2.88104 -2.04096
0.612554 4.64217
-2.8298 7.4346
0.581435 7.22904
0.221701 4.75817
6.73129 -1.09209
0.75002 4.59342
-0.750078 2.22861
2.88699 -2.03363
2.85493 -2.07476
0.341035 7.29368
4.81357 -4.64047
-1.24626 2.19188
2.24964 -3.31899
4.11215 0.799028
-1.73575 4.07693
2.93632 -2.885
0.188177 7.33086
-2.56623 1.46128
3.51709 -0.581047
6.04041 -5.1355
1.84413 -3.47928
-1.42595 4.90241
3.56093 2.23017
2.92732 -1.98256
0.344199 -3.6217
0.781445 -3.08259
-1.86012 7.9104
0.211485 4.02523
2.48053 2.63075
1.74218 -2.87786
-0.406836 -2.901
-0.654542 4.90296
-0.675755 2.23047
6.4187 -2.35556
0.294942 4.0026
0.460422 -3.63344
2.16755 2.94949
3.08107 1.76903
6.00285 -3.2325
0.548003 7.61239
3.14608 -1.6549
3.37539 1.07223
1.18593 3.64568
-2.11678 4.79701
0.20051 -3.05233
3.11819 1.69777
2.99423 -2.83644
3.55262 0.0860076
1.79892 7.18542
-1.15267 7.8961
2.92807 -2.89174
-2.23282 1.81856
0.297329 7.30463
5.42522 1.41924
0.00678964 4.07343
-0.490526 -2.86996
-0.0481863 4.81943
0.376054 -3.62529
3.23544 -1.48677
4.00539 1.21372
1.52179 -5.90679
1.84775 4.03772
-3.44 7.30468
1.03159 7.08624
3.99392 1.72235
2.95545 -1.94547
6.37212 -2.4766
3.16055 -1.62847
-1.72666 2.08823
2.40956 1.98144
-0.80313 -3.29816
-0.0735117 -3.54857
-0.926169 4.16609
-1.82764 1.17103
1.70092 7.22415
3.1489 1.63621
-2.32411 0.796675
-2.7915 3.68995
0.709898 -3.08482
5.35407 1.43608
-0.135994 7.76834
1.1761 -5.91292
2.56941 3.47139
1.58011 6.87387
-0.777946 4.16514
6.74312 -0.996407
-1.69154 2.09939
3.04249 1.83983
5.59879 -3.82756
2.72045 1.93633
0.852736 -3.64559
5.20955 1.46966
0.23176 2.20832
-2.21231 1.83469
3.99983 -1.33944
-2.31725 1.74604
2.611 3.43231
-0.395608 4.13869
1.71096 -5.89496
-2.41175 1.65178
2.24624 2.87486
-1.17448 2.20045
4.46694 -4.90745
3.27235 -1.40877
-0.549734 -3.40386
-2.31965 3.90464
1.55577 -5.90524
6.67268 -1.45122
5.41756 -4.04749
5.50968 -3.93866
-2.78563 4.59093
3.51777 0.455674
-0.00926692 7.37427
0.831414 4.56255
1.73224 -3.51326
2.92646 3.10683
0.469858 -5.8622
0.979745 4.50233
2.42089 -3.232
-1.28406 4.1467
6.51524 -2.07344
1.68894 4.13831
-3.05458 4.4755
-2.07718 7.522
0.603749 -3.08465
0.830254 3.81465
-1.38216 4.13593
1.38367 -2.99449
1.93219 6.71427
4.99848 -4.47826
-2.10819 1.02305
1.86607 -2.82501
1.58357 7.27075
5.28682 -4.19246
-0.659213 -2.79829
2.18186 -3.35009
3.21835 -1.52103
1.92047 3.99
3.44721 2.418
-2.51042 4.68904
1.77311 -3.50133
-1.34653 2.17754
2.10504 3.00635
5.68705 -5.45454
3.40223 2.48763
3.37645 -2.44983
3.36696 -1.176
0.73136 7.18445
1.60148 6.86473
3.57782 -5.41678
0.460409 3.95254
1.77529 -2.86448
3.54076 -0.389701
0.359636 7.66088
5.52084 -3.92507
3.92724 -1.53312
-0.420025 -3.45003
6.39556 -4.75332
-0.417495 1.34647
2.16866 -2.66427
1.19141 -3.62154
2.4862 2.62355
-3.43974 7.71064
3.97757 1.30126
4.83218 -6.06136
1.83317 -2.83975
-2.46623 1.59027
3.54517 -0.338833
5.02439 -4.4543
4.15312 -0.72589
3.81153 1.73502
0.406181 7.27688
-1.014 1.32385
2.60343 -2.33606
2.13764 -2.68298
-0.465565 -2.87949
5.47529 -3.97997
-1.74543 7.53568
-1.25941 4.14903
3.9072 1.50054
1.48743 -2.96606
0.0654781 1.3406
1.42789 7.33334
-1.78416 4.06633
4.39597 0.881792
0.165707 -3.59641
2.73274 3.31307
1.84153 -2.83605
2.06426 -3.39982
0.763489 4.58842
0.996 -3.06565
0.414148 -3.07625
2.79222 3.25205
3.08321 -2.75725
2.95439 3.07526
-1.4679 4.12455
-1.5902 4.1051
6.49238 -2.14478
3.55501 0.0127139
4.52384 -4.86666
-1.63123 7.53757
5.60762 -5.52045
2.78159 -5.70576
2.03437 -3.41162
-0.389941 -2.90695
3.75013 1.86959
6.75895 -0.842005
0.524723 7.61861
-1.12935 7.89458
3.2928 2.64761
-0.793657 -3.3025
1.79349 -3.49518
0.844087 -3.07924
3.07534 -2.76449
6.06585 -3.1222
6.32686 -4.83198
0.067843 -3.02995
0.0998331 7.72084
4.16925 0.459756
-2.13136 3.97103
-1.85176 1.16174
2.51766 2.58761
-0.726144 -3.33251
4.20365 -0.00105488
4.39535 -4.9572
-1.74809 4.07418
-2.35674 4.73583
3.91931 1.46314
4.91993 -6.00849
3.67898 -2.02721
3.62745 2.11122
4.07127 -5.162
6.57829 -1.85732
2.8395 -2.09081
3.24553 -2.59686
3.34018 1.18228
-0.630882 -2.81195
-0.876638 4.16635
1.98472 -3.43052
3.74098 -1.9207
0.556581 4.65884
2.46503 -2.45535
1.55618 -2.9449
1.13804 -3.04579
3.55749 -2.21366
-0.539664 -3.40763
-1.08887 7.88229
-1.59984 4.88549
1.04224 -3.05719
2.50025 -2.42646
6.52072 -2.05591
-2.30472 1.75746
5.5918 -5.53331
1.04436 2.14446
3.55056 0.128094
2.63111 -5.74539
-0.480178 -3.42927
1.06701 -3.0566
1.21251 -3.61904
2.88603 -2.92539
3.20693 1.51251
5.72668 -3.65777
-2.24632 1.80765
1.93223 2.0461
3.51079 -0.620837
-1.22842 2.19414
-0.399894 -3.45673
2.01384 3.08566
4.14089 0.648218
-0.145607 -3.53096
3.55223 -0.225993
3.28414 -1.38255
2.89498 -5.66885
2.47178 -3.18324
3.3735 -1.1576
5.18897 -4.29436
2.31464 2.80704
4.90689 -4.56049
-2.66252 4.63722
1.14136 2.13494
-0.802708 4.16566
-1.76533 7.53566
3.53977 -0.400026
5.16403 -4.31949
-0.207232 -3.51472
-2.88943 3.63527
6.48661 -2.16229
1.26139 -3.02278
3.18803 1.55397
5.66407 -3.7422
2.76736 2.27208
3.26048 -2.58091
3.66714 0.997142
1.24379 -3.0264
3.23877 1.43983
-1.53036 7.91147
1.06538 3.70718
-2.48957 3.83648
-0.369771 -3.46653
2.01413 -3.41702
0.234808 4.01894
3.3146 -1.31154
3.55417 0.0440047
3.30805 1.84343
1.8988 -2.80984
2.62118 3.42263
-2.62135 4.65183
1.69119 -3.52406
2.82143 -2.11179
3.5363 0.30729
2.16081 -2.66905
2.52232 1.14877
-0.944353 4.92128
4.02784 1.13839
0.227051 -3.05612
5.11039 -5.88688
4.12048 -0.900831
-0.159052 -2.97804
2.5791 2.51518
2.39336 -2.51128
2.11377 6.62421
5.85005 -3.47789
-0.887359 4.91543
2.88018 2.10802
2.47032 2.64141
-0.146631 1.34511
3.16066 -5.58546
2.37723 6.48503
-1.96598 7.52836
-1.25156 4.91308
6.25588 -2.74758
-0.917374 7.50799
3.9735 1.31359
2.08878 -5.85225
-3.20144 7.362
1.5599 7.28004
2.19915 -2.64537
-2.8242 3.6721
1.49518 -3.57181
1.50721 1.25296
4.77318 -4.67396
6.33002 -2.57936
3.41612 -1.02745
4.19962 -0.283066
-2.02941 1.95605
2.93069 2.02917
0.155161 1.33787
-2.54712 1.48771
3.39549 -1.09289
-1.57761 7.91216
-0.866307 2.22348
2.94521 3.08571
-2.52453 4.68447
2.17653 2.94115
4.186 0.309644
3.65315 2.06317
3.30186 1.28312
1.57331 -5.90429
6.55622 -4.55939
0.281205 -3.61378
5.96788 0.576357
5.4869 -3.96612
-1.94321 7.52948
0.449982 -3.63253
-0.0537136 4.08572
6.11791 -3.02618
1.45252 -5.90977
3.38625 -1.12064
3.05916 1.80963
-2.43939 1.62127
0.784655 3.83366
-1.03739 4.16337
3.54143 0.254484
-0.420279 7.81661
-0.382607 -2.90586
3.05477 2.9575
-0.309754 4.128
-0.590649 -3.39063
-0.207505 7.78136
-1.85615 4.0494
5.82766 -5.33238
2.03231 3.06993
3.54673 -0.318365
2.62535 1.92668
1.13794 7.04842
3.52467 2.23892
-1.79003 1.18461
-1.27155 4.1479
0.374581 2.20304
-0.220333 2.22804
1.181 -3.62284
2.55583 -2.37888
2.51342 -5.7733
5.88663 0.594307
1.61651 3.38707
6.51657 -4.60882
-0.407818 4.8779
-0.0780344 4.09041
-1.95982 4.83007
2.91179 2.05906
2.9696 -2.85736
0.348386 4.72416
1.41792 -5.91088
0.432062 -3.07758
-2.21084 7.51215
6.63316 -1.62773
-2.08642 1.92223
0.270515 -3.61233
6.76384 -0.784087
0.100388 7.3508
-1.89241 4.04033
2.69823 -5.72827
3.39472 2.49902
1.81799 7.17598
-2.28229 3.91941
-1.92977 1.12809
0.389594 3.97482
0.879921 -3.07674
-1.67981 2.10297
-1.78966 7.9118
-0.950931 4.16574
4.27633 1.66793
3.13879 1.65677
1.9577 3.14354
3.76292 -1.88196
0.942936 3.76515
4.29379 -5.02489
2.99394 -1.89263
-1.8165 4.85549
0.472001 3.94877
2.81753 -2.97789
0.718745 -3.08464
2.5626 -2.37291
-0.306751 4.86411
-0.515638 -2.86014
0.536764 7.24149
-0.278603 -3.49453
2.53808 3.5003
-0.703911 -2.7787
0.0839638 2.21628
3.4889 -0.739308
0.165923 7.33601
1.88805 7.14639
1.58629 3.40739
3.22695 -1.50393
3.53091 -0.480801
0.165033 4.77228
1.70677 3.32439
-2.53256 1.50725
-2.0106 7.52601
1.43261 -3.59114
-0.267189 1.34634
-0.65383 4.16042
3.17009 -5.57415
4.10531 -0.969654
1.76708 -2.86786
3.98778 -1.38573
3.19288 1.54344
-2.05975 4.80966
0.903039 7.12982
2.14277 -3.36721
4.20195 0.0607245
-1.93252 2.00672
3.20965 -1.53805
3.82728 0.973087
2.00444 -2.757
1.78316 -3.49834
-1.01851 4.91767
2.3197 -2.56505
0.757093 -3.64704
2.39767 2.72076
0.754654 -3.08363
-1.30951 4.90983
6.19267 -2.88021
3.56082 -0.221342
3.01328 -5.63581
1.28623 6.99302
-0.639772 4.9018
3.3511 1.1462
-0.753188 4.16447
1.24386 7.00917
-1.01264 4.16423
-3.4854 7.69983
2.59027 3.4519
-2.00397 1.97009
-0.393545 4.87608
3.12855 1.67729
3.58885 -2.16801
-1.68675 4.87466
4.19502 0.197381
-2.36337 0.732476
-0.599049 -3.38492
2.26012 -2.60582
3.82224 1.7104
0.790783 4.57815
6.66895 -1.47067
-0.444861 4.14403
4.20073 -0.258674
-0.580402 4.15578
-0.858177 4.91446
0.612121 3.90038
1.39108 -3.59198
1.12391 -5.91206
-0.691494 4.16217
-0.7067 -3.34087
-2.19187 1.85171
1.61578 -2.92502
4.41879 1.63962
2.6005 3.44226
6.73493 -0.998664
-0.978782 -2.63336
2.76595 -2.17373
1.90022 -5.87673
4.16564 -0.643328
-2.46672 3.8463
6.75845 -4.29026
2.38387 3.63
5.96571 -3.29486
-2.04372 1.06656
-0.678941 4.1616
3.25213 -1.45222
0.0925796 -3.5835
0.139449 4.04337
5.78957 -3.56755
-0.579299 -3.3926
1.79923 4.06926
-1.90715 7.90917
4.5521 -4.84597
-0.0373491 -3.00804
6.52996 -4.59223
3.14141 -1.663
2.63905 2.44142
-0.423696 -2.89495
4.63679 -4.78173
2.82843 2.18536
4.13669 -0.819683
-0.0316159 7.37886
3.37029 -1.16667
-1.97043 1.10804
4.03218 -1.24041
3.4045 -2.41595
4.0681 -1.11747
0.138546 -3.0426
-2.21084 7.51215
-2.2708 3.92361
2.37307 2.74679
2.44641 2.66793
-0.389961 -3.46
0.986946 -3.06668
-0.760063 -2.75166
3.48905 0.625776
6.73622 -1.05378
-1.09906 4.16059
4.06186 -1.14
0.886773 3.79028
3.59462 2.17084
2.79166 -2.99699
0.555727 -3.64029
2.59622 1.14006
-0.334313 4.13124
3.82747 1.69827
-1.75997 4.0717
-2.38482 4.72749
3.7354 -1.93065
0.405326 -3.07556
-0.783889 -3.30693
5.92781 -3.35662
3.41035 -1.04623
5.84333 -5.3183
2.36629 3.65109
-1.99903 1.09274
5.97498 -3.27938
6.28508 -4.8784
-0.0198289 -3.01195
2.47921 -2.44384
1.34017 -3.00519
2.37796 -5.80214
0.900147 3.78482
-1.96879 1.9885
0.571972 7.60591
2.09984 1.19575
-1.92822 4.03103
3.35626 2.55638
5.16143 -5.85263
0.144743 -3.59286
6.76682 -0.745202
-1.06938 -2.5779
2.05422 -3.40382
0.641274 -5.88225
-0.539726 7.46547
1.59875 -2.93085
2.11064 2.02214
3.42517 -2.3904
-2.86776 3.64769
-1.36356 7.53429
4.1797 0.372086
2.09613 3.01428
-2.17709 3.9564
3.27426 -5.54345
2.57628 -2.36072
-1.48034 4.12275
-1.36525 7.90692
-1.50708 7.91104
3.01005 -1.86974
0.911574 4.55319
3.54327 0.233326
4.49136 1.62493
0.446245 4.69555
-2.00258 4.81864
0.86527 -5.90098
1.63993 -3.53818
2.19417 2.92463
-0.592576 4.15662
-1.98667 4.02579
-2.10213 1.9123
1.95485 -3.44146
-0.176423 -3.52258
1.27946 -5.91327
1.82353 4.05355
2.5047 -3.18476
6.05448 -5.11891
0.423235 -3.07694
-0.0218441 -3.56027
-0.960119 4.9171
5.90857 -3.38728
1.19316 -5.91311
-0.0421479 7.75021
-2.23516 0.924365
4.01302 1.18862
0.885643 4.54113
-2.65285 7.46228
3.99591 -5.20514
-2.51659 7.86738
3.08139 2.92508
3.54396 -5.43272
1.14677 -3.04434
1.96897 -5.86854
3.36031 -1.19431
0.073366 7.72532
2.12205 -2.69218
0.509153 2.19003
3.37993 -1.13915
-0.872738 7.50394
4.02173 -1.27347
0.486772 -5.8644
3.84523 -1.72136
3.24806 2.71608
-1.91699 4.83814
1.97958 -2.7702
5.21375 -4.26906
-3.19296 7.35796
1.48325 3.474
0.749119 1.30962
2.17406 -5.83907
5.96485 -5.20582
4.49545 -4.88715
0.534499 -3.63898
4.20387 -0.0132441
3.46913 2.38316
3.26803 -2.57278
-3.13625 7.3762
2.68999 2.37617
4.10947 0.811814
4.26493 -5.04956
-0.691914 7.84903
0.589023 3.90874
-1.32255 1.29146
1.15854 -5.91268
6.75737 -0.863323
4.95955 -4.51367
3.55479 -0.153744
1.79806 -5.88708
3.26825 -1.41781
3.09273 -1.74418
3.02693 -2.808
-1.062 -2.58257
-0.481658 4.14765
6.59503 -4.51001
2.19633 6.58201
-0.790145 4.16541
2.22028 2.90267
-2.28253 7.88907
-0.638933 -2.80839
1.82503 -2.84332
3.09039 2.91403
3.49667 -0.700071
1.10687 -5.91168
4.17644 -0.560167
5.11371 -4.3692
1.84964 -2.83243
3.41033 -2.40605
1.93478 -3.44864
2.86036 -2.9454
0.682754 -3.08525
3.01407 1.89004
0.0299901 -3.57125
3.55233 0.0780699
2.19893 3.78642
3.82478 -1.76109
3.96084 -1.44764
3.25633 1.39806
1.58964 4.19741
5.10122 -4.38134
6.79475 -4.23861
-1.45301 7.53643
-1.83202 7.53383
-0.114387 4.09716
-0.895389 7.50602
3.51924 2.30114
-2.90747 4.54113
1.22322 -3.61768
-0.248782 4.85589
2.06717 -2.72351
-0.77439 -3.31122
3.55541 -0.00822005
3.55121 -2.22262
4.02622 -5.18798
4.19661 0.172448
-0.141573 7.40048
3.3637 -1.18503
-0.556995 -2.84344
-1.87669 7.53227
2.00269 3.93196
-0.406511 7.44604
-0.596336 4.89815
1.38045 -3.59386
1.37012 -3.59565
-1.89757 1.14269
3.55452 -0.164294
6.02478 -5.14809
3.88331 1.56245
1.30516 -3.01329
-2.8534 4.56373
-2.45025 1.60889
4.1839 0.0437862
-2.17773 0.966498
0.689711 7.57312
0.99614 7.48011
-0.500088 -3.42204
-2.08298 3.98671
1.62977 -3.54076
-1.94569 4.83278
-2.16554 7.89726
1.11081 -3.05027
-0.278191 7.79367
-3.04109 4.48178
-0.0111887 -3.01384
2.03545 -2.74087
-3.2571 7.75093
0.320264 4.732
6.22844 -4.93988
3.48601 -2.31212
3.5473 0.180655
2.77422 -3.00965
4.23188 0.909094
2.63028 -2.31102
3.49275 -2.30315
5.27975 -5.77075
1.15394 3.65736
0.873993 -3.64506
2.06113 3.89004
0.601554 7.22308
-0.285214 4.12463
-2.44085 4.71081
2.80185 3.24194
3.22981 1.46067
0.418021 -3.62971
-1.48412 4.89745
2.54841 -2.38564
3.70755 -1.97921
0.925021 7.50268
-0.372913 7.80924
0.269384 2.20609
3.47645 -0.797773
0.163496 4.03745
-0.854957 -2.70293
3.00247 1.91012
0.949545 2.15341
-0.720146 -2.77104
6.83056 -4.18655
3.85902 -1.68957
3.42178 -1.00859
3.30594 1.2725
-0.163329 7.40457
3.51864 -0.571102
-1.44029 4.90127
0.0129773 2.21961
2.26664 3.73297
0.452579 7.63688
-1.71925 7.91254
3.43641 0.859952
-1.16073 4.15687
3.92296 -1.54356
2.77415 2.26264
3.41042 1.04409
2.67645 -2.26639
2.31251 -2.57004
6.46265 -2.23307
6.08346 -3.09029
-2.02109 1.96071
0.0516491 4.79852
5.33012 -5.73419
-2.26885 0.871257
5.39145 -5.67427
-0.711758 4.90934
2.53289 1.96388
-0.812854 -3.29365
1.32816 -3.60259
3.58271 -2.17708
1.09532 7.06377
6.52633 -2.0376
-0.114522 7.39598
4.71859 -4.71818
-1.38705 7.53473
2.50619 3.52926
-0.538188 4.89266
2.94724 -5.65687
0.752662 7.1779
-2.26612 1.79118
6.64571 -1.58159
-1.49241 4.12096
-0.962009 7.51179
0.635432 2.18042
1.62699 4.17551
-0.0489646 -3.00602
3.35821 1.12504
-2.44464 1.61503
-1.36773 4.90667
2.25526 3.74208
3.5026 0.551335
1.13872 -3.6275
5.91836 -3.37174
1.184 7.41759
6.3583 -2.51098
5.05623 0.763643
1.93934 -2.79035
3.55585 -0.0500154
3.55165 0.107041
-0.273131 4.12291
-2.74163 7.44891
0.719912 3.86052
3.77299 1.82071
1.04323 3.718
2.99074 1.93014
3.55448 0.0336712
-0.37101 4.1358
0.66441 -3.63383
2.56955 -2.36674
5.75006 -5.40071
3.1736 1.58483
3.50792 0.519538
1.55534 3.42778
5.30742 0.714893
2.68289 -2.26
2.77844 -2.1601
6.84262 -4.16876
1.03312 -3.63688
3.93474 1.42583
3.55053 -0.256317
3.98572 1.27622
-1.72991 4.86868
3.0878 -1.75208
1.82941 1.22314
0.0371738 4.80168
6.62078 -4.47669
0.667707 4.62312
3.50038 -0.680331
4.14517 -0.772885
3.31762 1.24106
-0.8434 4.9138
5.02446 -5.94293
3.07773 -1.76804
4.16766 0.47248
3.53211 -0.470848
2.96659 -1.93045
0.789248 -3.64652
0.807482 3.82422
0.0492619 2.21778
1.6602 -2.91122
-2.25862 0.883468
2.22493 -5.8306
1.32582 3.56857
4.14922 -0.749414
-1.04823 4.16327
-1.78735 7.53512
2.85029 3.1905
1.75269 -3.50736
-3.37535 7.32106
-1.45174 2.15655
0.291592 -3.61516
0.249974 4.75087
1.27039 4.36896
-1.62659 4.09858
-1.13607 -2.53447
-0.70278 1.99198
-0.283102 2.22957
1.34934 6.96849
1.65943 -5.89884
-0.364591 4.87225
0.901777 7.50993
0.73693 7.55951
-2.40952 3.87013
1.48865 4.25466
3.11663 2.88138
2.20134 -3.34134
2.37385 -3.25714
1.04922 -3.05903
-2.53739 1.50082
-1.67206 4.87664
5.71711 -3.67016
5.88783 -3.42168
1.44265 7.32473
3.47651 2.37129
-0.559339 1.34454
-1.27413 7.5311
1.56773 -3.55577
-1.87509 2.0323
0.593231 2.18371
2.35253 2.76971
0.990681 -3.63976
-0.886276 -2.68599
0.629924 -3.6439
4.20213 -0.222197
3.04246 1.08427
0.642483 7.58647
-1.7768 1.18914
0.818018 4.56773
1.34878 -3.00313
1.47612 4.26156
3.55525 0.00202666
3.87347 1.58724
1.81383 -3.4889
-2.57142 1.47934
6.09206 -3.07452
2.2592 -3.31468
4.20442 -0.0626541
4.08107 0.937442
6.45034 -2.26829
0.937748 -3.64263
-0.971265 -2.63779
3.79768 0.546289
5.44084 -4.02054
4.15688 -0.702315
0.481619 -3.63518
4.09573 0.874635
2.97796 1.89685
1.05824 -3.05781
-3.32531 7.65273
2.6622 3.38307
1.27574 -3.61054
-1.16538 -2.51465
5.58792 -3.84144
3.30087 2.63608
0.710196 -5.88892
4.11472 0.786611
3.96892 -1.42608
3.50397 -0.660545
-1.43954 2.16125
0.77678 4.58241
4.11654 -5.13531
2.34964 1.98978
-0.925027 -2.66442
2.35647 2.76413
-2.33564 1.72884
-2.46099 1.59643
-2.31993 0.802879
2.49529 -3.19021
-1.57782 4.10725
-1.17668 7.8976
-2.13281 1.89214
3.47944 -2.3208
-2.09465 3.98309
3.98849 -1.37202
3.52839 -0.500972
5.74835 -3.62655
3.92013 -1.55576
4.19735 0.160173
2.38121 2.73821
3.53327 2.27753
-2.37626 7.88124
2.50735 -2.42053
1.20501 4.4005
0.698033 1.311
-0.89396 -2.68176
5.98437 -3.26376
0.0525119 7.7309
4.18386 0.346541
3.42808 0.891739
3.54349 -0.359267
4.05874 -1.15108
3.72669 1.91832
3.43488 -5.47908
4.16601 0.48486
2.1649 3.81265
0.700787 -3.08499
1.77483 4.08485
4.14722 0.610632
1.94859 3.13991
0.872321 4.54648
0.347256 2.20121
0.882293 -5.90205
5.22268 0.731649
0.191498 -3.051
0.387424 -3.07408
-1.98847 4.82444
3.99227 -1.36129
-1.2224 4.91426
-1.30147 1.29384
0.550313 2.18698
-2.2125 7.89419
-1.6092 7.53765
-0.806186 7.4974
3.59558 0.475332
5.55395 -3.88464
1.86438 -3.47268
-1.12881 -2.53931
1.49739 2.09711
-1.95044 1.11813
6.22468 -2.81416
1.77994 -5.88905
2.72798 -2.21407
4.66348 -4.76164
3.11307 1.70781
4.12804 0.747381
4.97428 0.779059
-0.746276 -3.325
0.954322 3.75995
2.71276 -3.05291
4.06547 1.00022
1.95539 3.96508
6.48062 -2.18028
1.44434 -2.97837
0.854591 7.52445
3.16378 1.60547
2.02295 3.07792
5.31317 -5.74647
4.19582 0.185095
-0.506326 4.1499
0.64489 7.21044
-2.94766 4.52381
-1.5794 2.13067
3.67327 -2.03714
3.03677 2.97912
-1.96395 4.02139
2.82141 2.19543
2.42908 -5.79166
1.62489 -5.90118
-0.638412 -3.36925
4.19327 0.222335
-1.80363 2.0611
1.427 -2.98312
2.91126 -2.90532
5.68548 -3.71342
6.70494 -4.38757
-0.0528047 -3.55335
1.72846 -5.89354
-0.987888 4.16495
0.629204 -3.08532
4.16255 0.509995
-0.89206 7.87549
4.19885 0.147251
4.06512 1.70869
4.11982 0.761409
3.6844 2.00303
0.306391 4.7358
1.7256 6.81017
4.19089 -0.416357
3.64969 -2.07464
0.127618 4.04623
-2.82626 4.57477
0.988802 7.101
3.22582 -5.56171
0.966518 4.50791
1.22778 -5.91332
3.98172 1.28856
-0.349543 -3.47296
6.2936 -2.66387
1.73367 -2.88133
2.92427 2.03934
-0.482297 -2.87313
-3.07098 7.38978
1.43496 -5.91036
0.0291924 7.73575
3.48925 0.601843
1.71691 -2.88791
-2.98094 7.80277
-1.19322 4.91527
3.96549 -5.2221
3.2185 1.50048
-0.955887 -2.64675
3.91418 -1.5647
6.70618 -1.26326
-0.870642 -2.6945
1.85398 -3.47487
2.86341 -2.0624
1.63276 -2.91909
-3.32562 7.73637
5.22591 -4.25653
0.681443 3.87457
3.50569 -0.650785
-1.86334 1.1571
-0.912201 2.22174
-1.56578 4.10929
-0.509969 -3.41857
3.95047 -5.23038
0.424901 3.9638
1.62187 6.85591
-1.07651 4.91735
-0.571118 2.23188
0.239086 -3.60788
1.49377 3.46737
2.3315 2.78988
-1.72064 7.53656
3.66731 -2.04631
-0.186562 -2.97087
6.171 -5.00045
1.00306 -5.90829
3.53331 -0.46059
1.60692 7.26166
2.07491 -2.7192
1.47893 -2.96854
6.64155 -1.60042
4.18827 0.284623
-0.799831 4.91201
1.97661 3.11686
4.18777 -0.452368
1.28761 -3.01718
-0.687208 -3.34913
-0.581636 -2.83317
-0.503649 -2.93358
1.21748 -3.0316
3.0189 -2.81504
3.37391 2.53387
2.50199 2.60561
4.16732 -0.631664
3.50846 1.02028
3.72083 1.9303
0.969959 1.29524
-0.987307 7.88386
-0.831454 -2.71536
1.52705 -2.95508
2.75819 -2.18316
3.74637 -1.91101
-1.98797 7.52723
3.43998 0.847519
2.86952 3.16971
4.1783 0.384807
6.70314 -1.28193
5.06503 1.50242
0.384635 7.28249
3.51558 -0.591087
-1.6578 4.87845
4.45285 -4.91738
5.8199 -3.52302
-2.57562 1.44796
2.53319 2.56958
6.42506 -2.33843
-2.24745 3.93203
1.16078 7.42554
3.29398 1.30389
2.49332 -2.43223
3.9524 1.37591
-3.26707 7.34709
6.71219 -1.2253
1.08747 3.69624
0.26506 7.68364
-1.45653 1.44972
2.60929 2.47843
1.26104 1.27355
2.07401 -3.39589
6.24038 -2.78094
-1.04697 -2.59199
2.86902 -2.93869
-2.13018 1.00638
1.40107 -2.99001
2.28919 3.71506
2.11419 2.99815
2.2932 -5.81842
1.06651 7.45717
-1.47083 7.54748
-1.14353 -2.52947
6.69017 -1.35751
3.45106 -5.47228
4.1855 -0.47644
-1.80187 4.85783
-0.695709 -2.78254
2.98303 -1.90786
-0.0974322 7.39199
2.66333 -2.27928
1.19983 -3.03494
0.333793 -3.62047
1.08655 4.45574
3.46752 -0.836626
4.12996 -0.854438
3.88706 -1.62762
3.83796 1.67361
-0.319279 -3.48234
-1.94006 1.12311
3.41352 0.944858
3.53838 -2.24071
-2.15924 4.78711
6.80622 -4.22095
3.9199 -5.24704
2.93293 -1.97527
4.16891 -0.619578
2.34217 -2.54899
-2.30557 3.91077
1.72663 3.31016
-0.744043 -2.75951
5.39412 -4.07427
-2.216 4.77323
-1.75684 4.5856
3.23403 1.45058
3.11548 2.89462
5.64965 -3.74298
2.21454 -2.63558
3.23959 -1.47828
2.83469 2.17607
3.52011 0.423001
-2.0954 7.90133
2.94479 -2.87803
3.84831 1.64891
5.9949 -5.17706
0.593282 -3.08486
-1.08201 7.89128
2.9056 2.06876
6.47474 -2.19774
2.54845 3.49078
0.0231077 4.80471
-1.09143 1.31738
2.97763 -1.91534
0.858559 4.55191
2.65041 -3.09472
3.39052 -2.43294
-3.12063 4.444
4.48272 -4.90897
1.12033 3.6797
3.52637 2.28917
2.07261 3.88166
2.93663 2.01956
-0.0548461 -3.00404
-0.237785 -3.50626
3.48489 0.647096
0.85318 -3.07865
-0.998106 2.2163
4.20171 -0.234245
-0.64808 -3.36533
3.41838 -2.39886
-2.79553 7.83217
3.43539 -0.961323
-2.50567 3.82784
3.55503 -0.143524
-0.379723 -3.46333
1.38273 1.26362
4.47712 0.867996
-0.598093 -2.82619
0.278205 4.74342
-0.263644 4.8576
2.68254 3.36314
-2.96455 3.59076
3.86857 1.59945
3.0082 1.90023
4.19082 -0.353709
-2.59149 3.79058
1.80956 -3.26545
-1.53413 1.25416
2.45112 1.15703
1.54699 -3.56052
0.704178 -3.64599
5.49464 -5.61045
1.11365 7.44148
-0.490021 -3.42576
3.07264 2.9358
3.44713 0.817341
4.07083 -1.10613
4.15894 0.535141
-0.17522 4.10774
1.8959 4.00569
3.47204 -0.817225
3.7243 -1.95019
1.42099 -6.59253
1.22933 3.62243
2.38318 -3.25223
1.14216 1.28277
2.89274 -2.02649
-0.774517 7.86319
0.773389 3.83827
1.98589 -5.8664
3.1307 -2.71256
6.05685 -3.13834
2.14097 2.97392
-2.4975 1.55231
-1.51689 4.11722
1.89098 6.73391
2.44577 -5.78814
-2.23578 7.89249
-3.394 7.72117
3.52792 -0.51994
3.5201 -0.56124
-2.25287 1.80219
1.36097 4.32305
6.38572 -2.4421
0.912665 4.5302
4.19035 0.259632
1.77104 7.1955
-2.17133 0.972193
2.65375 2.42284
1.73826 4.10788
3.1025 1.72828
-1.32083 4.14294
0.799726 -3.64645
-2.90008 3.62909
3.81471 -1.78138
2.55629 2.54244
-0.614508 -2.81911
3.43086 0.881249
3.93162 -1.52235
3.50439 0.540839
1.25144 3.61049
2.32723 -5.81205
2.15328 3.8215
0.784138 7.54564
4.14099 -0.796302
-1.51976 7.53734
2.80138 2.22424
4.12477 0.736209
3.51227 2.31275
3.43807 -0.951659
-1.15076 -2.5246
-2.51236 3.82652
2.27519 -2.5957
-1.79606 4.06362
-2.37157 1.69367
-2.01168 4.00797
6.53172 -2.0199
2.81483 2.20496
4.32302 -5.00575
-0.901859 -2.67739
1.0962 -3.63346
-0.11281 7.76392
1.88372 4.01386
3.43275 -0.970691
-2.32336 1.74039
3.37879 1.06147
-0.765402 4.16481
-1.98003 1.10302
1.99527 3.10131
-1.29681 7.532
-2.46426 7.48524
5.67144 -5.4677
-0.307698 7.79631
-2.20861 0.937345
1.72407 7.21476
4.19872 0.135273
-2.24431 4.76602
-1.26963 7.90313
3.47423 -0.80765
2.8515 -2.07665
4.08017 -1.07222
3.55008 -0.267196
-2.35597 0.745434
1.34869 -5.91248
-1.38477 1.28156
3.67829 2.01494
2.18772 3.7951
0.939623 4.51912
-2.86485 7.82181
2.31735 6.51772
0.354917 -3.62294
2.18523 2.93303
1.1283 -3.62856
1.95786 3.13233
2.695 -3.06503
4.04845 1.06304
-2.077 1.04503
1.3905 -2.99324
2.91015 -2.0045
3.893 1.53763
1.89052 -2.81373
-2.78574 7.44189
4.16111 -5.10843
0.377928 3.97837
2.65013 -2.29209
2.6324 -3.10642
-2.47682 7.48532
-0.408096 4.1401
-2.13081 4.79392
-0.567877 4.15487
4.00928 1.20099
3.55543 -0.122758
-0.138772 4.10151
2.45802 -2.46099
-0.655243 -2.8011
-1.24733 7.9016
-2.06247 1.93685
0.606844 -5.87862
-0.89029 2.22292
-2.94314 3.60368
-2.9745 4.51199
4.1962 -0.343703
-2.67572 7.45889
1.84976 6.75331
2.09512 6.63398
-0.111635 -3.55616
4.80811 0.809647
1.05448 3.71252
-0.551436 4.15176
3.70408 -1.95922
-2.15354 3.96422
0.70947 7.19113
0.688169 7.19756
3.62103 2.12303
-0.186722 -3.52025
2.80022 -2.99072
5.40603 -4.06071
2.65926 -3.08891
5.42909 -5.66075
-0.236634 -2.95625
1.88459 -3.46596
-2.07095 3.9904
2.29021 -2.58548
0.916856 -5.90409
-0.27264 -3.505
2.89294 2.08841
-1.49771 2.14947
-2.45364 4.69513
-1.1627 7.52566
-1.74249 7.91236
0.714967 -3.64617
0.76019 7.55271
-1.29509 4.911
-0.585725 7.84026
6.77527 -0.608888
1.96738 3.12449
1.72215 -3.51612
1.81154 4.06128
1.44577 2.10282
-2.00133 7.90581
-1.40932 2.16686
0.812075 2.16575
-0.296028 7.42816
-0.260591 4.12112
4.88482 -6.02987
2.96754 1.09401
-0.17637 -2.97335
3.54745 -0.308268
-0.687733 -2.78625
-1.97607 4.01804
1.473 3.48041
0.658328 3.88333
-3.27973 7.74619
2.43026 2.68561
5.91966 -5.24835
6.42292 -4.72162
-1.6953 7.91265
3.24384 -1.46953
3.8297 -1.75106
0.0346473 7.36505
5.37977 -5.69773
3.63164 -2.10303
0.945953 7.11553
0.895249 -3.64438
-3.02796 4.48784
2.59425 2.49684
-3.35174 7.32716
2.46754 -3.2061
1.67641 -5.89762
3.42235 0.913026
3.02563 1.86985
-0.514048 7.83052
4.00361 -1.32833
2.21091 -3.33699
-0.163008 4.84094
-0.507202 -2.86347
6.20878 -2.84724
1.4432 -3.58229
0.041538 -3.02482
0.750481 3.84753
0.495497 3.94102
1.57691 4.20478
5.34655 -5.72221
3.88924 -5.2635
-1.98784 4.01475
2.7152 -2.22728
-1.07934 2.20985
-2.74486 4.6067
0.144304 7.34095
3.15403 -2.68995
-1.14109 1.31265
-2.15507 1.87682
1.43364 6.93483
3.65554 -2.06531
3.95662 -1.45849
6.69677 -1.31976
5.41285 -5.67302
-0.219416 -2.96126
-1.92134 7.53045
1.84885 -5.88231
-3.11898 7.77829
6.65372 -1.54438
0.654166 4.62791
3.81237 -5.30365
-3.41868 7.31015
2.87741 -2.93215
2.1064 -2.70128
-0.456807 4.14529
-0.313391 2.23019
3.45083 -0.903983
-0.716285 -3.33676
3.44183 0.838649
-2.85151 7.43091
3.94795 1.38858
0.972193 7.48777
-1.73647 1.20221
-1.21086 2.19627
0.15688 2.21252
2.92153 -1.99004
4.19995 0.110397
0.595247 7.59956
5.81241 -5.34599
-0.0294201 4.08089
4.07492 0.962632
3.48692 -0.749072
2.67554 2.39493
1.14226 3.66848
-1.4432 1.27174
3.12223 -1.69571
1.39986 3.52515
-1.1979 4.1542
-1.40673 4.13285
3.46056 -0.86549
-1.90241 4.84086
3.63775 -2.0935
-0.839672 4.16617
2.70883 -2.23384
3.06756 -1.78393
1.70863 -2.89111
-2.72531 3.72485
3.19647 -1.56332
-1.76027 2.07685
-0.364657 -2.91566
1.41023 3.51892
3.77853 1.80865
3.41649 0.934305
4.20444 -0.0994531
-2.67955 7.84806
0.897827 -3.07533
6.67987 -1.41369
2.52818 -2.40287
0.736137 4.59854
0.626565 4.63739
-2.34051 0.771166
4.64982 -4.77223
6.74535 -0.976921
4.20422 -0.0379636
-1.0919 -2.56349
-0.107128 -2.99144
-0.624176 2.23133
-1.43129 4.12963
1.50466 -2.96093
0.557368 -3.08397
0.308624 2.20367
3.241 -2.62978
-0.410115 -3.45335
-2.32836 0.790205
3.42996 -0.981502
1.13687 7.43366
3.76163 1.84517
2.35515 3.66045
1.55752 -3.55813
2.03423 6.66446
0.693701 -3.64579
1.65689 3.35942
3.35525 -2.47484
-1.43032 7.53598
-2.87846 3.64157
2.45079 -2.46677
1.95233 6.70456
3.01975 1.88014
2.73045 -3.04067
-1.15788 -2.51968
-2.3288 3.90198
3.01865 3.00066
6.60755 -4.49334
-0.500857 -3.11585
0.820992 -3.64621
3.39504 1.00856
-1.56841 1.24672
-0.54442 2.23203
-0.755072 -3.31984
-1.80266 1.18017
-0.959833 1.32778
3.4548 0.785527
4.17204 -0.595779
-2.25942 7.89083
2.22228 -2.63061
3.20532 -1.54641
3.69669 1.97883
-2.88839 7.81815
2.207 -2.64037
-2.69216 3.74173
3.44308 1.82066
-2.07423 4.80652
1.96472 -3.43789
3.45732 0.774751
2.0143 3.92374
2.64127 -3.10064
-2.81342 3.67803
-1.60149 1.23906
