-7.87 -7.72
11.36 -13.22
-8.98 -9.81
-2.48 4.76
7.56 -0.91
8.44 9.71
13.56 9.36
5.13 0.29
3.32 -0.04
11.97 1.31
-4.52 -3.38
9.85 -9.06
12.3 -13.77
-5.33 5.87
6.61 -13.01
7.94 -1.89
11.14 -1.7
7.39 -12.32
-0.93 0.59
0.58 -4.71
10.77 -2.24
2.1 4.9
10.77 -14.15
8.81 -5.44
13.77 -12.92
3.87 6.02
12.43 3.27
14.17 2.2
-6.86 -14.88
10.49 -3.61
1.05 8.66
5.56 3.21
0.37 -12.31
-3.69 -4.82
3.82 5.36
9.9 -11.89
-9.68 2.61
1.82 -0.1
-4.5 -4.87
7.45 -8.29
5.91 -7.8
6.07 -2.39
11.92 -12.69
-0.25 9.83
1.02 -9.73
-1.89 3.28
-3.4 -6.79
6.92 -7.63
13.28 -1.11
-2.59 -11.29
