9.9 26.64
5.97 11.37
25.81 30.62
13.18 33.26
13.21 12.94
25.03 24.59
28.81 27.52
15.09 23.18
27.98 28.51
25.16 10.36
15.86 5.4
18.31 10.78
9.99 33.16
3.42 25.89
25.28 20.13
28.2 39.55
18.25 26.41
20.24 24.02
15.39 38.83
3.09 5.99
24.53 6.43
8 8.41
9.08 13.58
4.04 17.6
12.66 19.31
20.27 36.57
29.54 32.11
22.92 7.56
23.09 17.59
23.99 14.66
5.58 16.37
26.22 17.61
13.77 11.38
10.85 24.32
14.33 7.87
23.54 11.31
23.93 8.88
17.07 32.43
3.35 25.46
3.16 11.67
26.3 16.74
17.82 23.47
16.36 11.86
16.44 23.46
14.72 18.49
24.22 11.51
14.73 12.26
19.57 23.13
23.09 25.66
8.18 11.16
14.96 4.47
6.03 4.5
18.74 6.28
6.86 32.21
20.59 15.47
17.6 27.93
8.84 34.54
24.67 19.32
18.23 5.49
6.94 15.17
20.76 15.27
14 36.66
13.22 18.44
26.39 6.14
22.04 37.49
16.67 36.37
14.29 10.63
16.42 35.01
9.28 37.8
23.99 4.05
9.04 32
20.23 38.05
22.34 12.94
27.24 22.39
14.36 16.45
14.95 12.82
28.97 12.4
25.16 31.94
17.38 9.78
3.08 13.73
17.27 20.71
4.92 36.09
21.68 7.04
13.23 6.36
14.18 30.51
8.61 6.17
5.45 31.35
3.89 33
12.43 7.03
27.07 28.3
4.91 22.12
26.56 21.01
29.87 10.27
12.6 18.89
18.72 18.66
22.54 28.15
15.37 21.88
8.28 8.49
4.67 33.06
3.41 15.01
