3.51675 -2.26497
4.04899 -1.18487
5.5695 1.38446
7.70894 -2.27681
3.8328 1.68576
6.48096 1.65144
6.28104 2.21031
7.91124 -1.13577
2.83356 -2.09776
5.66498 3.41055
3.7354 -1.93065
7.43183 -3.08048
6.77591 0.0032413
4.17047 -0.607859
7.85718 -1.58264
4.06547 1.00022
6.70068 1.07825
3.42808 0.891739
10.7163 -5.84611
5.7346 -5.41406
10.2263 -7.62702
5.03627 4.28162
3.91194 1.48792
4.19901 -0.295069
11.1348 -5.31813
9.51429 -0.596661
4.17353 -0.584037
2.9789 1.95013
2.64548 2.42376
3.88706 -1.62762
5.84333 -5.3183
2.85194 -2.95187
7.9345 -0.658412
7.20385 2.44971
3.34092 -2.49147
3.98925 0.947813
4.09834 0.861902
2.22907 2.00633
7.37427 2.08417
2.96095 -1.93809
3.55421 -0.174467
3.38625 -1.12064
2.72168 -2.22062
5.39145 -5.67427
4.7141 0.831337
3.42996 -0.981502
3.91931 1.46314
3.57645 -2.18652
3.52792 -0.51994
2.89294 2.08841
3.52467 2.23892
6.61695 1.14827
5.79191 4.44316
3.78968 1.78414
4.26493 -5.04956
9.38033 -7.67744
7.69719 -2.31929
7.63181 1.32616
6.04041 -5.1355
3.3735 -1.1576
3.50744 -0.640714
3.96892 -1.42608
7.93382 -0.7043
5.59313 3.52294
3.55589 -0.0708739
4.13188 0.698598
3.55749 -2.21366
8.71747 -8.30539
3.12273 -2.7202
7.87956 -1.42734
6.67171 0.885991
2.65809 1.9456
3.46913 2.38316
7.17055 0.276423
6.72349 -1.14914
4.19885 0.147251
6.61934 0.422358
3.20965 -1.53805
3.41612 -1.02745
4.35212 -4.98642
5.06503 1.50242
7.90721 -1.18091
7.75299 -2.10561
6.25673 2.26957
11.3525 -4.1071
7.08938 -3.77285
5.27283 3.98063
5.82908 4.40341
3.3146 -1.31154
4.20427 -0.124067
9.40179 -7.65489
5.25949 3.99836
4.13888 -0.80782
6.72941 0.5235
4.14999 -0.73712
6.76904 0.122517
3.37645 -2.44983
7.84649 -1.64866
6.73129 -1.09209
4.03851 1.10087
7.36434 2.10686
6.78304 -0.334107
4.98567 -4.48999
3.05221 -1.80749
6.5403 1.45009
11.6265 -5.18767
3.37879 1.06147
3.28414 -1.38255
11.4801 -5.58729
7.13133 -3.69836
10.9066 -6.69486
3.08321 -2.75725
3.36229 -2.46665
3.55525 -0.132992
3.39504 1.00856
6.35313 3.7891
6.3357 2.07125
7.43765 0.839482
4.75934 -4.68531
5.69818 4.54152
3.46289 -0.855976
3.34326 -1.23975
3.33283 1.19888
6.76765 0.142832
5.82421 3.14572
4.48272 -4.90897
4.15328 0.572692
3.93913 1.41354
5.50623 4.73495
7.62514 1.41247
5.05042 4.26437
6.78106 -0.135881
4.14722 0.610632
2.72045 1.93633
4.19089 -0.416357
5.17717 4.10567
8.74693 0.300625
3.15403 -2.68995
7.46016 1.87676
7.27053 2.3129
11.5265 -5.12427
6.77924 -0.0764853
3.98882 1.26361
6.19984 -4.97031
4.03218 -1.24041
3.44308 1.82066
6.45577 1.73093
5.84793 4.38318
10.0743 -0.911362
7.61458 -2.59161
6.36533 -2.49272
5.49814 -3.95261
11.1675 -4.80547
3.55223 -0.225993
3.98572 1.27622
2.52318 -3.17391
8.88288 -8.16015
3.87319 -1.6587
3.3637 -1.18503
3.55589 -0.0602959
3.55008 -0.267196
2.98612 -2.84337
3.31197 -2.52441
7.53555 -2.81815
6.63592 3.40484
11.3465 -4.13752
5.67144 -5.4677
5.62187 4.61965
10.5297 -6.17591
5.85699 1.31248
11.2754 -4.44401
6.25686 -4.90924
2.41499 -2.49479
6.78068 -0.471836
10.8892 -6.72237
5.2991 -4.1793
3.99227 -1.36129
6.43567 1.79176
4.94907 4.386
2.80923 -2.12573
5.50968 -3.93866
6.7389 3.25272
3.00255 -2.82926
3.53845 0.286095
4.15688 -0.702315
2.7828 -3.00337
7.93116 -0.359152
4.19458 -0.367961
5.54337 -3.89736
7.20239 -3.56674
7.33561 -3.29753
5.8199 -3.52302
6.75439 0.302606
7.37154 -3.21903
2.75353 2.29115
7.85591 0.431365
6.30837 -2.63006
4.16427 0.49761
3.48489 0.647096
3.9735 1.31359
2.84835 1.91696
2.49332 -2.43223
11.403 -5.76832
6.37578 0.482148
3.12698 -1.68772
3.51927 0.445192
3.7243 -1.95019
6.91962 2.96626
3.4889 -0.739308
6.75042 0.342767
3.17692 -2.66668
3.51241 -2.27661
6.62027 -1.69265
10.9766 -5.3053
4.34852 1.65367
3.54817 -0.297862
6.77685 -0.016997
3.15385 1.62607
3.0878 -1.75208
5.66407 -3.7422
2.11064 2.02214
4.92061 1.53438
7.86307 0.384566
2.88018 2.10802
6.16247 2.48669
3.15548 -1.6384
7.70116 1.15557
10.4926 -7.29487
3.57946 1.79712
2.73045 -3.04067
2.7152 -2.22728
5.79114 3.20266
3.06476 1.79935
3.95662 -1.45849
3.80451 -1.80158
10.8536 -6.778
7.24892 -1.27035
2.70432 2.35735
3.52839 -0.500972
3.55351 -0.195161
8.92871 -0.325752
3.49667 -0.700071
6.06585 -3.1222
2.695 -3.06503
5.58792 -3.84144
3.74637 -1.91101
6.74745 -0.957943
2.65586 -2.28707
7.64774 -2.48747
5.92781 -3.35662
11.2988 -4.35212
2.71135 2.34806
6.09206 -3.07452
3.41042 1.04409
6.60215 -1.76644
3.69669 1.97883
6.66895 -1.47067
5.6292 3.4669
4.68012 1.58069
7.22219 -3.52869
4.03902 -1.21817
6.69677 -1.31976
4.19281 -0.39218
4.12957 0.711011
2.45079 -2.46677
2.63685 -2.30479
11.2331 -6.12316
3.02563 1.86985
3.50439 0.540839
4.14089 0.648218
7.93038 -0.336372
7.83114 -1.73677
5.94133 2.93464
10.2024 -6.67893
10.1287 -6.78193
5.79712 -5.36088
5.20482 4.07002
3.50846 1.02028
11.6842 -5.00265
3.51777 0.455674
9.09063 -7.96743
4.22046 -5.07173
6.68333 -1.39517
6.95812 -3.99148
2.72552 2.32915
3.95661 1.36361
2.93293 -1.97527
8.63841 0.352736
9.83131 -0.766638
6.67917 0.845606
7.25138 -3.47166
3.47423 -0.80765
7.93366 -0.451577
5.89952 3.01177
11.7425 -4.78282
5.99998 1.2753
9.95767 -7.00914
6.77079 -0.686964
9.63003 -7.41721
6.63499 1.06747
7.93442 -0.497712
7.59496 1.50576
3.26058 1.38776
6.32036 2.11112
3.47396 0.700245
7.12107 -3.71677
8.98976 -0.351809
5.88783 -3.42168
5.91966 -5.24835
5.27486 -4.20522
5.55957 -5.55925
5.81321 3.16471
7.53882 1.66835
3.09778 -1.73604
5.86599 4.36348
6.70494 -4.38757
5.9921 2.83811
10.9586 -6.61082
4.02784 1.13839
3.00247 1.91012
6.5035 -4.62488
4.01796 -1.28455
3.41649 0.934305
3.79419 -1.8217
6.07455 -3.1065
6.40381 -2.43906
3.82728 0.973087
6.78052 -0.116287
4.20309 0.0237066
6.59634 1.23211
3.41352 0.944858
3.87856 1.57467
6.77489 0.0705109
3.5363 0.30729
3.8396 -1.73065
2.88104 -2.04096
3.04694 -1.81548
2.6959 -2.24697
3.55586 -0.0811431
5.93459 -5.23432
5.71864 -5.42775
3.41033 -2.40605
3.30715 -1.3294
3.16955 -2.67467
4.53775 -4.85652
7.73721 1.01595
7.81946 0.641776
2.91179 2.05906
2.81531 -2.11876
5.71346 1.34887
7.55054 -2.77721
3.98172 1.28856
3.35821 1.12504
4.17552 -0.54711
11.3266 -4.23533
4.02521 -1.26257
6.48062 -2.18028
5.26308 -5.78225
6.63339 -4.4602
7.48899 -2.94012
4.16732 -0.631664
3.35509 -1.19953
3.55165 0.107041
2.6235 -2.31741
4.88034 -4.58362
3.46056 -0.86549
3.2162 1.49173
3.45814 -0.875274
5.55663 3.57854
5.37977 -5.69773
3.12011 1.07401
6.67987 -1.41369
6.66399 0.926382
3.83958 1.66114
3.30186 1.28312
10.7313 -5.81776
10.2472 -7.60199
7.86066 -1.56016
3.28091 1.3449
4.09995 -0.992589
3.21901 2.7488
8.76517 -8.26422
3.52909 0.370951
3.55113 0.117411
5.82766 -5.33238
4.16891 -0.619578
4.19995 0.110397
4.33737 -4.99625
3.50569 -0.650785
6.2703 3.89374
2.62423 2.45996
3.2185 1.50048
3.26431 -1.42626
10.2921 -6.549
3.2928 2.64761
5.83994 -3.49315
7.55534 1.62184
2.53226 -3.16852
3.80953 -1.79162
9.20569 0.0598896
3.53977 -0.400026
4.20444 -0.0994531
2.74072 -2.20072
10.5532 -7.21201
4.19735 0.160173
3.04315 -2.79361
4.15312 -0.72589
5.88663 0.594307
6.45802 0.462283
3.74586 0.985406
3.84831 1.64891
5.67947 4.56083
11.3347 -5.91715
3.74098 -1.9207
3.35472 1.13547
5.68548 -3.71342
4.10947 0.811814
7.93064 -0.818373
5.62073 -3.79927
5.73808 -3.64098
7.56575 -2.68345
2.88603 -2.92539
9.22607 -7.8351
4.05549 -1.16246
6.85428 -4.15144
6.36976 3.76769
3.56093 2.23017
2.97796 1.89685
7.34482 -3.27768
6.49344 1.13926
6.65198 0.986679
3.73269 1.90597
6.87934 3.03251
7.7431 0.992193
2.82143 -2.11179
4.20349 -0.173199
2.8543 2.14706
4.41015 -4.94679
3.40751 0.966052
10.976 -6.58248
5.72668 -3.65777
6.12204 2.55211
4.12477 0.736209
10.0317 -7.85179
5.2012 -4.28192
7.07354 2.69837
4.20387 -0.0132441
9.15869 -7.90149
2.64632 2.43226
7.38912 -3.17955
6.21687 -2.83047
5.96485 -5.20582
6.21982 3.95598
2.46503 -2.45535
3.17847 -1.59693
3.49803 2.33627
7.69979 0.120027
11.3061 -4.32197
10.4332 -6.33049
7.84663 0.0733666
3.90528 -1.58577
3.45327 -0.894467
6.65372 -1.54438
6.63068 1.08729
2.86925 -2.05535
3.82224 1.7104
6.78233 -0.195769
7.92065 -0.173675
4.12294 -0.889085
11.3799 -3.9524
6.32292 -2.59613
2.92807 -2.89174
3.11548 2.89462
4.97833 4.35133
3.25219 2.70393
6.53172 -2.0199
3.19391 2.78211
3.89625 -1.60675
3.13879 1.65677
7.87635 0.291023
11.5953 -5.28207
10.5776 -6.09485
3.65554 -2.06531
9.11162 -0.405237
4.11215 0.799028
5.26853 -4.20752
7.39402 2.0381
10.9928 -6.55463
11.3749 -3.98322
2.8515 -2.07665
2.953 -2.87124
11.7268 -4.84598
6.76384 -0.784087
2.96754 1.09401
7.89098 0.174558
3.86857 1.59945
10.3273 -6.4964
6.43156 -2.32064
6.39447 1.91142
3.77853 1.80865
5.02439 -4.4543
4.15499 -0.714281
7.26107 -3.45208
5.69995 3.35432
3.55121 -2.22262
5.94997 -5.21991
11.2062 -4.68546
3.42235 0.913026
6.70947 0.664279
6.28598 3.87259
7.93474 -0.635113
4.13423 0.685816
3.3248 2.60213
3.85851 1.62419
7.92549 -0.932041
3.29796 1.29353
4.42416 -4.93739
4.84046 -4.6178
7.82717 -1.75842
6.72462 3.27426
3.90085 -1.59611
3.28484 2.65878
5.3891 0.698715
7.91199 -0.0349198
5.42762 4.81129
5.30742 0.714893
6.38572 -2.4421
7.81936 0.700029
4.77318 -4.67396
9.85957 -7.13268
6.06402 4.14127
2.98303 -1.90786
3.55448 0.0336712
6.69663 0.744974
4.19502 0.197381
3.88331 1.56245
6.20878 -2.84724
3.19254 -2.65165
6.52072 -2.05591
6.54248 -1.9839
2.85493 -2.07476
5.76869 3.24071
9.29987 -7.76649
7.90584 0.0345773
3.30332 -1.33842
2.66854 1.13138
7.4871 1.80762
10.0093 -7.87673
2.88699 -2.03363
3.55571 -0.101964
6.14338 -2.97774
3.31935 -2.51609
6.15117 4.03884
3.48925 0.601843
5.01164 -4.46612
3.13658 -1.67133
3.24761 1.41896
7.28945 -3.39449
5.22934 -5.80594
3.55053 -0.256317
6.37885 -2.45961
5.37921 3.83572
11.7103 -4.90906
2.52818 -2.40287
3.40992 2.4759
6.52996 -4.59223
11.2835 -4.4132
3.48281 -0.768646
10.9256 -5.42097
11.2508 -4.53484
3.6152 -2.11637
6.55676 1.38989
7.07885 -3.79104
3.69065 1.99075
4.18933 0.272302
6.75353 3.2305
3.53211 -0.470848
9.45882 -0.568564
3.25192 1.40867
2.84435 -2.9611
6.57341 -1.87525
2.92153 -1.99004
3.38206 1.05101
2.70428 -3.06044
5.07575 -4.40584
4.85558 -4.60385
10.9384 -5.39253
7.77813 -1.99798
4.47712 0.867996
5.48175 3.68961
9.33655 -7.72297
7.4134 1.99197
5.52084 -3.92507
4.99848 -4.47826
4.5521 -4.84597
6.22329 2.34881
7.39784 -3.16019
11.1718 -6.23976
3.48365 2.35974
6.12773 -5.04526
4.17921 -0.536251
10.7606 -5.76167
6.15164 -2.96173
3.78537 1.76051
10.5332 -7.23896
5.49845 1.40169
5.68846 3.37291
3.87347 1.58724
5.63961 -5.49418
2.57796 -3.14079
9.59386 -7.44577
4.46694 -4.90745
9.98745 -7.90094
2.59622 1.14006
8.8126 -8.22271
4.99386 1.51827
4.27633 1.66793
7.48499 1.70504
3.3406 2.57929
5.47855 -5.62293
4.03502 1.11326
6.58326 -1.83883
7.06134 2.72054
3.5062 0.530031
8.20209 -0.0461602
3.083 -1.75929
3.17839 1.57465
3.54349 -0.359267
6.83804 1.03643
7.46495 -3.00033
3.82747 1.69827
4.20237 0.048495
6.29542 -2.67823
4.07185 0.975038
7.56335 1.59891
3.53331 -0.46059
10.0972 -7.77782
10.331 -7.49958
3.70408 -1.95922
11.7349 -4.81396
5.58114 3.54132
4.15868 -0.690681
3.35018 -1.22157
5.74101 3.28998
6.63746 -1.61871
6.29892 -4.86313
2.96659 -1.93045
6.70318 0.70462
3.92296 -1.54356
3.051 -2.78625
11.6164 -5.22022
3.4045 -2.41595
5.55723 3.58298
9.75927 -7.25438
3.21076 2.75981
7.42352 -3.10014
6.42292 -4.72162
3.16378 1.60547
8.85579 0.24637
7.66057 -2.44546
2.75672 -3.02218
10.3926 -7.42234
5.8028 0.612548
8.78876 -8.24358
3.22072 1.48149
5.78132 -5.37346
7.92287 -0.977519
3.43275 -0.970691
6.21437 -4.95489
3.35626 2.55638
3.47204 -0.817225
2.71909 2.338
4.19035 0.259632
6.06068 2.70212
4.93329 -4.53717
9.91859 -7.05892
5.35407 1.43608
3.53667 -0.43035
9.06813 -7.98888
10.8354 -6.80613
6.92412 -4.04503
6.74535 -0.976921
6.00878 4.20216
7.10873 0.950567
6.40235 3.72539
3.55056 0.128094
3.48695 0.636592
7.4783 1.83045
6.55147 1.4096
6.1423 1.23732
7.01377 -3.90117
3.49275 -2.30315
3.90255 1.51279
5.6426 1.36649
5.35293 3.87212
3.3652 1.10386
4.97235 -4.50215
10.1613 -7.70469
3.49208 2.34802
5.66015 4.58067
10.2564 -6.60133
11.3761 -5.8282
2.76595 -2.17373
4.14313 -0.784429
7.44988 -3.01433
4.1026 -0.981297
3.19647 -1.56332
5.08832 -4.39379
6.69248 -1.3201
4.20474 -0.0506603
2.91015 -2.0045
6.49953 1.5908
6.64571 -1.58159
7.09805 2.65329
3.51227 2.31275
7.77238 0.0971633
3.28581 1.32489
3.50792 0.519538
3.75722 -1.89129
8.29938 0.50558
3.81153 1.73502
3.55585 -0.0500154
3.21407 -1.52942
6.48661 -2.16229
6.43667 -4.70538
7.39975 0.210819
7.63236 1.38947
6.02478 -5.14809
4.06186 -1.14
6.39235 -2.42505
10.2893 -7.55094
2.6698 -2.27294
6.66581 3.36143
6.13222 0.539244
7.15762 2.54054
6.61589 -1.71081
3.241 -2.62978
6.11791 -3.02618
2.94479 -2.87803
2.44375 -2.47236
10.5939 -6.06672
5.35883 -4.11393
6.31311 -4.84735
3.24806 2.71608
7.73153 -2.19145
3.44721 2.418
3.34018 1.18228
7.76826 -2.04124
3.53878 -0.410044
3.27457 1.05314
3.45229 0.796029
10.4737 -7.31778
5.99285 4.22275
7.58674 -2.67457
7.49703 -2.91958
6.74172 0.423167
3.46463 0.74289
10.3446 -6.47038
5.46194 -5.63572
3.23877 1.43983
2.80022 -2.99072
7.91915 -0.127955
6.5136 3.57658
10.1839 -6.70516
3.6844 2.00303
5.13729 1.48626
3.55501 0.0127139
11.2027 -6.18158
9.87914 -7.10841
6.60281 1.20855
7.61762 1.43614
3.17397 -1.60516
6.47476 1.67126
6.53758 0.44277
6.18883 2.42784
3.55216 0.0963704
11.2675 -4.47411
11.1263 -4.92465
7.71934 1.08585
7.3069 0.884579
10.4135 -6.36409
5.5918 -5.53331
3.64969 -2.07464
4.09446 -1.01546
7.93467 -0.520422
4.12048 -0.900831
7.5047 1.76124
6.71757 0.677552
2.5626 -2.37291
3.29958 -1.34718
3.79544 1.77169
8.24182 0.530163
7.87662 -1.44932
5.47529 -3.97997
2.28816 1.99828
3.3836 -2.44128
9.978 -7.88809
11.2774 -6.03548
3.22302 -2.62043
4.06873 0.935461
5.75887 -3.61164
8.80255 -0.273268
4.18358 0.334682
5.32318 -4.1532
6.58809 1.26883
2.93069 2.02917
7.19245 2.47214
7.62449 0.143366
3.26493 1.37713
3.55233 0.0780699
10.2203 -6.65339
7.80579 0.711721
6.38215 -4.76909
1.96334 1.20983
4.19872 0.135273
3.07773 -1.76804
4.66348 -4.76164
6.68404 -4.39279
6.43781 -2.30339
3.39247 -1.10206
5.05014 -4.43016
4.63679 -4.78173
6.44245 1.7714
7.35417 2.13017
3.58271 -2.17708
10.6094 -6.03967
4.18184 -0.51229
6.76623 0.162557
3.55543 -0.122758
4.56085 0.853559
3.63164 -2.10303
4.1962 -0.343703
5.7231 3.31654
6.84262 -4.16876
4.18433 -0.488283
3.27235 -1.40877
6.77426 -0.628162
3.4548 0.785527
4.17089 0.447362
4.17204 -0.595779
3.24553 -2.59686
4.1783 0.384807
6.77048 -4.27326
6.06905 -5.10446
6.75161 0.37932
4.10531 -0.969654
4.16255 0.509995
6.75983 0.242708
6.6057 3.44812
5.98211 2.85731
3.25312 -2.58877
3.55525 0.00202666
7.90791 0.0116517
4.20412 -0.136539
6.5907 3.4694
2.51424 -2.41472
3.5201 -0.56124
6.70906 -4.3588
4.86721 -4.59495
2.77415 2.26264
8.69216 0.327133
7.59368 -2.65417
3.28985 1.31454
5.90264 4.32339
2.59617 -3.12946
2.40956 1.98144
2.55583 -2.37888
9.88079 -0.794987
3.18803 1.55397
7.86396 -1.53829
3.85414 -1.70003
11.2478 -6.09428
3.24206 1.85437
6.00285 -3.2325
5.0074 4.31654
3.43641 0.859952
6.73454 0.483233
6.79607 3.16497
7.28118 2.29037
3.85902 -1.68957
3.34833 2.56801
3.7489 1.85701
3.62103 2.12303
6.72878 -1.11094
3.93271 -0.630704
7.91837 -1.04527
3.14141 -1.663
6.14449 2.52604
7.93488 -0.612473
3.12223 -1.69571
3.76795 -1.87147
3.32152 1.23037
2.91058 1.90784
5.19122 4.0876
7.3537 -3.25836
11.0925 -6.38364
6.04446 0.561519
3.22748 2.73744
8.97608 -8.07516
5.53189 3.61566
3.32529 1.21998
3.54031 2.26553
9.20336 -7.85768
9.67724 -7.35068
3.37539 1.07223
3.58803 2.18259
11.0716 -5.07219
6.73697 0.463403
10.4133 -7.39593
4.1899 -0.428253
6.01204 2.79925
7.8825 -1.40469
3.30087 2.63608
6.22468 -2.81416
2.86341 -2.0624
7.44852 -3.04048
6.68637 0.805228
3.0288 -1.85252
5.85982 -3.46303
6.8549 -1.2747
2.74438 1.1217
6.56001 3.51249
4.06512 1.70869
6.71248 0.644409
2.77422 -3.00965
6.70926 -1.24401
9.72861 -0.709433
4.16766 0.47248
6.49238 -2.14478
7.91574 -0.0814561
3.19599 1.06384
6.44998 -4.68957
10.744 -6.94322
7.85373 -1.60446
3.89175 -1.61706
3.33981 -1.24868
11.4421 -5.67747
3.52964 -0.491048
6.5458 1.43023
4.16006 0.546742
3.67327 -2.03714
3.78421 1.79622
3.61352 -2.13095
9.89919 -7.08334
5.9935 -3.24838
3.52011 0.423001
2.66333 -2.27928
7.8782 -1.47491
2.99074 1.93014
3.19288 1.54344
3.93162 -1.52235
9.04489 -8.01089
6.89271 3.01067
6.33727 -2.56206
3.4389 -2.37315
3.37939 2.52208
2.65041 -3.09472
4.11495 -0.92355
4.58024 -4.8251
5.17619 -4.30738
5.54533 4.69652
7.90062 -1.24813
4.20447 -0.0873146
6.77713 -0.569721
3.49285 -0.719764
3.15135 2.83737
4.05895 1.0254
4.16925 0.459756
6.08139 4.1211
2.65375 2.42284
9.78265 -0.304448
3.88254 -1.63792
5.21375 -4.26906
7.92843 -0.290045
6.12647 -3.01014
9.2881 -0.486152
7.82661 0.573433
6.76682 -0.745202
5.63714 0.647813
6.7155 0.623953
3.1025 1.72828
3.45732 0.774751
3.01407 1.89004
5.87952 -3.43275
3.03132 -1.83877
3.95263 -1.46912
4.0487 -1.21201
3.58885 -2.16801
7.63967 1.36578
11.0265 -6.4979
3.32905 -1.27622
5.32644 3.9084
3.54472 -2.23181
5.59879 -3.82756
3.09711 1.73863
2.80901 -2.98422
6.81879 -4.20378
4.11305 -0.935308
3.43807 -0.951659
11.4675 -5.61804
5.10122 -4.38134
7.01472 0.319313
3.53183 -2.24985
2.83477 -2.96494
4.07083 -1.10613
7.30252 2.24458
6.19267 -2.88021
2.95487 1.98996
6.78301 -0.254959
4.43831 -4.92755
6.41536 1.85162
3.5473 0.180655
6.66525 -1.48866
6.44419 -2.2856
6.529 3.55546
7.92941 -0.312866
6.65601 0.966776
3.39052 -2.43294
2.67554 2.39493
6.69809 0.402498
7.73813 -2.17126
6.45034 -2.26829
11.6465 -5.12752
6.084 -5.08952
3.08107 1.76903
3.57015 -2.19542
7.48112 -2.96003
7.68772 1.20252
3.43369 0.870443
8.40756 -0.120012
10.4638 -6.28405
6.9462 2.92174
5.72125 0.630038
6.73622 -1.05378
3.36947 -2.45811
3.29011 -2.54872
3.53946 0.275658
2.72798 -2.21407
10.2047 -7.65273
6.64155 -1.60042
3.67898 -2.02721
4.0681 -1.11747
4.20422 -0.0379636
3.26825 -1.41781
3.04246 1.08427
9.62294 -0.652773
2.93632 -2.885
4.20437 -0.111944
2.86036 -2.9454
6.09919 4.10029
7.11601 2.62939
3.99612 -1.35021
5.41285 -5.67302
5.46276 -3.9859
3.49308 0.604479
11.2246 -4.62517
11.1404 -6.29767
2.78782 2.24347
2.45112 1.15703
6.85191 3.07677
10.0727 -6.85806
6.77033 0.102821
10.9638 -5.33472
3.54673 -0.318365
5.43053 3.7632
3.93474 1.42583
9.00736 0.168342
4.20171 -0.234245
6.86546 3.05498
4.14517 -0.772885
2.99394 -1.89263
2.82141 2.19543
6.03174 2.76033
7.90511 -1.20312
10.7978 -6.86729
3.71881 -1.9598
3.75013 1.86959
3.53162 0.349719
5.81026 1.32191
3.05929 -2.7791
2.65926 -3.08891
4.78655 -4.66295
3.93583 -1.51186
8.83587 -8.20214
4.10135 0.849434
3.30594 1.2725
6.97242 2.87712
4.16223 -0.667029
6.77874 -0.530495
2.96101 1.97987
9.09131 -0.406813
5.13551 4.15867
2.81483 2.20496
6.35077 2.03135
11.3641 -4.04523
3.52637 2.28917
7.95037 -0.759408
3.20532 -1.54641
4.19582 0.185095
4.36642 -4.97683
6.75845 -4.29026
3.9524 1.37591
4.18052 -0.52445
4.04206 1.08811
3.91418 -1.5647
2.47921 -2.44384
3.55122 -0.24661
6.73197 0.503659
3.13187 -1.6794
5.31317 -5.74647
3.98778 -1.38573
3.68468 -2.01777
3.53039 0.360178
6.75895 -0.842005
4.64234 0.839292
6.48727 1.63104
11.0603 -5.10119
6.26482 2.25002
3.05916 1.80963
10.8712 -6.75063
4.19661 0.172448
7.11045 -3.73567
7.81034 -1.84602
10.0348 -6.90871
7.87941 0.267992
6.64361 1.02708
4.07492 0.962632
8.12342 0.579596
6.3656 1.99141
4.01302 1.18862
3.40153 -1.07423
8.85975 -8.18088
3.27627 -1.40014
11.7019 -4.93993
3.54717 2.25388
11.3401 -4.16882
3.24794 -1.46101
6.27281 -4.89738
2.6324 -3.10642
7.9207 -0.15085
2.93663 2.01956
11.1158 -4.92935
7.05739 -3.82793
5.13894 -4.34444
3.1736 1.58483
3.4806 0.668418
7.17238 -3.62324
4.19835 -0.30742
6.7801 -0.491211
4.13449 -0.831156
3.54498 0.212183
6.11642 4.08005
11.3626 -5.85762
7.1604 -3.64053
3.53091 -0.480801
3.54047 0.26492
11.3063 -5.97644
2.61009 -2.3299
6.19767 2.40781
8.94463 -8.10695
3.4458 -0.92315
6.20087 -2.86349
2.67645 -2.26639
4.67751 -4.75068
4.10419 -1.03564
4.0205 1.16351
6.77203 -0.667238
6.27862 -2.69755
6.05119 2.72135
2.63154 2.45083
3.23567 2.7264
4.02876 -1.25134
7.80148 -1.88966
6.72131 -4.342
3.53293 0.338717
4.18713 0.297315
6.23655 3.93547
5.94685 -3.32582
3.32649 -2.50799
6.27387 2.21458
4.96394 4.36843
7.92779 -0.886492
7.88807 -1.35997
5.40526 3.79922
3.51618 0.466469
7.52029 -2.85895
6.47684 -4.65732
7.88536 0.221263
9.10774 0.11435
3.37646 1.83195
9.52928 -0.134255
7.60079 -2.63315
9.24806 -7.8131
6.27116 -2.7141
4.20642 1.68158
3.52224 0.423924
2.58989 -2.34844
6.62898 -1.65573
7.84999 -1.62682
3.82478 -1.76109
7.68102 1.22625
5.56573 -3.86948
3.55346 0.0649954
2.09984 1.19575
11.455 -5.64786
6.71838 0.60409
10.7458 -5.79016
10.4969 -6.23011
3.81471 -1.78138
3.86373 -1.6794
3.54143 0.254484
3.55476 0.0230362
2.99945 -1.88464
7.47294 -2.98048
7.32662 -3.31677
4.13859 0.660659
11.4922 -5.55736
4.00157 1.22608
3.45575 -0.884763
3.23811 -2.60466
4.12804 0.747381
7.66075 1.29604
5.46703 4.77321
6.67268 -1.45122
9.81959 -7.18173
9.57257 -0.162082
2.8395 -2.09081
7.74875 0.969109
3.70317 1.96655
6.33002 -2.57936
6.52895 1.4904
8.73749 -0.246912
3.54883 -0.287748
7.91993 -1.02292
3.56082 -0.221342
3.96483 -1.43703
3.06756 -1.78393
3.77857 -1.85157
6.74955 -0.938382
3.62745 2.11122
4.0742 -1.09487
6.01188 -3.21705
5.96188 2.89597
2.58721 -3.13506
7.55782 -2.75699
3.2003 -2.64378
2.9056 2.06876
6.77944 -0.511151
4.41879 1.63962
7.64673 1.34276
3.36393 2.54508
5.10735 4.19403
2.88095 2.10387
6.18564 3.99749
3.59515 -2.15864
6.18019 2.44728
7.93258 -0.40539
3.73848 1.89397
3.51709 -0.581047
7.88043 0.676549
9.40268 -0.541115
4.6911 -4.74
7.67442 1.24929
3.81683 1.72289
3.94362 1.40088
4.18308 -0.500468
3.70755 -1.97921
9.24808 0.0407568
11.137 -4.89453
6.40113 1.8844
9.35814 -7.7006
3.41838 -2.39886
3.02693 -2.808
6.9908 -3.93656
3.26912 1.36683
8.06127 0.00238497
3.47651 2.37129
3.55503 -0.143524
6.74091 -1.01539
5.64126 3.44811
4.08306 -1.06103
5.11371 -4.3692
5.42522 1.41924
3.84523 -1.72136
3.46752 -0.836626
4.17691 0.397164
6.83788 3.09919
3.60196 2.1588
4.80811 0.809647
2.86091 2.13718
5.74835 -3.62655
5.64249 -3.77081
6.61133 -1.72948
6.56746 1.34955
7.93408 -0.474314
5.95686 4.26324
3.0082 1.90023
5.87825 3.05022
9.6177 -0.191723
4.14922 -0.749414
2.90435 -2.01193
11.3338 -4.19916
2.63269 -2.68332
7.90348 0.0582563
6.65882 -4.42659
3.0573 -1.79973
6.13483 -2.9942
5.97498 -3.27938
8.54194 -0.170395
6.297 2.17055
7.85225 0.454427
5.61731 3.48557
3.06252 -1.79172
8.35798 0.480178
6.03006 -3.18558
9.50976 -7.53871
3.52508 0.402665
3.21835 -1.52103
6.71796 -1.18726
7.79233 -1.9332
8.47426 -0.144285
7.02492 -3.88266
3.64686 2.07502
5.73597 4.50219
11.2911 -4.38313
6.47474 -2.19774
2.16873 2.01444
6.13551 2.54546
7.2705 -3.43311
3.92474 1.735
7.24866 2.35858
4.20365 -0.00105488
3.8297 -1.75106
6.78241 -0.393048
8.67362 -0.221486
7.93214 -0.772654
7.92146 -0.999899
3.11819 1.69777
6.98062 -3.95538
3.18497 -2.65928
3.38301 -1.13064
6.09848 -5.07496
5.44375 3.74453
6.44896 1.75162
6.04135 2.74114
3.14635 -2.69744
4.30819 -5.0155
2.52232 1.14877
6.41824 3.7045
6.69332 0.764814
6.54292 -4.57608
3.44183 0.838649
6.39556 -4.75332
6.68982 0.785338
6.07977 2.66303
6.64632 -4.44318
2.94546 -1.9634
10.6114 -7.1323
10.0534 -7.82746
3.53327 2.27753
4.00726 -1.31752
4.20195 0.0607245
3.46603 -2.33835
7.24188 0.906536
9.84039 -7.15576
4.08996 0.899834
3.22695 -1.50393
7.92619 -0.24369
6.24038 -2.78094
4.09573 0.874635
7.70692 1.13267
4.04845 1.06304
7.33372 2.17612
2.76036 2.28176
5.92055 2.97324
6.24013 2.30921
4.08883 -1.03828
7.6541 -2.46679
6.28508 -4.8784
5.71374 4.52146
3.11193 -2.74427
5.8585 -5.30458
2.55991 -3.15272
7.19254 -3.58543
7.90118 0.0812289
3.51133 0.498243
4.14099 -0.796302
4.23501 -5.06257
10.3792 -6.41737
6.38016 1.95143
6.1568 -5.01534
3.5557 -0.0291301
7.7032 -2.29777
4.20073 -0.258674
3.41329 -1.03673
2.49601 -2.42461
9.48809 -7.56257
5.46926 3.70776
10.3514 -7.47409
6.99806 2.83245
7.54297 -2.798
3.55262 0.0860076
4.2005 0.0981497
5.97515 4.24272
10.6499 -7.07852
11.5164 -5.49646
3.64365 -2.08422
10.6913 -5.88757
7.78772 -1.95461
2.56955 -2.36674
4.19188 -0.404096
3.76292 -1.88196
9.71842 -7.30268
5.41756 -4.04749
8.34038 -0.0954537
5.05623 0.763643
6.76062 -0.822907
6.77527 -0.608888
9.05711 0.141805
10.6406 -5.98457
3.16834 2.8152
6.29564 0.501217
4.26446 -5.04383
5.93903 4.28314
7.72533 1.06279
9.69754 -7.32712
9.67537 -0.680621
2.92732 -1.98256
2.55064 -3.15749
3.54169 -0.379664
7.898 -1.27081
3.04181 -1.82317
10.1658 -6.73057
3.63402 2.09905
3.45252 -2.3558
10.8315 -5.6208
7.92881 -0.864025
4.08107 0.937442
2.98012 -2.85536
6.76955 -0.706252
3.39472 2.49902
2.78511 1.9266
7.12221 2.60812
8.4146 0.455226
7.8484 0.478179
5.31098 -4.16646
4.18386 0.346541
4.74596 -4.69616
2.62535 1.92668
7.93333 -0.72687
3.55268 -0.215824
2.91813 2.04906
3.12855 1.67729
3.32553 -1.28477
3.33272 -1.26676
6.78313 -0.314049
3.4727 -2.32978
7.55083 0.165832
6.50547 1.57096
2.96695 1.97006
7.7314 1.03903
3.54074 0.248944
11.3849 -3.92108
3.69052 -2.00802
7.25948 2.33608
9.63571 -7.39838
3.6079 2.14696
5.77351 4.46269
5.8108 4.42302
4.20103 0.0855447
6.56332 -1.91157
4.09719 -1.00421
6.17284 -2.92837
3.43215 -2.38166
11.1472 -4.86519
1.89506 1.21668
8.86504 -0.299028
3.3511 1.1462
9.4238 -7.63159
6.65114 3.38283
2.94423 -1.96042
5.23226 4.03425
5.98437 -3.26376
5.54338 -5.57281
5.74601 3.27867
2.67716 -3.07703
9.34759 -0.0224067
2.86902 -2.93869
7.74766 -2.12743
6.75737 -0.863323
6.2833 1.19877
3.20693 1.51251
6.75536 -0.880722
2.89437 -2.9188
4.08706 0.912248
4.19137 0.247309
9.18122 -7.87953
3.15821 1.61653
6.76229 -0.80322
6.9067 -4.11992
6.79475 -4.23861
7.92221 -1.11882
3.20223 2.77113
3.79768 0.546289
9.65863 -0.218885
6.46199 1.71145
3.10266 -1.7281
3.15983 2.82648
5.51964 3.6339
5.38251 -4.0874
11.2629 -6.06448
3.30887 2.6249
10.8452 -5.59279
2.75337 -2.18727
4.1493 0.59786
7.93494 -0.566476
3.64037 2.08722
3.38861 1.02979
7.5667 0.793684
5.44084 -4.02054
3.47857 -0.788172
9.86277 -0.362267
5.36624 3.86351
10.6253 -6.01175
3.39549 -1.09289
3.55417 0.0440047
3.29398 1.30389
10.9201 -5.4222
4.49136 1.62493
9.4451 -7.60888
5.55395 -3.88464
11.6563 -5.09592
3.32913 1.20927
5.56431 4.6775
4.39597 0.881792
6.56832 -1.89369
7.69395 0.747197
6.77316 -0.647994
3.27753 1.34587
3.16932 -1.61362
9.23057 -0.459294
7.44167 1.92302
6.76316 0.202617
11.094 -5.01318
2.81698 1.11313
3.72083 1.9303
3.47618 0.689741
4.19327 0.222335
3.02073 -1.8543
5.78957 -3.56755
3.66714 0.997142
5.40603 -4.06071
6.68275 0.825712
3.04249 1.83983
6.56908 -4.54314
4.11472 0.786611
7.7581 -2.08439
4.93458 4.40303
2.57628 -2.36072
2.81753 -2.97789
10.8035 -5.67749
4.17398 0.422256
7.75992 0.922257
7.03631 2.76549
5.28651 3.96235
6.33691 3.80985
6.91926 1.00996
3.23959 -1.47828
5.40231 4.82949
3.35136 1.04251
6.78424 -0.241649
6.5372 -2.00165
6.46265 -2.23307
10.4807 -6.25672
2.79166 -2.99699
6.6261 1.10787
3.4948 -0.709779
7.17452 0.928964
6.72613 -1.13033
6.3546 -4.80064
3.11496 -2.72757
6.10936 -3.0424
8.92962 -8.11782
6.05448 -5.11891
3.25213 -1.45222
6.85719 0.361342
7.15197 -3.66089
6.24818 -2.76384
3.18752 -1.58016
3.25618 -1.44367
7.78625 0.805449
7.52815 -2.83914
6.21214 1.21833
3.37206 1.08267
2.99423 -2.83644
3.92724 -1.53312
6.83483 -3.3422
3.53768 -0.419966
11.2153 -4.65578
10.7066 -6.99771
3.59537 1.78347
10.4333 -7.37021
2.80802 2.21475
3.51558 -0.591087
3.35699 -1.20334
10.781 -6.88843
7.92733 -0.266533
5.80991 -3.53782
2.77211 -2.16703
6.9354 -4.0274
4.70551 1.58057
4.89383 -4.57191
3.40623 -1.03952
5.88145 -5.21598
6.37281 1.97171
3.43235 2.44127
6.78167 -0.432469
2.56896 -3.14633
4.20144 -0.246739
3.34755 1.15662
3.50038 -0.680331
3.54596 -0.32877
7.90287 -1.22597
5.0662 -4.41278
11.3485 -5.88787
3.23403 1.45058
2.92427 2.03934
7.96599 -0.398655
4.04525 1.14844
3.54578 0.201773
4.23188 0.909094
6.80622 -4.22095
3.77958 -1.79021
2.45802 -2.46099
6.69017 -1.35751
3.5278 0.381416
7.87044 -1.49385
4.19768 -0.319405
11.1158 -4.95396
3.50397 -0.660545
3.54076 -0.389701
11.0247 -5.19089
4.01456 -1.29553
6.08346 -3.09029
6.7777 -0.0366419
3.17693 2.80433
6.746 -4.30772
6.78261 -0.215312
6.58803 -1.82084
6.78315 -0.294558
3.42732 -0.989668
6.16825 -2.92912
6.31556 -2.61339
8.27054 -0.0703539
6.25588 -2.74758
5.34655 -5.72221
3.47164 0.711063
6.87779 -4.11615
6.78196 -0.175619
11.0132 -5.21839
3.96513 1.33861
6.21562 2.36719
6.59301 1.24893
5.9206 4.30358
4.20395 -0.14865
7.09171 0.298288
5.64132 4.5999
9.94867 -0.839356
8.35293 0.493897
4.11982 0.761409
7.78122 0.828537
11.5847 -5.31247
2.87524 -2.04806
6.38725 1.93172
6.12627 2.56534
4.19962 -0.283066
2.70883 -2.23384
3.35525 -2.47484
3.51079 -0.620837
5.97191 2.87689
11.4293 -5.7082
7.43243 1.94579
2.61432 -3.118
10.0757 -7.80232
3.07431 1.78074
4.11806 -0.912225
6.78167 3.18668
10.5136 -7.26505
6.65758 -1.52601
11.037 -5.1599
3.96084 -1.44764
2.66098 2.41363
7.92361 -0.197291
5.60762 -5.52045
3.99983 -1.33944
11.2334 -4.5954
2.76736 2.27208
3.53737 0.296846
4.10683 0.824231
2.77844 -2.1601
3.2319 -1.49203
3.71712 1.77279
9.29246 -7.76819
7.8189 -1.80227
5.96788 0.576357
3.7444 1.88161
7.75597 0.724043
7.82392 0.618009
10.8725 -5.53574
6.70314 -1.28193
3.36031 -1.19431
3.36696 -1.176
6.54399 3.53375
3.43086 0.881249
6.77053 1.05713
5.25046 -4.23096
4.19694 -0.331735
6.49334 1.61121
3.77299 1.82071
6.52633 -2.0376
6.75241 0.322977
10.8175 -6.83336
5.83007 -3.50793
2.89274 -2.02649
3.33623 -1.25786
3.20782 -2.6361
5.69597 -3.69918
5.71173 3.33516
7.52194 1.71481
3.44713 0.817341
6.4187 -2.35556
5.44578 -5.64809
4.56598 -4.83571
2.61689 -2.32359
10.7256 -6.9701
6.03677 -3.17775
6.55836 -1.92491
7.66679 -2.42472
5.39412 -4.07427
3.10771 1.71822
3.49503 0.593957
3.55173 -0.236456
7.9342 -0.681022
3.51924 2.30114
3.1489 1.63621
10.7015 -5.87361
3.27661 2.67025
7.41489 -3.12034
4.45285 -4.91738
6.75794 0.263
7.85972 0.407566
4.15128 0.58546
3.37391 2.53387
5.57669 -3.85569
5.50693 3.65269
3.3854 1.04025
6.64968 -1.56327
3.24384 -1.46953
6.02857 4.18209
6.70618 -1.26326
8.79955 0.274748
7.89872 0.104892
3.31762 1.24106
3.50984 0.508285
6.50798 1.55746
4.06863 0.987816
7.40644 -3.13992
3.49092 -0.72945
10.9514 -5.36325
4.11733 0.773824
9.73859 -7.27893
3.43998 0.847519
3.28028 -1.39122
3.44969 0.806841
2.72149 -3.0469
9.4841 -0.105711
6.77852 -0.553623
3.19754 1.53325
7.67921 -2.38253
4.1797 0.372086
6.31271 2.13075
3.59558 0.475332
4.59405 -4.81474
3.58121 2.19468
3.52158 -0.551074
6.37212 -2.4766
6.94695 -4.0092
5.96571 -3.29486
5.65316 -3.75669
3.49888 0.572644
6.42506 -2.33843
2.43624 -2.4784
7.77075 0.875399
3.01062 -2.82227
3.65315 2.06317
5.88916 -5.27657
2.65013 -2.29209
4.20213 -0.222197
3.42493 2.4527
9.97903 -0.852933
5.29667 -5.75833
6.72092 0.584653
4.04573 -1.19587
6.59503 -4.51001
10.562 -6.12144
3.54807 0.169826
7.65656 -2.33801
2.52132 -2.40872
5.39207 3.81775
6.35326 1.17918
2.68289 -2.26
5.67464 -3.72804
6.72078 -1.16935
6.69824 3.3378
6.7647 0.182876
4.04547 1.07572
3.26048 -2.58091
6.55301 -1.94779
4.15894 0.535141
7.9486 0.649365
2.66835 -3.0829
6.40563 -2.39037
6.77276 0.062845
3.55479 -0.153744
3.09273 -1.74418
3.01975 1.88014
8.90462 0.221812
10.3622 -6.44352
11.3184 -5.97013
3.83796 1.67361
11.1084 -6.35534
6.74312 -0.996407
6.60755 -4.49334
3.48692 -0.749072
7.86988 0.337785
2.79085 -2.14638
11.3203 -4.26065
3.27534 -2.56487
5.07899 4.22926
7.92625 -0.909374
5.64965 -3.74298
4.07716 -1.08372
11.6657 -5.06519
4.00539 1.21372
3.26803 -2.57278
7.49607 1.78409
11.5398 -5.43534
3.53445 -0.450619
7.10008 -3.75399
6.18466 -2.89637
3.07534 -2.76449
3.22535 1.47093
6.51734 1.53069
3.9443 -1.49053
3.60124 -2.14952
11.1872 -4.74556
5.09345 4.21135
10.9416 -6.63881
11.1576 -4.83491
5.16403 -4.31949
4.186 0.309644
8.00293 0.628396
9.53077 -7.51594
3.31379 1.25144
3.00476 -1.87731
3.54998 0.138473
9.3466 -0.513961
2.79694 -2.13959
6.26344 -2.7311
3.07017 1.78935
3.893 1.53763
7.7916 0.78158
2.94888 1.99974
6.61235 1.16817
2.76968 2.26357
8.99885 -8.05404
7.00288 -3.91911
3.14608 -1.6549
6.53458 1.47054
5.91329 2.98832
6.51524 -2.07344
3.44065 -0.942263
7.63464 -2.52934
4.49545 -4.88715
7.88521 0.198866
3.84937 -1.71015
3.47645 -0.797773
3.70883 1.95458
3.51461 0.476954
6.46889 -2.21308
3.40134 0.987309
11.5511 -5.4052
9.74231 -0.276106
3.98849 -1.37202
4.20545 -5.08111
7.58822 1.52846
7.42282 1.96923
4.19458 -0.156925
3.55541 -0.00822005
3.62569 -2.11227
9.02225 -8.03218
4.81357 -4.64047
3.46936 0.721568
6.67625 -1.43274
2.95545 -1.94547
6.75152 -0.919368
4.15519 0.560296
7.32094 0.234839
5.60293 4.63879
3.52574 -0.521102
10.6688 -7.05179
7.32351 2.19873
3.51864 -0.571102
6.57829 -1.85732
3.4105 0.955576
3.11249 -1.71195
3.55452 -0.164294
3.29685 -2.53993
7.60762 -2.6127
7.81039 0.688634
3.80068 1.75959
4.10789 -0.958332
4.02173 -1.27347
7.69415 1.17947
3.49105 0.615273
6.98522 2.85511
6.97409 0.993869
7.18234 -3.60463
11.5736 -5.34371
9.43964 -0.078103
2.63028 -2.31102
2.97302 1.95996
2.74647 2.30081
3.59462 2.17084
5.27975 -5.77075
5.91836 -3.37174
3.06721 -2.77192
5.89903 -3.40232
5.68705 -5.45454
3.13405 2.85941
4.13669 -0.819683
4.05874 -1.15108
3.25633 1.39806
3.99372 1.25116
6.95916 2.89977
3.94795 1.38858
5.22591 -4.25653
10.1406 -7.72787
3.50911 -0.630927
3.99392 1.72235
5.21762 4.05299
6.24834 2.28969
7.84458 0.501248
11.1564 -6.26832
3.54685 -0.36659
9.927 -7.07596
2.73958 2.31018
6.75625 0.282828
5.98012 -5.19126
6.73386 -4.32462
6.91644 2.98679
11.5626 -5.37401
7.918 0.0501647
6.25371 3.91432
6.63316 -1.62773
10.1836 -7.67761
3.86348 1.612
4.97428 0.779059
6.60684 -1.74759
3.14259 2.84856
5.86769 3.06913
3.13842 -2.70513
3.45083 -0.903983
3.97285 -1.41543
2.60343 -2.33606
4.12996 -0.854438
7.24175 -3.49047
6.40143 1.89168
2.54841 -2.38564
3.66579 2.03907
2.53289 1.96388
3.09185 1.74868
2.69706 2.36691
5.52718 -5.58496
2.20653 1.2056
2.91588 -1.99729
4.71859 -4.71818
7.74316 0.94932
3.30805 1.84343
6.73493 -0.998664
2.83469 2.17607
6.2936 -2.66387
6.09861 2.62389
11.1247 -6.32611
2.50735 -2.42053
3.41735 2.46448
5.95149 2.9156
7.92978 -0.840873
2.87384 2.11766
3.92013 -1.55576
3.50239 -0.675059
3.81969 -1.77139
2.75819 -2.18316
6.76765 3.2089
3.85594 1.74767
3.57455 2.2064
2.68999 2.37617
11.01 -6.52588
4.95955 -4.51367
6.77493 0.022905
11.0486 -5.131
7.57933 1.55235
3.16055 -1.62847
5.80211 3.18389
3.41035 -1.04623
3.14379 1.64664
3.46193 2.39467
6.45034 3.66199
6.1078 2.60458
3.49926 -2.29441
6.78265 -0.373463
5.33012 -5.73419
5.37026 -4.10138
5.49455 3.67089
2.91126 -2.90532
6.30375 3.85187
7.16948 2.51753
6.59755 -1.78427
2.30839 1.17317
7.50477 -2.89961
2.97204 -1.92302
2.73914 -3.0346
7.91669 -1.06826
7.57242 -2.71585
7.18091 2.49517
5.29974 3.94457
6.62162 1.12777
10.8591 -5.56388
3.48905 0.625776
6.71219 -1.2253
7.31393 -3.33313
5.81241 -5.34599
5.90857 -3.38728
6.49418 -4.64755
3.90667 0.960896
11.7188 -4.87703
4.18894 -0.440547
3.69617 -1.99854
4.00928 1.20099
3.22981 1.46067
3.72669 1.91832
5.85005 -3.47789
6.77845 -0.0565839
7.36278 -3.23843
7.03569 -3.86464
2.87741 -2.93215
7.61023 1.45913
5.18897 -4.29436
5.67658 3.39202
3.97757 1.30126
3.48601 -2.31212
3.42517 -2.3904
9.55167 -7.49286
3.78376 -1.84173
3.11663 2.88138
7.01094 2.81035
7.8907 -1.33791
10.8993 -5.47847
4.56189 1.6105
6.90107 -4.08068
3.72995 -1.94029
5.49464 -5.61045
3.5124 -0.611029
4.64982 -4.77223
9.13607 -7.92364
5.88908 3.03072
4.99082 4.33573
5.77978 3.22197
6.78155 -0.156047
6.57791 1.30919
6.07019 1.25669
3.26858 2.68138
10.7749 -5.73395
6.34373 2.05043
2.82843 2.18536
9.9964 -6.95907
7.4528 1.89913
6.38584 3.74687
4.18827 0.284623
7.29518 2.26648
3.53838 -2.24071
2.4294 -2.48362
7.93404 -0.543375
3.46977 -0.829367
3.47882 0.678069
10.3094 -6.52329
3.37993 -1.13915
11.3898 -5.79785
4.622 -4.79358
8.52762 0.404274
3.52545 -2.25871
4.16601 0.48486
6.72403 0.563786
6.7462 0.382955
3.54327 0.233326
4.20442 -0.0626541
3.45978 0.76421
3.52079 0.434412
6.05685 -3.13834
5.41802 3.78119
6.18568 -4.98522
7.82302 -1.78068
6.69993 -1.30111
5.60543 3.504
4.0523 -1.17351
10.0913 -6.83301
4.80027 -4.65157
3.38933 -1.11149
2.98208 1.94313
3.63775 -2.0935
2.78457 -2.15335
3.54517 -0.338833
2.46075 -2.5574
4.20289 -0.197715
5.17874 4.12286
4.52384 -4.86666
4.18102 0.359737
3.5026 0.551335
3.76163 1.84517
6.58296 1.28931
11.2178 -6.1523
5.20955 1.46966
4.00361 -1.32833
6.50392 -2.10917
11.6367 -5.15817
6.82416 3.12092
9.77926 -7.23048
4.09291 0.88705
7.30816 -3.35571
6.3583 -2.51098
4.1855 -0.47644
3.16478 -1.62182
2.9195 -2.89853
5.7031 -5.44099
3.31083 -1.32061
3.29192 -1.3649
3.39359 1.01593
7.28015 -3.41354
3.54657 0.191057
4.84954 1.54982
5.28682 -4.19246
3.40747 -1.0555
2.8673 2.12757
4.08017 -1.07222
3.91652 1.47566
2.03029 1.20298
4.17644 -0.560167
10.4473 -6.31054
11.0742 -6.42437
4.90689 -4.56049
3.55549 -0.0902861
4.20253 -0.209781
4.31261 0.89576
3.419 -1.01789
7.82818 0.594924
7.79701 -1.91112
10.6713 -5.92921
7.62127 -2.57109
7.83655 0.548081
5.42909 -5.66075
10.8171 -5.65025
3.43539 -0.961323
3.29684 -1.34945
2.16808 1.18848
5.55535 0.664844
6.20619 2.38835
7.04869 2.74336
6.22844 -4.93988
7.22643 2.40418
4.20151 0.0733097
3.0189 -2.81504
7.34414 2.15282
4.1839 0.0437862
7.51345 1.7377
6.0719 2.68021
5.16347 4.12319
10.0535 -6.8838
6.91247 -4.06316
6.69538 3.31791
3.23544 -1.48677
6.63256 1.09858
5.46395 -3.99341
5.33498 -4.14028
6.48213 3.61935
3.66731 -2.04631
6.73942 0.442964
3.36169 1.11443
3.05368 1.81961
6.32817 2.0909
3.17448 1.86543
5.12653 -4.35666
6.78289 -0.353574
7.81503 0.664861
4.32302 -5.00575
3.7732 -1.86168
4.08898 0.94803
5.52545 4.71603
5.76905 -3.59713
4.05229 1.05056
2.71276 -3.05291
7.88528 -1.38267
6.55622 -4.55939
4.13646 0.673405
6.66716 0.907819
7.91496 -1.09056
10.3723 -7.44791
5.57546 -5.5465
7.7962 0.758584
3.53402 0.328498
3.31824 -1.30272
5.14067 0.747529
3.42178 -1.00859
10.5923 -7.15868
5.9949 -5.17706
9.8236 -0.333732
5.84607 3.10747
3.34025 1.17776
2.64127 -3.10064
4.39535 -4.9572
5.21267 -5.81753
2.50025 -2.42646
4.14517 0.623036
6.34426 -2.54523
5.71711 -3.67016
2.54204 -2.39092
3.18329 1.56416
2.34964 1.98978
6.171 -5.00045
3.5487 0.159555
7.88247 0.244284
3.1307 -2.71256
6.42903 1.81152
3.9257 1.45076
9.77957 -0.737544
6.04031 3.83478
3.54745 -0.308268
7.72038 -2.23419
7.81698 -1.82614
4.29379 -5.02489
10.5725 -7.18577
2.80138 2.22424
4.18777 -0.452368
3.03118 1.86
4.01686 1.17588
5.22268 0.731649
10.688 -7.02446
7.64174 -2.50923
10.0153 -6.93438
6.66009 0.946285
5.31334 3.92621
3.01005 -1.86974
9.25315 0.0328198
6.49768 3.5983
7.78284 -1.97658
7.5715 1.5753
3.52298 -0.541192
7.69134 -2.34021
5.48637 4.75438
3.67829 2.01494
3.37029 -1.16667
3.11307 1.70781
3.01548 -1.86191
7.7424 -2.14858
4.19082 -0.353709
7.89581 -1.29306
3.40223 2.48763
7.91746 -0.10437
7.24667 0.254976
6.32686 -4.83198
3.98074 -1.39377
3.47944 -2.3208
7.14602 2.56287
6.62107 3.42618
6.1172 2.58468
6.13414 4.05916
7.77595 0.852312
9.15632 0.087562
5.06494 4.24657
5.4869 -3.96612
4.12529 -0.877663
3.30478 -2.53246
10.1489 -6.753
7.89625 0.127879
10.9888 -5.27667
11.0597 -6.4409
7.83896 -1.69277
3.40439 0.976837
2.84786 2.15665
2.63905 2.44142
4.06218 1.01299
2.97763 -1.91534
3.20083 -1.55508
6.62078 -4.47669
7.08603 2.67551
5.64519 -5.45887
3.9072 1.50054
5.75006 -5.40071
3.09913 -2.74246
3.64555 2.04999
8.18201 0.55532
2.82742 -2.10489
9.57311 -7.46901
6.51657 -4.60882
6.27306 2.22991
7.71478 -2.2552
6.40951 -4.73733
6.83056 -4.18655
1.82941 1.22314
2.73445 -2.20731
11.1962 -4.71851
4.16564 -0.643328
3.10922 1.87599
7.37317 0.861909
4.20407 -0.0257886
2.9696 -2.85736
6.04806 -3.15396
