-9.19326 -1.45869
-3.68325 -3.46875
-4.33407 -4.09717
-6.09362 -6.89494
-4.26164 -4.18851
-9.29044 0.280082
-5.69992 -7.30767
-7.02295 -5.71962
-3.18056 -4.04057
-8.6827 -1.83061
-8.79562 -1.09419
-8.66677 -1.91031
-3.61661 -4.85488
-3.28498 -3.93282
-8.83526 -0.666733
-2.77379 -4.41624
-8.08342 -3.78968
-3.93018 -4.57203
-9.29621 -0.156236
-2.97548 -4.23816
-4.4737 -3.91221
-4.93916 -8.00113
-4.225 -4.2336
-8.78179 -1.21863
-8.84547 -0.504555
-4.14598 -2.78211
-5.0964 -2.89031
-7.84845 -5.25398
-4.06104 -4.4269
-7.06452 -6.43073
-9.04603 -2.24124
-6.5119 -7.10711
-9.29443 0.144341
-6.05318 -6.93928
-8.4525 -2.76202
-8.37779 -3.00067
-3.37746 -3.85048
-4.15415 -2.76797
-5.31112 -2.41603
-9.25952 -0.922596
-9.25134 -0.984637
-4.23713 -4.21875
-7.17607 -6.2815
-5.59605 -1.55177
-5.42217 -2.12423
-3.71321 -3.42986
-8.89332 -2.82768
-7.62689 -5.61955
-9.20713 1.21543
-2.69627 -4.4808
-7.15797 -6.30614
-3.85837 -3.23185
-5.49732 -1.89931
-8.97049 -2.54888
-3.92302 -3.13803
-7.74528 -4.51466
-7.24195 -5.39249
-7.93844 -5.09607
-9.28571 -0.514087
-4.17008 -2.74008
-9.2815 0.469386
-8.06128 -3.84194
-6.68547 -6.18646
-8.68796 -1.80353
-8.85626 -0.137765
-3.40778 -3.79892
-9.29549 0.089811
-6.80994 -6.02124
-3.19215 -4.02886
-5.52976 -1.7614
-6.89365 -6.65129
-4.61771 -3.70772
-3.12148 -4.09935
-4.36218 -2.37293
-2.96367 -5.44871
-7.48366 -4.9948
-8.66434 -3.52205
-8.60169 -3.68795
-7.30235 -6.10579
-2.68298 -4.49166
-3.04262 -5.38787
-4.41634 -3.98967
-9.25198 0.84479
-8.61274 -3.65963
-5.56853 -1.65633
-5.29706 -2.45028
-5.90989 -7.09271
-6.96502 -5.80607
-6.23707 -7.40857
-9.27042 -0.763042
-4.46068 -3.92707
-5.23842 -7.74311
-8.7126 -1.67049
-8.81343 0.830954
-8.13725 -3.65913
-7.64319 -5.59382
-6.30132 -7.33988
-8.98499 -2.4929
-7.02757 -6.47971
-8.50239 -3.93541
-6.5576 -6.3498
-3.34972 -5.13466
-9.22002 -1.26348
-7.24735 -6.19393
-8.41183 -2.89451
-3.29626 -3.92087
-5.33173 -2.36484
-7.63897 -4.71715
-7.24883 -6.18111
-4.76382 -3.4836
-9.24573 -1.04034
-2.87587 -4.328
-9.25469 0.818944
-6.36509 -7.27068
-8.81719 -0.899694
-8.54219 -2.44324
-8.80473 0.892128
-4.94714 -3.17343
-8.17906 -3.55412
-9.29306 -0.321275
-6.71832 -6.33658
-6.53294 -7.08316
-8.52506 -3.88044
-5.94994 -7.7025
-8.76195 -3.24537
-8.97661 -2.52241
-5.26834 -2.51865
-7.49357 -5.82586
-3.5597 -3.62273
-8.85628 0.0188635
-5.60039 -1.53459
-2.93842 -4.27203
-4.35571 -2.38663
-4.87218 -3.30465
-9.26834 -0.790401
-4.54126 -3.81822
-4.99246 -3.0908
-8.85195 -0.346696
-3.39433 -5.09554
-5.26114 -2.53546
-5.63379 -1.39504
-3.25903 -5.21229
-8.85275 -0.320818
-9.27274 0.603856
-7.51894 -5.79331
-4.75351 -3.53627
-8.85658 -0.0332808
-5.31797 -2.39915
-3.01105 -5.41239
-4.5189 -3.84963
-6.40747 -7.22409
-6.75466 -6.82179
-3.9433 -4.55782
-8.05465 -4.88298
-3.45356 -5.04264
-7.08374 -6.40577
-8.82852 -0.767855
-7.89807 -4.20503
-6.68092 -6.76397
-4.17792 -2.72627
-5.61393 -7.39253
-8.77839 -1.24485
-6.4451 -6.48854
-9.16692 -1.62628
-6.38662 -7.24707
-4.9836 -3.10717
-8.84903 -2.97047
-8.8365 0.535564
-4.92862 -3.20646
-5.52912 -1.79506
-5.27571 -2.50132
-4.04829 -4.44137
-3.0852 -4.13465
-8.84293 -2.99514
-7.22642 -5.41678
-6.25275 -6.71576
-7.69153 -5.51614
-6.44957 -7.1773
-4.64971 -3.66018
-4.15901 -2.74306
-8.46794 -4.01734
-3.8676 -3.21867
-4.74347 -3.51593
-3.96981 -4.52888
-7.92378 -5.1222
-8.81203 -0.952942
-8.84563 0.381135
-8.4911 -3.96247
-7.13037 -5.56402
-6.89669 -5.90221
-3.07405 -5.36319
-3.03335 -4.18297
-3.99614 -4.49983
-8.3425 -3.10668
-5.34528 -2.3305
-8.87685 -2.88353
-3.45237 -3.74882
-8.85567 0.0709404
-6.8621 -5.95007
-3.44159 -3.76111
-8.86006 -2.93935
-5.57791 -1.62149
-4.26955 -2.55779
-9.29548 -0.211187
-9.29621 0.0351665
-9.22555 1.04669
-4.00333 -3.01604
-9.14605 -1.79788
-9.16249 -1.65415
-8.71724 -1.6442
-4.09709 -2.86501
-3.0305 -5.40237
-8.01608 -3.94625
-5.58708 -1.58663
-3.77238 -3.35113
-3.82212 -4.6863
-7.62546 -4.74211
-7.96797 -5.04295
-6.82723 -5.99778
-3.46805 -5.02952
-9.28828 0.334385
-8.77124 -1.29808
-8.3603 -3.05369
-8.58292 -2.28321
-9.27804 -0.652094
-3.79468 -4.71456
-7.08161 -5.63684
-9.28608 0.389528
-7.78523 -4.43654
-9.00601 -2.40931
-5.57055 -7.43466
-9.25909 -0.901569
-2.99545 -5.42442
-5.54427 -1.74313
-6.9513 -6.57822
-8.84687 0.355733
-8.19951 -3.50152
-7.75523 -5.41164
-8.01391 -4.96078
-3.41961 -3.78599
-4.70221 -3.58035
-9.13807 -1.79375
-8.90952 -2.77171
-4.13772 -4.33817
-8.69298 -1.77723
-5.78476 -7.22214
-2.76108 -4.42697
-3.3796 -5.10846
-5.14728 -7.82359
-5.35864 -2.29612
-9.26428 0.711346
-3.56969 -4.93555
-3.46343 -3.73613
-8.60906 -2.17501
-8.80661 -1.00602
-4.22459 -2.64207
-9.2465 0.898155
-4.16203 -2.75422
-5.2239 -2.62037
-2.82509 -4.37237
-9.07106 -2.12916
-8.39496 -2.9476
-9.29732 -0.0447698
-6.07812 -7.57076
-8.31535 -3.1857
-8.83441 -0.688903
-8.52799 -2.49655
-9.29501 0.116706
-8.42002 -2.86834
-4.5075 -3.86554
-9.05871 -2.1852
-4.10525 -2.85137
-5.65183 -7.98752
-5.29161 -2.46715
-5.39828 -2.19275
-8.84794 -0.451883
-5.00153 -3.07394
-3.80862 -4.70024
-9.29661 -0.0195492
-5.19325 -2.68829
-8.75267 -3.27276
-4.67091 -3.62822
-6.48287 -6.44245
-8.62676 -2.09679
-4.1149 -2.83591
-3.82048 -3.28514
-7.54125 -4.89406
-8.09672 -4.80304
-5.46135 -7.53878
-6.34976 -6.60268
-4.79384 -3.4352
-6.57428 -7.03578
-9.02651 -2.32483
-9.26612 -0.818584
-4.24958 -4.20342
-7.8234 -4.35981
-8.02767 -3.9198
-7.28443 -5.32353
-7.77528 -5.38153
-7.16268 -5.51507
-8.83254 -0.714957
-4.69192 -3.59617
-7.95346 -5.06914
-2.988 -4.22659
-3.83596 -4.67191
-4.16308 -4.30842
-5.45796 -2.02043
-7.46929 -5.01954
-8.06861 -4.85662
-5.02794 -3.02422
-7.3956 -5.14421
-5.12132 -2.84012
-9.20333 1.24239
-4.71277 -3.56405
-3.2285 -5.23788
-4.45083 -3.94336
-8.52088 -2.52281
-8.8501 -0.399263
-9.14812 -1.73774
-4.57419 -3.77112
-4.59605 -3.73947
-5.37264 -7.62139
-7.00833 -6.50476
-9.28942 0.306846
-7.94579 -4.10228
-4.94448 -8.00251
-8.82548 -3.0509
-8.52511 -3.86552
-9.27649 0.549976
-4.26223 -2.57173
-4.84302 -3.35398
-9.28822 -0.458812
-8.85599 -0.163542
-8.81676 -3.07836
-8.81775 0.765414
-9.17171 -1.59816
-8.00475 -3.97191
-5.56384 -1.67349
-8.42067 -4.12687
-5.2607 -7.72316
-3.09742 -4.12281
-8.73095 -1.5638
-5.95124 -7.04901
-4.72294 -3.54818
-8.91729 -2.74426
-8.54925 -2.41625
-8.83474 0.560855
-6.98958 -6.52905
-8.71416 -3.38385
-5.07803 -7.88349
-4.42777 -3.97441
-8.11589 -3.71155
-8.63861 -2.0434
-8.40882 -4.15381
-3.36448 -5.12178
-7.98283 -5.01597
-3.53853 -3.64813
-6.71614 -6.86902
-4.29295 -2.50324
-7.99302 -3.99831
-8.76 -1.37758
-6.25826 -7.38599
-6.10573 -7.54549
-4.77378 -3.46765
-6.40706 -6.53445
-8.64984 -1.96875
-4.11234 -4.36786
-6.06146 -7.5907
-6.42699 -6.5
-8.56966 -2.33657
-8.82471 0.688487
-4.29884 -2.50107
-5.44036 -2.07211
-4.01193 -3.00258
-4.3101 -4.12772
-6.38821 -6.55701
-7.04618 -6.45535
-2.91342 -4.29457
-5.50534 -7.49716
-3.96798 -3.07053
-7.33495 -5.24396
-8.73358 -3.32833
-4.78398 -3.4512
-3.30788 -3.90851
-9.25715 0.791327
-5.37819 -2.24474
-7.70804 -4.61467
-4.81371 -3.40267
-5.46948 -1.98578
-6.57584 -6.32687
-8.43329 -4.09856
-4.3695 -4.05138
-5.32498 -2.38175
-3.20404 -4.01677
-7.7078 -5.48968
-4.90196 -3.27356
-3.58025 -3.59761
-8.67435 -3.49476
-5.51873 -1.82983
-9.29669 -0.0743344
-8.85662 -0.0589389
-7.13925 -6.33147
-3.15173 -5.301
-2.83074 -4.36526
-8.11081 -4.77586
-8.65571 -1.9637
-6.61266 -6.28023
-7.28476 -6.13068
-5.69846 -7.94422
-5.20871 -2.65436
-8.22944 -3.42293
-8.47939 -3.99031
-3.61182 -3.55899
-8.06188 -3.84827
-7.71998 -4.56424
-3.63246 -3.53326
-7.19466 -6.25608
-4.88161 -3.28849
-9.10596 -1.96185
-6.77465 -6.06873
-7.37303 -6.00436
-3.13316 -4.08783
-5.49233 -1.91637
-4.03797 -2.96134
-5.64286 -7.3658
-3.24401 -5.22492
-3.75281 -3.37745
-9.2959 0.0620976
-3.47413 -3.72379
-3.33448 -5.14788
-5.3386 -2.34743
-7.35536 -6.02968
-9.1116 -1.93342
-3.48293 -5.01598
-8.24545 -4.50705
-5.4808 -1.95111
-8.6146 -2.15017
-8.95567 -2.60484
-3.04905 -4.16929
-8.29721 -4.3986
-4.55215 -3.80269
-8.32259 -4.34428
-8.33502 -4.31745
-6.07373 -6.91681
-8.77155 -3.21699
-4.2168 -2.65634
-7.95802 -4.07587
-4.83339 -3.37007
-4.43949 -3.95867
-6.59444 -7.01242
-8.29677 -3.23859
-5.97563 -7.0239
-9.27972 -0.624792
-8.69904 -3.41803
-6.73855 -6.111
-8.76772 -1.32392
-8.84807 0.329497
-5.0103 -3.05754
-3.78196 -3.33812
-7.87348 -4.2567
-9.22488 1.08375
-7.25786 -5.36746
-6.49139 -7.13033
-4.52992 -3.83416
-4.24044 -2.61314
-8.8077 -3.10663
-6.42592 -7.20204
-6.73908 -6.11607
-2.90106 -4.30563
-5.8057 -7.20079
-8.68456 -3.46665
-7.11435 -5.58809
-8.73528 -1.53751
-5.7104 -7.92744
-5.17759 -2.72217
-4.03514 -4.45624
-5.88942 -7.11417
-6.21492 -7.43191
-4.34151 -2.41561
-3.2134 -5.25043
-7.14701 -5.53895
-9.2871 0.361108
-8.84678 -0.477718
-9.18486 -1.51463
-5.60905 -1.49971
-2.97934 -5.43676
-4.34581 -4.08208
-5.67551 -7.96559
-6.03954 -7.6129
-4.02929 -2.9752
-8.8502 0.277782
-5.24638 -2.56956
-3.10532 -5.33835
-3.75342 -4.7565
-7.8938 -5.17515
-7.69328 -4.61531
-6.84496 -5.9736
-3.65296 -3.50744
-3.72331 -3.4166
-4.02076 -2.9887
-4.08038 -2.89266
-2.78686 -4.40516
-8.84121 -0.58327
-4.17528 -4.29364
-6.69574 -6.89338
-6.70323 -6.16326
-7.92235 -4.15327
-6.03316 -6.96106
-5.60849 -1.4828
-3.21557 -4.00501
-9.15294 -1.71014
-6.29362 -6.66896
-8.53786 -2.42421
-7.66627 -4.66628
-8.82245 0.714397
-3.51314 -4.98972
-8.81017 0.841358
-5.15384 -2.77266
-6.55331 -7.05986
-9.29661 -0.101349
-8.2491 -3.37021
-8.85646 -0.111237
-5.51337 -1.84746
-9.01968 -2.3533
-6.52038 -6.39621
-3.39748 -3.81078
-8.35994 -4.26298
-5.31169 -2.31506
-8.93293 -2.68835
-8.51392 -3.90754
-4.27062 -4.17199
-8.81532 0.790493
-5.38473 -2.22726
-8.79482 -1.11226
-4.15016 -4.3235
-7.81769 -5.30665
-6.81533 -6.74866
-3.15693 -4.06425
-3.88623 -3.19187
-5.59152 -1.56946
-8.85657 -0.0854908
-8.84414 -0.530524
-8.35157 -3.0798
-7.40792 -5.95342
-9.29226 -0.348431
-3.95705 -4.54328
-3.74025 -4.77054
-9.25958 0.764952
-4.86241 -3.32127
-3.6837 -4.8259
-9.26388 -0.845964
-9.27439 -0.707545
-4.08863 -2.87904
-2.7227 -4.45912
-8.84269 -0.557277
-8.20598 -4.58776
-3.81105 -3.29822
-6.2328 -6.73864
-9.21146 -1.36226
-4.31323 -2.47263
-2.67004 -4.50218
-4.60675 -3.72384
-8.44447 -4.07214
-8.65013 -1.99004
-8.26846 -3.31744
-3.85071 -4.63796
-8.60213 -2.20355
-3.38652 -3.82295
-7.57734 -5.69744
-8.38454 -4.20844
-8.58015 -3.74313
-5.4343 -2.08966
-3.42402 -5.06916
-8.79173 -1.13846
-7.09778 -5.61284
-9.29381 0.171241
-9.27462 0.5773
-9.22357 -1.23516
-7.81087 -4.38516
-8.40331 -2.92145
-9.23146 1.03074
-7.8635 -5.22799
-9.29136 -0.376409
-7.36537 -5.19421
-9.21649 -1.291
-3.90342 -4.60078
-9.29377 -0.293405
-4.24726 -2.59999
-4.32746 -2.44414
-8.85419 0.148545
-9.19741 -1.4303
-9.23458 1.00457
-5.42835 -2.1067
-6.6671 -6.2103
-9.23353 -1.15185
-3.90471 -3.16499
-5.21538 -7.76361
-9.28288 -0.569414
-3.59102 -3.58463
-8.85338 0.17363
-8.42832 -2.8415
-7.27324 -5.3431
-9.22694 -1.20765
-9.29229 0.2257
-7.425 -5.92828
-3.59844 -4.90834
-8.2842 -4.42614
-4.29167 -2.51508
-9.29645 -0.129187
-3.08947 -5.35097
-8.15198 -4.69559
-5.10137 -7.8635
-3.3752 -3.83546
-7.33784 -6.05514
-3.8395 -3.25854
-9.26867 0.657647
-7.91007 -4.17954
-5.03239 -7.92265
-3.62702 -4.881
-5.52693 -7.47658
-7.73302 -4.53904
-5.52388 -1.8127
-6.87387 -6.67607
-9.27241 -0.735031
-9.29041 -0.403593
-3.79179 -3.32472
-5.41611 -2.14125
-6.11396 -6.87244
-7.75928 -4.48784
-8.6229 -3.6327
-3.55547 -4.94891
-5.23142 -2.60361
-5.55895 -1.69116
-7.98154 -4.02393
-6.85462 -6.70007
-8.84695 0.436148
-3.23885 -3.98105
-8.79898 0.942802
-8.32309 -4.31554
-6.17132 -7.47762
-5.53418 -1.77792
-8.55608 -2.38991
-8.22514 -3.43875
-8.81459 -0.926807
-8.67752 -1.85692
-5.90474 -7.74699
-3.12068 -5.32606
-4.04648 -2.94775
-8.73443 -1.52738
-4.85288 -3.3374
-8.25868 -3.34422
-5.41712 -7.58019
-8.76379 -1.35134
-5.65705 -7.3502
-8.37181 -3.02147
-8.09421 -3.76391
-5.55416 -1.70832
-8.58933 -2.25692
-3.01259 -4.20369
-5.84769 -7.15758
-8.23351 -4.53267
-5.07968 -2.92389
-8.59112 -3.71514
-8.15831 -3.60666
-7.1947 -5.46599
-2.79951 -4.39437
-5.97211 -7.68051
-7.58346 -4.81861
-9.24853 -1.0129
-2.70914 -4.47022
-5.43927 -7.55944
-8.64433 -2.01709
-8.43641 -2.81519
-3.10925 -4.11129
-5.99488 -7.65781
-8.8328 0.586225
-7.7979 -4.41124
-5.19296 -7.78346
-2.85055 -4.35024
-2.73517 -4.44866
-8.82017 0.739536
-5.76345 -7.24382
-3.31965 -5.16068
-8.69442 -3.43933
-3.28942 -5.18656
-6.931 -5.85421
-8.85433 -0.244147
-8.85522 -0.215908
-9.2407 0.951421
-9.28446 0.415289
-8.72642 -1.59084
-9.1004 -1.98946
-3.70336 -3.44272
-5.57353 -1.63863
-5.83679 -7.813
-3.54898 -3.63563
-4.13801 -2.79583
-5.79093 -7.85696
-8.99915 -2.4369
-7.34998 -5.21946
-2.96328 -4.24937
-8.53523 -2.46951
-7.04859 -5.68546
-3.98573 -3.04332
-6.83472 -6.72474
-7.73965 -5.43743
-4.63827 -3.67567
-8.02607 -4.93641
-8.84916 0.304028
-4.62832 -3.69205
-7.52493 -4.92188
-2.8125 -4.38322
-7.52741 -5.77444
-5.85928 -7.79127
-9.28436 -0.541335
-3.74287 -3.3906
-5.04246 -3.0079
-6.6492 -6.23342
-5.16982 -7.80385
-8.27788 -3.29143
-3.00014 -4.21532
-8.90131 -2.80015
-3.95917 -3.0839
-7.4768 -5.85113
-8.83824 0.509501
-8.17914 -4.64172
-8.85114 0.252275
-3.31904 -3.89654
-7.5696 -4.84354
-5.81356 -7.83533
-4.3344 -2.43009
-5.62877 -8.00878
-5.16173 -2.75601
-5.07106 -2.94089
-4.28596 -4.15817
-3.52649 -4.97592
-9.21799 1.13666
-4.15728 -3.80325
-8.49122 -2.62936
-8.46826 -2.70882
-6.01692 -7.63571
-8.5474 -3.8254
-4.27704 -2.54342
-8.86454 0.0515277
-6.73589 -6.84532
-3.8013 -3.31167
-3.73308 -3.4037
-6.27206 -6.6935
-9.08888 -2.04551
-7.61136 -4.76793
-3.2763 -5.20041
-8.16858 -3.58078
-5.62974 -1.41274
-5.44623 -2.05506
-9.08246 -2.07414
-8.48372 -2.65559
-6.32243 -7.31709
-4.91942 -3.2227
-8.8535 -0.294187
-4.06767 -4.40945
-5.74482 -7.9007
-4.08678 -4.39744
-5.00883 -7.94265
-7.87881 -5.20128
-4.95621 -3.15661
-3.65544 -4.85352
-9.23773 0.977627
-8.1924 -4.61514
-9.23979 -1.09608
-9.27822 0.523397
-7.67565 -5.54181
-6.88012 -5.92535
-5.10476 -2.87377
-4.34838 -2.40153
-8.83094 0.612123
-7.2126 -6.23138
-4.35793 -4.06654
-5.20089 -2.67158
-7.9342 -4.12774
-6.34411 -7.29357
-7.78661 -5.35921
-5.9309 -7.07056
-5.6175 -1.46482
-7.59765 -4.79291
-9.27992 0.496007
-9.07702 -2.10155
-3.89551 -3.17835
-5.50812 -1.86458
-7.83624 -4.33365
-3.48514 -3.71104
-9.20907 -1.34687
-8.63264 -2.07048
-8.78846 -1.16543
-8.30977 -4.37184
-4.93804 -3.18971
-8.78521 -1.19164
-8.81954 -0.873785
-6.36874 -6.5802
-2.92629 -4.28305
-8.83437 -3.02262
-8.10524 -3.73735
-6.14974 -7.50007
-3.622 -3.54633
-9.21448 1.16268
-3.94117 -3.11101
-3.57008 -3.61017
-8.5062 -2.57609
-8.12651 -3.68541
-5.21626 -2.63762
-3.52836 -3.66888
-8.72193 -1.61713
-7.56094 -5.72289
-3.66299 -3.4947
-6.94779 -5.83051
-7.61042 -5.64569
-8.18917 -3.52822
-8.74384 -1.48418
-5.4863 -1.93402
-4.96547 -3.14033
-8.65395 -3.55014
-5.72096 -7.28664
-3.22552 -3.99414
-2.93174 -5.47285
-5.29769 -7.69287
-8.85282 0.200447
-7.38025 -5.16965
-9.01298 -2.3809
-6.67586 -6.917
-9.29443 -0.2662
-3.27333 -3.94509
-6.98168 -5.7823
-7.83288 -5.28072
-7.49838 -4.96929
-7.51261 -4.94448
-8.64378 -3.5774
-9.12248 -1.87736
-8.27149 -4.45287
-7.88601 -4.24454
-6.53875 -6.37336
-4.80346 -3.41862
-8.47592 -2.68259
-8.85525 0.0965722
-5.39103 -2.21028
-8.08291 -4.82945
-9.21079 1.18945
-8.83796 -0.636064
-4.98589 -7.96201
-5.6048 -1.51689
-7.3204 -6.08011
-3.64257 -3.52056
-7.84859 -4.3083
-4.39301 -4.02057
-5.62575 -1.42993
-7.70647 -4.59016
-8.75602 -1.40462
-5.14567 -2.78979
-5.39523 -7.60051
-9.20133 -1.40277
-8.21908 -4.56114
-7.99717 -4.98973
-5.06263 -2.95739
-3.02466 -4.19236
-3.51722 -3.67345
-9.15783 -1.68173
-8.75207 -1.43087
-8.03883 -3.89413
-9.28136 -0.596691
-8.80087 -1.05913
-5.37178 -2.26171
-6.77575 -6.79708
-3.36417 -3.84758
-4.12171 -2.82363
-3.34168 -3.87211
-6.31104 -6.64817
-6.72144 -6.13936
-8.50008 -2.59954
-9.06483 -2.15759
-9.18917 -1.48624
-9.25397 -0.957214
-7.44251 -5.90235
-8.39655 -4.18153
-6.59543 -6.30238
-5.08801 -2.90736
-3.83535 -3.26682
-9.24368 0.92441
-4.20023 -4.26368
-4.90061 -3.25563
-8.80932 -0.979864
-9.24276 -1.06862
-5.59259 -7.41331
-4.23211 -2.62819
-9.18061 -1.54219
-2.8883 -4.317
-8.78055 -3.18974
-6.42635 -6.51122
-8.69833 -1.74938
-8.20946 -3.4756
-9.03302 -2.29727
-5.74255 -7.26494
-3.69756 -4.81225
-3.87708 -3.20508
-8.12451 -4.74936
-3.49735 -5.00279
-9.26201 0.737768
-8.82684 0.663304
-4.19364 -2.69826
-4.00906 -4.48547
-3.95006 -3.09766
-5.2828 -2.48448
-8.84289 0.432693
-6.91273 -6.62723
-8.85414 -0.268334
-8.80193 0.917107
-8.88501 -2.85601
-3.26198 -3.95699
-4.49639 -3.88097
-8.85475 0.122947
-3.68384 -3.47253
-3.87648 -4.62941
-5.01928 -3.04065
-6.17372 -6.80571
-8.28738 -3.26486
-5.43312 -2.039
-6.19347 -7.45446
-4.06351 -2.92024
-8.33361 -3.13277
-4.32193 -4.11268
-9.2644 0.609418
-8.79882 -3.13407
-7.41022 -5.11973
-9.11699 -1.90581
-6.99875 -5.7578
-3.49575 -3.69867
-4.21245 -4.24887
-4.38248 -2.33015
-3.58429 -4.92177
-3.84938 -4.65792
-3.7811 -4.72844
-8.83054 -0.741786
-7.30424 -5.29359
-9.28839 -0.48268
-5.54909 -7.45534
-5.88264 -7.76871
-5.17276 -2.73902
-9.1277 -1.84978
-5.47509 -1.9687
-8.83985 0.48417
-5.05522 -7.90318
-8.96323 -2.57646
-7.43991 -5.06969
-5.30579 -7.68249
-6.63529 -6.9648
-8.70295 -1.72385
-8.56942 -3.7703
-4.2092 -2.67019
-3.72557 -4.78444
-8.82419 -0.8208
-5.04538 -2.99084
-7.59416 -5.67121
-6.1338 -6.85041
-9.23018 -1.17962
-3.0733 -4.14611
-8.59586 -2.22985
-3.97958 -3.05413
-3.61293 -4.89447
-4.37582 -2.34428
-8.94825 -2.63241
-5.13768 -2.80642
-7.121 -6.35603
-2.94749 -5.46097
-3.13637 -5.31331
-4.02231 -4.47066
-3.18264 -5.27579
-4.68129 -3.61244
-3.71179 -4.79816
-3.91662 -4.58663
-7.01527 -5.73395
-8.74302 -3.30096
-4.12486 -4.35325
-6.21337 -6.76082
-5.40368 -2.17578
-7.72353 -5.46395
-7.45944 -5.87714
-4.28428 -2.52945
-5.35063 -7.64161
-5.99233 -7.00513
