11.8232 -4.36877
7.32662 -3.31677
11.8425 -3.39464
9.88079 -0.794987
6.78196 -0.175619
6.70618 -1.26326
7.44852 -3.04048
10.9384 -5.39253
11.2835 -4.4132
8.69216 0.327133
6.06068 2.70212
6.65372 -1.54438
7.63464 -2.52934
7.22219 -3.52869
10.9928 -1.64209
9.43964 -0.078103
10.5056 -1.20926
7.78625 0.805449
6.99806 2.83245
6.33727 -2.56206
6.67625 -1.43274
7.91993 -1.02292
6.3656 1.99141
9.78265 -0.304448
6.67268 -1.45122
6.72462 3.27426
6.78167 -0.432469
7.67921 -2.38253
10.8675 -1.51732
6.77852 -0.553623
7.40644 -3.13992
7.30816 -3.35571
11.8528 -3.49257
6.70318 0.70462
7.90721 -1.18091
6.71796 -1.18726
10.6699 -1.11144
9.90249 -0.391727
6.40235 3.72539
6.91644 2.98679
7.68772 1.20252
6.72349 -1.14914
5.86769 3.06913
6.74312 -0.996407
7.14602 2.56287
6.38572 -2.4421
7.25948 2.33608
5.8028 0.612548
6.26344 -2.7311
7.85972 0.407566
11.137 -4.89453
7.72533 1.06279
10.7657 -1.42371
7.80148 -1.88966
11.1583 -1.89461
7.55054 -2.77721
7.59496 1.50576
6.51734 1.53069
9.4841 -0.105711
6.33002 -2.57936
11.4246 -3.57741
6.7777 -0.0366419
11.3165 -2.33981
6.5458 1.43023
6.78304 -0.334107
6.75737 -0.863323
7.52029 -2.85895
8.98976 -0.351809
10.8141 -1.29751
7.56335 1.59891
6.50392 -2.10917
11.866 -3.75435
6.76384 -0.784087
11.0232 -1.6741
6.57791 1.30919
11.4017 -2.75451
7.69719 -2.31929
6.59755 -1.78427
6.47476 1.67126
6.69677 -1.31976
7.71478 -2.2552
6.44896 1.75162
11.2875 -1.99186
11.1263 -4.92465
11.0132 -5.21839
6.23655 3.93547
10.5913 -1.01956
7.3069 0.884579
7.82392 0.618009
7.39975 0.210819
8.27054 -0.0703539
7.57242 -2.71585
6.53172 -2.0199
11.829 -3.29663
8.06127 0.00238497
7.17055 0.276423
6.60215 -1.76644
7.95037 -0.759408
11.2233 -2.05319
7.49607 1.78409
6.9462 2.92174
11.4258 -2.97719
8.47426 -0.144285
6.56746 1.34955
6.03174 2.76033
7.61458 -2.59161
5.81026 1.32191
6.1423 1.23732
7.06134 2.72054
6.38016 1.95143
11.4099 -3.74442
7.77813 -1.99798
11.5953 -5.28207
7.93382 -0.7043
7.82302 -1.78068
7.7032 -2.29777
11.4382 -2.21737
6.27116 -2.7141
11.4765 -2.28228
10.836 -1.32823
11.4801 -5.58729
6.07019 1.25669
6.78261 -0.215312
7.8907 -1.33791
6.72878 -1.11094
11.8238 -3.2633
11.2675 -4.47411
11.5164 -5.49646
6.38725 1.93172
11.1443 -1.86332
9.86277 -0.362267
7.9342 -0.681022
6.29542 -2.67823
6.52072 -2.05591
8.67362 -0.221486
5.87825 3.05022
6.91962 2.96626
7.93467 -0.520422
11.4922 -5.55736
6.38584 3.74687
10.089 -0.537964
6.56332 -1.91157
6.48096 1.65144
10.4985 -0.917451
7.75299 -2.10561
5.22268 0.731649
11.6563 -5.09592
7.04869 2.74336
6.43567 1.79176
7.63236 1.38947
11.862 -3.62359
7.89872 0.104892
6.78052 -0.116287
9.11162 -0.405237
6.7801 -0.491211
6.70926 -1.24401
10.389 -0.80669
7.63967 1.36578
7.69979 0.120027
11.8363 -4.27271
11.0716 -5.07219
6.75794 0.263
8.92871 -0.325752
9.24808 0.0407568
6.68982 0.785338
11.0603 -5.10119
6.49238 -2.14478
8.85579 0.24637
11.3755 -2.59534
9.45882 -0.568564
7.92146 -0.999899
5.85699 1.31248
7.70116 1.15557
11.4193 -3.64025
7.46016 1.87676
7.31393 -3.33313
9.8236 -0.333732
7.09171 0.298288
10.7311 -1.39321
5.91329 2.98832
6.77426 -0.628162
7.93116 -0.359152
9.956 -0.430339
8.79955 0.274748
7.9486 0.649365
11.3203 -4.26065
11.2508 -4.53484
6.62107 3.42618
11.8579 -4.04683
6.39235 -2.42505
6.7462 0.382955
11.387 -2.65925
10.9201 -5.4222
10.9638 -5.33472
7.85591 0.431365
6.64968 -1.56327
7.89625 0.127879
7.17452 0.928964
11.4173 -2.88209
7.66679 -2.42472
5.95149 2.9156
5.88908 3.03072
6.67917 0.845606
7.29518 2.26648
11.2062 -4.68546
11.8024 -4.497
6.48062 -2.18028
7.77595 0.852312
7.58674 -2.67457
7.82661 0.573433
6.29564 0.501217
11.4345 -3.13573
7.90584 0.0345773
4.99386 1.51827
11.2888 -2.2445
11.6164 -5.22022
6.53458 1.47054
6.61695 1.14827
11.6465 -5.12752
7.60079 -2.63315
11.3401 -4.16882
7.96599 -0.398655
6.22329 2.34881
7.12221 2.60812
7.20239 -3.56674
6.66581 3.36143
11.7906 -4.5609
10.8993 -5.47847
9.77957 -0.737544
7.24667 0.254976
5.81321 3.16471
11.8644 -3.91687
11.3061 -4.32197
6.66895 -1.47067
7.74766 -2.12743
11.05 -1.67328
10.6958 -1.14303
6.21982 3.95598
11.8599 -4.0139
6.01204 2.79925
8.52762 0.404274
11.5736 -5.34371
6.34426 -2.54523
7.90062 -1.24813
9.09131 -0.406813
7.46495 -3.00033
5.13729 1.48626
6.70314 -1.28193
10.768 -1.23529
6.79607 3.16497
11.4367 -3.26263
7.7431 0.992193
5.35407 1.43608
11.8183 -4.40153
7.64174 -2.50923
6.49334 1.61121
11.4355 -3.16797
11.6878 -2.73866
6.66716 0.907819
6.86546 3.05498
6.45034 -2.26829
11.8133 -4.43296
6.13222 0.539244
7.8484 0.478179
5.84607 3.10747
6.04446 0.561519
5.72125 0.630038
7.92221 -1.11882
11.3069 -2.28729
6.78315 -0.294558
11.2153 -4.65578
11.8338 -3.32899
7.1604 -3.64053
6.71248 0.644409
11.7221 -2.83882
7.81946 0.641776
6.78301 -0.254959
7.92733 -0.266533
6.64361 1.02708
7.62127 -2.57109
7.92941 -0.312866
10.2287 -0.657296
7.72038 -2.23419
7.7962 0.758584
7.17238 -3.62324
11.4361 -3.19922
11.4388 -3.25026
7.28945 -3.39449
11.094 -5.01318
6.65198 0.986679
10.9973 -1.57909
6.12204 2.55211
11.8662 -3.81961
6.71757 0.677552
11.5265 -5.12427
10.3261 -0.746346
6.13551 2.54546
6.76682 -0.745202
6.65758 -1.52601
11.3407 -2.43449
11.6505 -2.64081
11.6265 -5.18767
7.9207 -0.15085
11.2353 -2.08551
6.75241 0.322977
7.25138 -3.47166
6.56832 -1.89369
11.1576 -4.83491
6.27387 2.21458
6.24013 2.30921
6.71219 -1.2253
11.4061 -3.76558
7.66057 -2.44546
6.61235 1.16817
11.3749 -3.98322
6.20619 2.38835
7.61762 1.43614
5.14067 0.747529
5.55535 0.664844
7.09805 2.65329
9.15632 0.087562
6.5136 3.57658
7.91746 -0.10437
11.7879 -3.1038
6.60684 -1.74759
10.6178 -1.04983
6.69663 0.744974
10.8997 -1.54833
7.28118 2.29037
6.46199 1.71145
6.76765 3.2089
11.609 -2.54304
10.4787 -0.89728
7.89098 0.174558
7.4528 1.89913
6.77685 -0.016997
6.31271 2.13075
11.8386 -3.36294
6.48661 -2.16229
11.2685 -2.18069
11.1158 -4.92935
7.93488 -0.612473
11.3335 -2.05622
6.09861 2.62389
7.91124 -1.13577
8.12342 0.579596
10.9204 -1.45336
6.73622 -1.05378
11.76 -2.96802
7.68102 1.22625
7.39784 -3.16019
6.57341 -1.87525
10.8341 -1.48587
7.8782 -1.47491
7.55534 1.62184
10.3574 -0.77604
6.57829 -1.85732
6.529 3.55546
7.10873 0.950567
6.75439 0.302606
7.87956 -1.42734
7.27053 2.3129
11.6842 -5.00265
7.62449 0.143366
6.40143 1.89168
11.4337 -3.42032
6.63746 -1.61871
7.92065 -0.173675
9.40268 -0.541115
6.12627 2.56534
6.40381 -2.43906
7.79701 -1.91112
8.29938 0.50558
11.4186 -2.18544
11.4965 -2.31758
11.858 -3.55811
6.76765 0.142832
9.94867 -0.839356
9.72861 -0.709433
6.68637 0.805228
7.6541 -2.46679
6.61589 -1.71081
7.83896 -1.69277
6.14449 2.52604
7.80579 0.711721
6.97409 0.993869
6.48213 3.61935
4.92061 1.53438
7.13133 -3.69836
6.34373 2.05043
7.84458 0.501248
7.77238 0.0971633
7.93408 -0.474314
6.1172 2.58468
7.5715 1.5753
10.1937 -0.626547
11.3338 -4.19916
6.77489 0.0705109
5.92055 2.97324
7.69395 0.747197
6.37578 0.482148
6.59301 1.24893
6.27862 -2.69755
6.75895 -0.842005
7.79233 -1.9332
7.91574 -0.0814561
7.76826 -2.04124
11.0811 -1.73738
6.98522 2.85511
6.42903 1.81152
6.36533 -2.49272
11.4163 -3.67209
7.7314 1.03903
11.7317 -2.86995
7.52194 1.71481
6.32292 -2.59613
6.2703 3.89374
11.1158 -4.95396
7.36434 2.10686
6.82416 3.12092
11.1294 -1.83112
11.8617 -3.9819
6.77944 -0.511151
11.7425 -4.78282
11.5626 -5.37401
6.77845 -0.0565839
6.77591 0.0032413
7.22643 2.40418
7.88521 0.198866
7.26107 -3.45208
7.78122 0.828537
7.37427 2.08417
7.91915 -0.127955
7.16948 2.51753
6.76229 -0.80322
9.34759 -0.0224067
6.24834 2.28969
7.61023 1.45913
6.68333 -1.39517
6.47474 -2.19774
7.69415 1.17947
9.97903 -0.852933
6.50798 1.55746
6.72403 0.563786
6.74745 -0.957943
6.77493 0.022905
6.63316 -1.62773
6.83804 1.03643
7.93064 -0.818373
6.4187 -2.35556
5.98211 2.85731
6.63068 1.08729
11.0247 -5.19089
7.48112 -2.96003
11.5628 -2.44462
7.50477 -2.89961
7.39402 2.0381
11.1472 -4.86519
6.61934 0.422358
7.81698 -1.82614
11.0152 -1.61015
7.85225 0.454427
6.77053 1.05713
6.64571 -1.58159
8.18201 0.55532
7.35417 2.13017
11.4269 -3.54641
10.6299 -1.30941
7.53882 1.66835
11.2112 -2.02181
6.37885 -2.45961
6.63256 1.09858
6.58326 -1.83883
11.4231 -2.94498
10.0159 -0.479039
11.8278 -4.3371
7.93474 -0.635113
11.7714 -4.65598
7.78284 -1.97658
9.10774 0.11435
6.0719 2.68021
7.86396 -1.53829
6.45577 1.73093
11.1629 -1.83229
11.8183 -3.23093
6.31556 -2.61339
7.54297 -2.798
11.7188 -4.87703
6.67987 -1.41369
7.64774 -2.48747
7.92978 -0.840873
11.4301 -3.04084
6.3583 -2.51098
7.91669 -1.06826
11.7574 -4.71948
6.64155 -1.60042
6.7155 0.623953
11.4333 -3.10443
6.73493 -0.998664
7.83114 -1.73677
6.77527 -0.608888
7.90287 -1.22597
9.52928 -0.134255
6.7647 0.182876
6.78068 -0.471836
7.7916 0.78158
7.82818 0.594924
7.73153 -2.19145
6.63499 1.06747
4.7141 0.831337
6.66009 0.946285
6.37281 1.97171
7.71934 1.08585
6.77713 -0.569721
11.0332 -1.6423
6.25371 3.91432
11.7511 -2.93565
6.76623 0.162557
7.91837 -1.04527
11.8456 -4.16881
6.77924 -0.0764853
8.35293 0.493897
11.3921 -2.69067
6.77203 -0.667238
11.052 -1.70524
7.898 -1.27081
6.95916 2.89977
9.20569 0.0598896
4.97428 0.779059
10.384 -1.11898
7.92549 -0.932041
6.45034 3.66199
11.3111 -2.02438
7.86988 0.337785
5.30742 0.714893
11.4323 -3.45191
6.69248 -1.3201
7.48499 1.70504
11.7845 -4.59232
7.75597 0.724043
7.67442 1.24929
8.35798 0.480178
11.037 -5.1599
6.54399 3.53375
11.8646 -3.68901
6.41536 1.85162
11.8602 -3.59132
7.90348 0.0582563
7.86066 -1.56016
6.52633 -2.0376
7.78772 -1.95461
11.3266 -4.23533
7.93366 -0.451577
6.62162 1.12777
5.94133 2.93464
6.43781 -2.30339
7.5667 0.793684
11.6759 -2.70635
11.1962 -4.71851
6.75042 0.342767
7.8189 -1.80227
10.4662 -1.17937
6.18019 2.44728
6.40563 -2.39037
7.24892 -1.27035
10.6445 -1.08106
7.73721 1.01595
7.81034 -1.84602
7.70692 1.13267
7.87662 -1.44932
5.82421 3.14572
6.78424 -0.241649
6.65114 3.38283
7.24188 0.906536
9.05711 0.141805
6.2936 -2.66387
7.84649 -1.64866
11.5468 -2.41248
11.806 -3.16521
6.67171 0.885991
9.67537 -0.680621
6.62027 -1.69265
6.78265 -0.373463
6.07977 2.66303
6.73129 -1.09209
11.4138 -2.84974
6.78241 -0.393048
11.7688 -3.00136
6.77316 -0.647994
7.85718 -1.58264
11.4307 -3.48342
7.75992 0.922257
7.55782 -2.75699
11.394 -3.85879
5.71346 1.34887
7.93038 -0.336372
7.81503 0.664861
7.65656 -2.33801
6.72092 0.584653
6.44419 -2.2856
7.92625 -0.909374
7.36278 -3.23843
7.87941 0.267992
11.3525 -4.1071
7.93404 -0.543375
6.77033 0.102821
7.47294 -2.98048
7.3537 -3.25836
11.2911 -4.38313
7.9345 -0.658412
6.62898 -1.65573
6.73942 0.442964
5.6426 1.36649
7.92361 -0.197291
11.8502 -4.14354
6.97242 2.87712
10.9598 -1.51615
6.55676 1.38989
11.8654 -3.88513
11.4579 -2.25029
6.73197 0.503659
9.25315 0.0328198
11.4318 -3.07218
11.3772 -2.12075
10.9256 -5.42097
11.3982 -3.82806
6.28104 2.21031
6.30375 3.85187
11.4204 -2.91349
6.5372 -2.00165
10.9766 -5.3053
6.70947 0.664279
7.07354 2.69837
7.19254 -3.58543
7.87635 0.291023
6.36976 3.76769
7.73813 -2.17126
6.71838 0.60409
11.3641 -4.04523
6.52895 1.4904
7.7424 -2.14858
11.2246 -4.62517
8.20209 -0.0461602
7.18234 -3.60463
6.45802 0.462283
6.76904 0.122517
11.7779 -4.62463
6.55301 -1.94779
6.75625 0.282828
6.89271 3.01067
7.93214 -0.772654
11.0831 -1.73653
5.5695 1.38446
11.7268 -4.84598
6.04135 2.74114
7.81936 0.700029
6.56001 3.51249
10.1202 -0.940322
11.4132 -3.70297
7.43765 0.839482
7.32094 0.234839
6.66525 -1.48866
7.2705 -3.43311
5.3891 0.698715
9.94052 -0.420469
11.1145 -1.79987
6.7389 3.25272
11.6232 -2.57533
11.3692 -2.56294
9.65863 -0.218885
11.4293 -5.7082
6.37212 -2.4766
6.21562 2.36719
10.8792 -1.39071
5.05623 0.763643
6.3357 2.07125
7.70894 -2.27681
11.7769 -3.03375
9.3466 -0.513961
6.44245 1.7714
6.75536 -0.880722
6.30837 -2.63006
10.8007 -1.45521
7.88807 -1.35997
7.24175 -3.49047
10.9514 -5.36325
6.59634 1.23211
11.3333 -2.40369
7.92843 -0.290045
7.89581 -1.29306
6.49344 1.13926
6.42506 -2.33843
11.6657 -5.06519
6.74535 -0.976921
6.25588 -2.74758
11.455 -5.64786
11.7849 -3.06706
11.3465 -4.13752
6.58296 1.28931
8.24182 0.530163
5.89952 3.01177
6.05119 2.72135
7.7581 -2.08439
6.1078 2.60458
7.92619 -0.24369
6.40113 1.8844
4.64234 0.839292
7.24866 2.35858
7.86307 0.384566
11.7103 -4.90906
11.1872 -4.74556
6.73454 0.483233
7.93333 -0.72687
7.88247 0.244284
7.92779 -0.886492
11.2579 -2.14934
11.2988 -4.35212
6.46265 -2.23307
7.15197 -3.66089
6.55147 1.4096
6.61133 -1.72948
7.82717 -1.75842
11.5847 -5.31247
11.1709 -1.9238
7.43183 -3.08048
10.0743 -0.911362
6.66399 0.926382
11.3813 -2.62681
6.75983 0.242708
11.3487 -2.46757
11.8322 -4.30445
6.35326 1.17918
7.15762 2.54054
6.46889 -2.21308
7.93442 -0.497712
11.2147 -1.89615
6.33691 3.80985
7.55083 0.165832
8.40756 -0.120012
11.3849 -3.92108
8.34038 -0.0954537
6.69017 -1.35751
4.80811 0.809647
6.75353 3.2305
11.8659 -3.85174
11.1087 -1.76865
7.57933 1.55235
8.4146 0.455226
6.39447 1.91142
6.8549 -1.2747
7.918 0.0501647
6.69824 3.3378
9.23057 -0.459294
7.37317 0.861909
6.72078 -1.16935
7.66075 1.29604
6.72941 0.5235
8.86504 -0.299028
6.76062 -0.822907
7.44988 -3.01433
8.00293 0.628396
10.299 -1.059
6.75152 -0.919368
10.5455 -1.24015
7.64673 1.34276
6.63592 3.40484
11.3799 -3.9524
7.4871 1.80762
7.11601 2.62939
6.25673 2.26957
7.81039 0.688634
7.42352 -3.10014
6.19767 2.40781
6.32817 2.0909
10.4191 -0.836524
7.87044 -1.49385
11.6996 -2.77195
11.8593 -3.64212
11.594 -2.50993
6.6057 3.44812
8.63841 0.352736
7.84663 0.0733666
6.55836 -1.92491
6.91926 1.00996
10.9785 -1.54715
10.9627 -1.61107
7.34482 -3.27768
11.8556 -4.07878
10.4249 -1.14868
11.8556 -3.52582
7.03631 2.76549
10.8965 -1.41671
7.92287 -0.977519
7.8825 -1.40469
7.85373 -1.60446
9.00736 0.168342
7.84999 -1.62682
7.33561 -3.29753
6.49953 1.5908
5.99998 1.2753
11.764 -4.68432
11.7106 -2.80429
6.68275 0.825712
11.7019 -4.93993
6.5403 1.45009
6.51524 -2.07344
11.7967 -4.5285
6.72613 -1.13033
6.70068 1.07825
6.85719 0.361342
10.8582 -1.3599
11.5789 -2.47774
6.78167 3.18668
6.35077 2.03135
7.58822 1.52846
6.43156 -2.32064
6.297 2.17055
11.1348 -5.31813
7.59368 -2.65417
9.2881 -0.486152
11.4421 -5.67747
9.62294 -0.652773
10.6587 -1.33154
5.42522 1.41924
10.5836 -1.27022
7.48899 -2.94012
6.58809 1.26883
7.44167 1.92302
8.80255 -0.273268
11.1675 -4.80547
9.6177 -0.191723
11.5511 -5.4052
10.4496 -0.867303
6.60281 1.20855
8.74693 0.300625
7.34414 2.15282
10.5361 -0.958296
7.90511 -1.20312
5.06503 1.50242
7.01094 2.81035
11.4675 -5.61804
6.41824 3.7045
7.08603 2.67551
6.58803 -1.82084
5.49845 1.40169
6.35313 3.7891
11.406 -2.76006
7.74875 0.969109
6.69809 0.402498
6.32036 2.11112
6.75161 0.37932
11.403 -5.76832
7.52815 -2.83914
6.48727 1.63104
7.77075 0.875399
11.1398 -1.80526
11.7922 -3.09948
7.01472 0.319313
11.2641 -1.96022
6.87934 3.03251
11.2466 -2.11691
6.76955 -0.706252
8.54194 -0.170395
6.73697 0.463403
11.2334 -4.5954
7.62514 1.41247
11.6367 -5.15817
10.72 -1.17326
6.83483 -3.3422
7.4783 1.83045
11.5398 -5.43534
7.74316 0.94932
5.88663 0.594307
11.4356 -3.35712
6.78233 -0.195769
7.88043 0.676549
7.49703 -2.91958
6.53758 0.44277
6.18883 2.42784
11.2754 -4.44401
6.5907 3.4694
10.1597 -0.597229
5.80211 3.18389
6.85191 3.07677
11.3627 -2.53146
6.69332 0.764814
5.96188 2.89597
6.78106 -0.135881
6.69538 3.31791
9.57257 -0.162082
11.422 -3.6093
8.73749 -0.246912
7.51345 1.7377
9.83131 -0.766638
7.63181 1.32616
6.54248 -1.9839
11.8663 -3.78652
7.37154 -3.21903
6.69993 -1.30111
7.20385 2.44971
7.42282 1.96923
11.4362 -3.32595
7.83655 0.548081
6.65601 0.966776
7.93494 -0.566476
10.211 -0.999441
6.49768 3.5983
9.74231 -0.276106
7.33372 2.17612
5.9921 2.83811
7.5047 1.76124
10.8725 -5.53574
5.20955 1.46966
7.92881 -0.864025
6.78155 -0.156047
7.28015 -3.41354
7.91496 -1.09056
6.28598 3.87259
11.5126 -2.34732
6.78289 -0.353574
7.43243 1.94579
10.1241 -0.56712
7.60762 -2.6127
6.26482 2.25002
6.74955 -0.938382
7.93258 -0.40539
7.88536 0.221263
5.96788 0.576357
6.77079 -0.686964
7.88528 -1.38267
6.27306 2.22991
5.97191 2.87689
7.19245 2.47214
9.51429 -0.596661
4.56085 0.853559
11.0486 -5.131
6.21214 1.21833
7.69134 -2.34021
11.2393 -1.92769
11.4347 -3.38919
10.2556 -1.02924
11.3077 -2.30835
11.4101 -2.81832
5.63714 0.647813
6.83788 3.09919
6.78313 -0.314049
7.18091 2.49517
11.8437 -4.20819
11.853 -4.11164
11.1855 -1.95817
7.90791 0.0116517
7.4134 1.99197
7.91199 -0.0349198
6.77874 -0.530495
6.74172 0.423167
7.53555 -2.81815
11.3895 -3.89041
6.6261 1.10787
10.2611 -0.686294
7.41489 -3.12034
10.9888 -5.27667
11.3898 -5.79785
7.90118 0.0812289
6.77276 0.062845
11.7349 -4.81396
6.50547 1.57096
11.8497 -3.46026
6.76316 0.202617
8.90462 0.221812
10.1666 -0.970258
6.2833 1.19877
11.3252 -2.37221
7.32351 2.19873
6.16247 2.48669
7.30252 2.24458
6.74091 -1.01539
7.38912 -3.17955
7.56575 -2.68345
