-4.79 -0.25
14.34 -6.2
-4.14 -12.75
-2.6 -9.57
-7.3 9.86
12.28 -5.34
0.29 -9.32
12.2 -12.1
8.87 -7.3
-0.6 -0.92
10.92 -3.36
8.62 0.94
1.48 2.96
-0.95 -5.63
-3.48 0.37
6.84 -0.55
11.38 -9.37
-9.89 5.52
4.26 5.67
9.74 -11.81
1.02 5.97
4.57 -9.87
7.92 5.07
3.48 -9.27
-9.84 -3.21
-9.92 -6.53
-5.53 -7.56
-6.31 -1.1
1.34 -7.27
-5.22 9.24
-8.37 9.03
-0.38 -0.71
-0.21 9.4
9.12 5.88
-0.29 -9.33
-8.15 -0.68
-9.52 -5.06
7.6 -9.34
-1.63 6.46
12.14 8
6.06 -6.18
11.8 9.86
-8.33 -8.58
4.7 -3.46
14.33 -13.15
5.09 6.37
-9.47 2.85
-7.13 8.4
-1.13 -7.69
11.53 -1.72
9.28 -9.74
-2.27 4.46
-1.61 -14.85
0.53 4.97
-8.32 -4.79
2.96 -3.03
11.26 -6.5
-5 -8.48
10.84 -8.37
9.8 7.03
5.22 3.33
7.9 -13.4
11.01 1.44
9.71 5.41
9.98 -5.14
10.02 9.64
9.14 -0.17
1.66 -0.72
14.28 6.92
4.68 -7.02
-7.3 -12.15
-0.63 2.29
3.79 -0.16
6.92 -0.97
-1.35 -0.77
-5.25 5.89
-3.68 7.12
0.97 -3.39
6.55 -12.13
-3.77 3.66
-7.95 -2.76
1.39 -6.93
2.2 3.27
11.61 -5.48
-6.74 4.48
13.9 -9.19
-8.05 -1.7
-4.91 -13.68
6.15 -11.21
4.28 5.73
6.22 -1.88
14.7 -13.64
-4.79 4.79
-8.81 -13.05
12.76 -7.38
-0.87 9.17
14.24 -9.18
10.32 -2.46
7.43 -4.76
-8.48 -14.44
