8.19016 -9.44203
4.473 -6.2585
5.01536 -10.2679
4.6911 -4.74
5.12653 -4.35666
2.37796 -5.80214
4.30766 -6.33947
1.93211 -6.95124
6.04889 -9.91793
3.91399 -6.50947
3.67234 -5.37285
5.57669 -3.85569
5.84211 -10.5974
8.15134 -8.75389
3.87409 -5.27154
3.01926 -6.78852
7.14869 -9.39492
3.98995 -6.47907
8.07533 -8.80891
5.13894 -4.34444
8.85545 -8.95829
8.10048 -8.79083
6.56908 -4.54314
6.25686 -4.90924
0.95143 -5.90592
7.66002 -9.09006
6.76133 -9.59857
6.50768 -9.72015
7.66023 -9.77118
1.58634 -6.96576
4.215 -6.38231
1.46956 -5.90915
2.68122 -5.73269
4.54589 -6.2209
4.40872 -6.32922
8.64576 -8.36623
1.79806 -5.88708
8.46145 -9.25495
1.08213 -5.9127
3.56222 -5.42381
4.27038 -6.35601
5.01164 -4.46612
2.76431 -5.71064
7.28625 -9.97723
5.49814 -3.95261
5.13554 -10.2336
7.94224 -9.6011
9.57311 -7.46901
2.08878 -5.85225
4.26493 -5.04956
10.0972 -7.77782
3.52959 -6.64669
5.22934 -5.80594
5.19546 -5.8294
7.01147 -9.46963
7.5004 -9.18988
9.69151 -8.21215
9.59386 -7.44577
8.02411 -8.84533
5.67144 -5.4677
9.40179 -7.65489
2.65999 -6.86255
1.74898 -6.9611
5.09027 -10.8234
6.19984 -4.97031
3.32254 -5.52472
1.81045 -6.95834
3.17737 -6.75187
1.96897 -5.86854
1.50415 -5.90774
5.99066 -9.9411
3.17009 -5.57415
3.49869 -5.45187
2.93965 -6.80671
2.8646 -5.68196
8.71747 -8.30539
4.02779 -6.46351
2.27642 -5.82149
5.07602 -5.90954
3.97064 -6.48644
4.56334 -6.20991
4.43831 -4.92755
3.78136 -5.31941
6.45514 -10.3659
4.46694 -4.90745
9.30878 -8.57561
3.25612 -6.7282
3.20932 -5.56781
3.51042 -6.65283
1.34869 -5.91248
5.69896 -10.0507
9.20336 -7.85768
5.82766 -5.33238
1.90022 -5.87673
2.36122 -5.80546
5.33012 -5.73419
7.4601 -9.884
4.32302 -5.00575
7.84342 -8.96983
2.61977 -6.86956
4.10634 -6.44974
4.77926 -6.09232
7.73873 -9.0392
8.8126 -8.22271
9.60498 -8.28741
2.91415 -5.66708
3.09865 -6.76934
8.88165 -8.93744
2.00331 -5.86414
8.5684 -8.4319
4.05643 -5.17062
9.06813 -7.98888
6.75013 -10.2416
6.38215 -4.76909
2.21612 -6.9265
5.54338 -5.57281
6.29892 -4.86313
4.02622 -5.18798
8.16314 -9.45992
5.46194 -5.63572
2.22493 -5.8306
10.0534 -7.82746
5.46276 -3.9859
7.575 -9.81996
2.32723 -5.81205
6.08938 -10.5094
6.36552 -9.78442
7.55381 -9.15696
6.09848 -5.07496
1.59034 -5.90331
2.42908 -5.79166
5.47855 -5.62293
5.78668 -10.0188
1.03765 -5.90962
2.09489 -6.93833
5.4869 -3.96612
3.81237 -5.30365
9.11054 -8.74883
3.47145 -6.66511
5.33498 -4.14028
4.95512 -10.2845
5.56194 -10.6888
9.4451 -7.60888
6.1568 -5.01534
4.83433 -10.3165
4.41015 -4.94679
4.88482 -6.02987
3.33891 -5.51825
7.77369 -9.7045
3.95202 -6.49439
6.62101 -9.66694
5.31098 -4.16646
5.52173 -10.1122
2.15555 -6.93251
5.6562 -10.6591
4.2894 -6.34806
8.21799 -9.42342
2.24234 -5.82756
8.10807 -9.49604
6.87492 -10.181
4.48447 -10.4032
2.05451 -5.85717
3.99591 -5.20514
8.62041 -9.13903
6.12773 -5.04526
5.05903 -5.92062
3.9199 -5.24704
8.85975 -8.18088
9.33368 -8.55316
4.83218 -6.06136
6.32686 -4.83198
2.01354 -6.94527
6.52996 -4.59223
2.37824 -6.90641
7.74498 -9.72158
7.66982 -9.77869
9.66848 -8.2352
4.67751 -4.75068
3.01328 -5.63581
2.03451 -6.93583
1.14148 -5.9124
5.16403 -4.31949
3.49118 -6.66397
6.9936 -10.1245
8.95832 -8.87557
2.96402 -5.65161
9.15869 -7.90149
4.14019 -6.41562
5.2012 -4.28192
1.83054 -6.95732
8.62125 -8.38675
1.65943 -5.89884
5.96602 -10.5542
1.83138 -5.88409
6.90018 -9.52822
4.85558 -4.60385
4.86748 -6.04032
9.40649 -8.48661
2.74029 -6.84779
5.02675 -10.8397
1.02061 -5.90899
1.57331 -5.90429
1.69395 -5.89629
8.00001 -8.84763
7.55589 -9.14835
7.20339 -9.36434
4.39535 -4.9572
5.26853 -4.20752
5.46395 -3.99341
4.77318 -4.67396
5.26308 -5.78225
4.17764 -6.39908
4.20545 -5.08111
9.8065 -8.09509
9.85248 -8.04646
9.38033 -7.67744
5.65316 -3.75669
2.70016 -6.85529
5.39145 -5.67427
10.0757 -7.80232
9.64469 -8.25883
9.09063 -7.96743
2.4961 -5.77723
2.66469 -5.73694
3.58814 -6.62753
2.69823 -5.72827
6.084 -5.08952
1.35194 -5.9157
3.19327 -5.57369
3.57782 -5.41678
4.34843 -10.4295
7.63316 -9.10716
2.51934 -6.88598
5.63961 -5.49418
4.71859 -4.71818
8.90702 -8.91711
3.38696 -5.49891
5.58097 -10.0921
1.97284 -6.94838
1.45252 -5.90977
8.35367 -9.33086
3.71907 -5.35031
4.89383 -4.57191
5.7031 -5.44099
5.40126 -10.1635
7.21799 -10.0192
7.40235 -9.91545
4.93329 -4.53717
9.67724 -7.35068
4.08654 -5.15306
5.64519 -5.45887
5.34439 -10.1701
4.56161 -10.383
5.16508 -10.2249
1.89135 -6.95404
6.72605 -10.2491
6.02777 -10.532
5.05014 -4.43016
3.85707 -6.53152
2.98029 -5.64644
2.64767 -5.74125
5.47529 -3.97997
5.21267 -5.81753
5.88145 -5.21598
1.70883 -6.95867
8.38169 -9.31011
3.05898 -6.77905
2.59994 -6.87293
9.87552 -8.02206
5.38251 -4.0874
6.54564 -10.3279
9.24806 -7.8131
4.29379 -5.02489
5.11371 -4.3692
8.54124 -9.19734
2.71994 -6.8516
9.13607 -7.92364
1.00306 -5.90829
9.63571 -7.39838
2.07426 -6.94017
4.03361 -5.18672
1.24515 -5.91328
5.96208 -9.95229
5.49464 -5.61045
6.54292 -4.57608
5.31131 -10.7633
6.87313 -9.54208
5.27486 -4.20522
5.75006 -5.40071
2.74819 -5.71495
8.54877 -8.44658
4.16111 -5.10843
5.56573 -3.86948
7.1405 -10.0521
4.61831 -6.18236
2.83134 -5.69166
9.4238 -7.63159
5.10122 -4.38134
5.75776 -10.0294
9.78418 -8.11776
7.10967 -9.41276
5.68705 -5.45454
5.1051 -10.2424
5.9949 -5.17706
1.71096 -5.89496
4.80413 -10.8937
4.38154 -6.30402
5.55182 -10.102
5.14462 -5.86399
2.78159 -5.70576
9.18533 -8.6846
5.18897 -4.29436
7.37382 -9.93081
9.47862 -8.4193
5.7493 -10.6287
4.53775 -4.85652
2.07354 -5.85392
2.92 -6.81104
5.42909 -5.66075
5.22496 -10.207
4.19084 -5.09018
4.95955 -4.51367
8.88288 -8.16015
8.25236 -8.67897
6.30822 -9.80955
7.06665 -9.43993
5.31414 -10.1796
5.40603 -4.06071
1.64727 -6.96447
6.56443 -9.69373
6.24235 -10.4513
1.62716 -6.96495
5.37436 -10.7452
7.80152 -9.68785
3.70367 -5.3578
9.89781 -7.99828
6.26951 -10.4424
3.07905 -5.61391
7.19911 -10.0223
9.73801 -8.16512
6.66603 -10.2758
6.27993 -9.8218
9.1353 -8.72771
6.18109 -10.4749
4.64982 -4.77223
3.06239 -5.61954
3.33477 -6.70608
8.64727 -9.1189
7.31578 -9.9617
5.98012 -5.19126
5.5918 -5.53331
3.54396 -5.43272
8.49988 -8.48625
1.38331 -5.91179
4.31828 -10.4357
8.80605 -8.99475
5.59367 -10.6789
7.11155 -10.0666
1.55577 -5.90524
1.42099 -6.59253
6.57614 -10.3149
3.26763 -6.085
3.87588 -6.5243
7.05267 -10.0958
5.81643 -10.0078
5.05807 -10.8317
9.83002 -8.07007
1.62489 -5.90118
6.07833 -9.90607
9.06008 -8.79143
2.62159 -5.74567
8.83587 -8.20214
3.09522 -5.60839
4.74365 -6.11277
8.99885 -8.05404
6.15086 -10.4864
5.34655 -5.72221
1.76967 -6.96023
5.64249 -3.77081
0.968634 -5.90672
9.00934 -8.83367
4.89477 -10.3007
4.53161 -10.3898
8.72573 -9.05941
6.7859 -10.2221
8.40143 -8.56447
3.2167 -6.73889
3.4668 -5.4656
5.44084 -4.02054
5.57546 -5.5465
3.27426 -5.54345
6.04041 -5.1355
4.96313 -10.8557
3.30662 -5.53095
4.36642 -4.97683
7.44678 -9.22245
8.02543 -9.54928
9.48809 -7.56257
1.1761 -5.91292
3.11817 -6.76446
6.02028 -9.92936
6.171 -5.00045
5.37977 -5.69773
8.45073 -8.52559
7.86908 -8.95253
5.96485 -5.20582
4.1217 -6.42366
8.6695 -8.34624
6.42267 -9.75891
3.89522 -6.51681
3.88924 -5.2635
2.51342 -5.7733
5.27975 -5.77075
1.72888 -6.96189
9.45489 -8.4416
2.54718 -5.76557
2.23673 -6.92386
3.37399 -6.69465
9.63003 -7.41721
9.21416 -8.65444
5.25046 -4.23096
4.95371 -10.2904
9.35814 -7.7006
5.02446 -5.94293
4.88034 -4.58362
9.02225 -8.03218
9.55167 -7.49286
3.39329 -6.68894
3.17676 -5.57967
2.45909 -6.89508
4.25225 -6.36531
9.71514 -8.18833
1.43496 -5.91036
5.64965 -3.74298
6.19779 -9.85582
4.67205 -6.15297
4.89941 -10.8712
1.12391 -5.91206
6.95611 -9.49897
3.96549 -5.2221
7.58009 -9.14059
7.85782 -9.65376
8.05276 -9.5318
4.37946 -10.423
7.12165 -9.40988
4.91993 -6.00849
2.35887 -6.89358
4.26446 -5.04383
4.62248 -10.3689
6.51657 -4.60882
3.85847 -5.27976
4.66348 -4.76164
3.72311 -6.58101
4.5095 -6.23982
4.86799 -10.8787
1.27946 -5.91327
4.99848 -4.47826
3.64092 -5.38769
4.84862 -6.04798
4.4364 -6.27698
5.02439 -4.4543
4.9549 -5.98687
2.84012 -6.82801
1.8713 -6.95506
3.15774 -6.75439
1.31408 -5.91298
6.11969 -10.4981
3.66495 -6.60123
3.68456 -6.59464
2.39517 -5.79867
6.25076 -9.83432
4.80027 -4.65157
4.45285 -4.91738
3.64594 -6.60802
3.45106 -5.47228
8.24492 -9.40531
4.63608 -6.17272
5.66407 -3.7422
4.75934 -4.68531
2.93094 -5.66193
1.29702 -5.91315
9.52656 -8.37378
7.96978 -9.58448
3.02719 -5.77753
4.74596 -4.69616
6.31311 -4.84735
8.2771 -8.6603
5.55957 -5.55925
6.42524 -10.3783
3.43488 -5.47908
5.71864 -5.42775
5.00691 -5.9543
3.24182 -5.55573
4.84046 -4.6178
3.0462 -5.62496
9.28452 -8.59732
5.84528 -9.99702
5.52084 -3.92507
1.98589 -5.8664
2.53919 -6.88353
1.93461 -5.87274
5.79712 -5.36088
4.98975 -5.96502
2.89498 -5.66885
5.0662 -4.41278
5.34239 -10.7544
7.02296 -10.1101
5.88916 -5.27657
8.3769 -8.58367
6.02478 -5.14809
1.84885 -5.88231
9.53077 -7.51594
3.54932 -6.6403
6.18568 -4.98522
6.42292 -4.72162
7.7633 -9.02345
2.53006 -5.76952
9.50298 -8.39625
9.33655 -7.72297
5.17619 -4.30738
5.29667 -5.75833
5.44578 -5.64809
4.5521 -4.84597
8.82994 -8.97845
3.41905 -5.4857
6.06905 -5.10446
5.22591 -4.25653
6.22239 -9.84639
3.8276 -5.29582
8.29942 -9.36827
1.77994 -5.88905
6.3944 -10.3909
8.40768 -9.29308
2.88009 -6.81965
3.78048 -6.56023
5.55395 -3.88464
4.48272 -4.90897
1.61495 -5.9084
8.94463 -8.10695
2.78038 -6.84004
8.59438 -9.1583
5.37374 -10.1608
5.81151 -10.6078
3.70356 -6.58796
1.19316 -5.91311
9.22607 -7.8351
7.25754 -9.9922
5.41756 -4.04749
5.24816 -10.781
6.81532 -10.2086
9.43019 -8.46487
4.56598 -4.83571
8.6999 -9.07913
4.86721 -4.59495
2.63111 -5.74539
7.92098 -8.91715
4.42416 -4.93739
1.91204 -6.95256
7.9981 -8.86363
5.81241 -5.34599
8.76517 -8.26422
2.41189 -5.79524
9.62149 -8.28173
4.10133 -5.14434
3.81882 -6.546
8.4342 -9.27434
2.33776 -6.91171
6.6364 -10.2888
5.73044 -10.0389
2.76005 -6.844
5.59879 -3.82756
8.77797 -9.01911
4.76121 -6.10273
2.8978 -5.67205
8.93308 -8.89608
3.93515 -5.2387
4.80451 -10.3242
7.36636 -9.27039
2.681 -6.82714
7.54593 -9.83634
8.47569 -8.50568
6.53649 -9.70679
9.23508 -8.64113
5.27841 -10.773
7.79119 -9.00469
5.12152 -10.8152
5.35883 -4.11393
3.35479 -5.51192
4.0464 -6.45575
1.10687 -5.91168
6.73368 -9.61227
2.10565 -5.84974
2.20821 -5.83342
2.02021 -5.86189
6.33351 -10.4154
5.94997 -5.21991
2.13987 -5.84451
5.90375 -9.97484
1.86581 -5.88052
5.52718 -5.58496
4.70791 -6.13299
5.54337 -3.89736
5.8585 -5.30458
7.23107 -9.34868
2.71473 -5.72392
5.7346 -5.41406
4.59405 -4.81474
6.65745 -9.64758
1.86176 -5.89501
5.37026 -4.10138
7.51765 -9.85217
3.75026 -5.33496
3.07853 -6.7743
1.68808 -6.9633
0.986014 -5.90756
10.0317 -7.85179
4.49153 -6.24905
3.22582 -5.56171
10.0093 -7.87673
2.27728 -6.91917
5.58792 -3.84144
5.17871 -5.84087
4.11654 -5.13531
4.622 -4.79358
5.07551 -10.2509
6.98422 -9.48413
5.04497 -10.2596
4.00861 -6.47143
6.36443 -10.403
9.35778 -8.53128
8.92962 -8.11782
4.63679 -4.78173
5.60762 -5.52045
2.2932 -5.81842
5.12514 -5.86979
1.07226 -5.91075
3.59386 -5.40947
9.04489 -8.01089
9.25948 -8.61958
8.32712 -8.62215
3.41314 -6.68298
8.78876 -8.24358
6.67743 -9.63979
3.84328 -5.2877
3.12797 -5.59703
9.978 -7.88809
1.15854 -5.91268
5.41285 -5.67302
9.50976 -7.53871
5.64002 -10.0716
5.28473 -10.1887
7.60319 -9.80395
4.97235 -4.50215
5.21375 -4.26906
5.50968 -3.93866
3.16066 -5.58546
5.01527 -10.8324
3.4324 -6.67714
5.53102 -10.6984
2.43859 -6.89805
2.05423 -6.94192
2.29725 -6.91677
5.87359 -10.5866
2.19615 -6.92831
5.43322 -10.1416
3.29548 -6.71726
5.32318 -4.1532
8.67323 -9.09935
2.57951 -6.87633
9.18122 -7.87953
3.60941 -5.40234
4.59251 -10.3759
4.45498 -6.26761
5.62073 -3.79927
8.04937 -8.82743
7.68605 -9.07336
4.865 -10.3085
1.95149 -5.87072
3.95047 -5.23038
1.40034 -5.91137
6.43667 -4.70538
4.74392 -10.3394
2.11492 -6.93647
1.67641 -5.89762
6.05448 -5.11891
1.41792 -5.91088
7.83011 -9.6706
8.20197 -8.7166
8.22683 -8.6981
4.22046 -5.07173
6.28508 -4.8784
2.80011 -6.83613
8.42642 -8.54484
2.79802 -5.70116
2.17406 -5.83907
2.12301 -5.84712
4.81357 -4.64047
6.78975 -9.58438
2.81493 -5.69637
4.40957 -10.4166
2.56379 -5.76168
5.77835 -10.6198
1.72846 -5.89354
5.18489 -10.7983
6.39556 -4.75332
6.49418 -4.64755
7.48891 -9.86782
7.0817 -10.0814
4.58024 -4.8251
2.13553 -6.93449
0.916856 -5.90409
5.49258 -10.122
4.1592 -6.40725
1.60645 -6.96539
4.79676 -6.08216
6.93435 -10.1529
5.15369 -10.8067
6.30346 -10.4274
2.59747 -5.75364
9.9428 -7.94977
5.04151 -5.93197
3.03883 -6.78382
7.42028 -9.23836
2.47962 -5.78082
2.41868 -6.90087
6.45056 -9.74634
4.52384 -4.86666
4.72555 -6.12313
4.28759 -10.4418
6.22844 -4.93988
2.34801 -5.80698
5.68695 -10.6491
5.07575 -4.40584
3.23671 -6.73349
4.59998 -6.19222
2.85983 -6.82524
4.8356 -10.8864
5.93459 -5.23432
3.98094 -5.21352
2.89976 -6.81544
7.97266 -8.88142
4.49545 -4.88715
5.46826 -10.7175
1.78976 -6.95933
2.94724 -5.65687
3.56845 -6.63404
2.55966 -6.87958
6.70517 -9.62627
1.74546 -5.89211
6.60585 -10.3021
5.62449 -10.6692
3.7926 -5.3152
8.5974 -8.40658
7.25791 -9.33338
5.78132 -5.37346
8.48784 -9.23602
6.84558 -10.1946
5.2991 -4.1793
2.25913 -5.82459
9.29246 -7.76819
3.02888 -5.63088
2.25671 -6.92158
4.65332 -10.3615
6.55622 -4.55939
5.40538 -10.7361
4.0841 -6.43982
8.17393 -8.73801
4.58216 -6.20175
4.33737 -4.99625
4.19661 -6.3906
6.81731 -9.57051
4.68325 -10.3543
4.77449 -10.3317
6.47684 -4.65732
3.68788 -5.36538
3.80084 -6.56261
7.39295 -9.25465
3.19726 -6.74406
8.2726 -9.38656
6.92876 -9.51328
7.99722 -9.56718
6.10687 -9.89445
4.98567 -4.48999
7.31223 -9.30206
2.44577 -5.78814
9.03427 -8.8131
7.91391 -9.61931
3.35409 -6.70037
6.16471 -9.87061
3.83767 -6.53891
4.13127 -5.12648
7.81695 -8.98756
6.47966 -9.73304
4.90265 -6.01905
4.30819 -5.0155
6.44998 -4.68957
5.08832 -4.39379
3.74207 -6.57421
7.71707 -9.73803
9.98745 -7.90094
3.5305 -5.43794
7.33821 -9.28709
4.07127 -5.162
9.08498 -8.77048
4.90689 -4.56049
8.97608 -8.07516
1.53874 -5.90612
4.41831 -6.28594
4.34465 -6.32187
2.39817 -6.9037
5.11039 -5.88688
1.22778 -5.91332
4.78655 -4.66295
9.57418 -8.32792
3.60723 -6.62115
5.16143 -5.85263
3.48299 -5.45866
1.2624 -5.91334
4.17609 -5.09913
7.3444 -9.94653
6.5035 -4.62488
4.32644 -6.33057
2.47899 -6.89214
6.3546 -4.80064
2.97948 -6.79774
5.31317 -5.74647
4.47063 -10.4034
6.21437 -4.95489
6.51572 -10.3406
5.91966 -5.24835
3.28904 -5.53814
7.60702 -9.12369
4.23501 -5.06257
9.29987 -7.76649
6.90509 -10.1668
3.73491 -5.34255
5.28682 -4.19246
5.39412 -4.07427
5.90413 -10.576
6.27281 -4.89738
7.17646 -9.37946
5.25576 -10.1974
1.8144 -5.88578
5.84333 -5.3183
1.95278 -6.94982
5.61094 -10.0817
1.52179 -5.90679
4.35212 -4.98642
6.05821 -10.5208
6.40951 -4.73733
