2.25913 -5.82459
5.64002 -10.0716
2.697 -11.1651
4.83218 -6.06136
2.99065 -10.6167
3.08364 -10.6097
6.16471 -9.87061
0.28177 -5.83445
1.31408 -5.91298
3.27426 -5.54345
4.04252 -10.4878
8.02543 -9.54928
1.99345 -10.64
1.87928 -11.1599
0.86527 -5.90098
3.78048 -6.56023
1.57331 -5.90429
2.91089 -11.0451
2.44577 -5.78814
-1.5403 -9.9629
7.83011 -9.6706
2.25671 -6.92158
0.319735 -10.4691
5.19546 -5.8294
0.577343 -11.0289
2.8646 -5.68196
1.72846 -5.89354
6.81731 -9.57051
1.55238 -11.1414
8.38169 -9.31011
8.20197 -8.7166
3.15774 -6.75439
7.10967 -9.41276
3.80582 -11.0748
1.06045 -10.5772
2.46802 -11.1697
2.92753 -11.1549
0.914172 -6.9446
3.56845 -6.63404
2.97948 -6.79774
3.51329 -11.1096
3.4159 -11.1195
0.58989 -5.87676
1.14148 -5.9124
3.64363 -11.0951
-0.0521616 -6.80032
6.60585 -10.3021
1.19316 -5.91311
0.589909 -6.91121
1.00306 -5.90829
2.78038 -6.84004
3.05898 -6.77905
2.33776 -6.91171
0.596472 -10.5155
2.41189 -5.79524
4.1592 -6.40725
6.87492 -10.181
5.16508 -10.2249
7.48891 -9.86782
0.830726 -5.89864
8.3769 -8.58367
4.13127 -5.12648
7.4601 -9.884
3.20813 -10.599
1.6198 -10.6246
5.17871 -5.84087
2.07548 -11.1667
5.12514 -5.86979
2.81493 -5.69637
0.674069 -11.0439
6.78975 -9.58438
3.1459 -10.6045
1.52179 -5.90679
5.25576 -10.1974
4.11654 -5.13531
4.14019 -6.41562
1.83777 -10.6352
6.72605 -10.2491
6.54564 -10.3279
2.83523 -10.6265
2.92832 -10.6209
1.22778 -5.91332
2.49136 -10.7789
1.58634 -6.96576
3.93515 -5.2387
0.307806 -6.86987
-0.146924 -5.74589
3.25308 -11.134
5.11039 -5.88688
0.147693 -6.84128
-0.225279 -5.7293
2.23673 -6.92386
0.381222 -10.48
1.11788 -6.95784
2.5336 -11.1689
4.79676 -6.08216
3.57782 -5.41678
4.38154 -6.30402
-0.35902 -5.69405
2.20663 -11.1693
4.25225 -6.36531
5.31131 -10.7633
6.90018 -9.52822
4.41831 -6.28594
0.315945 -5.83994
6.02777 -10.532
2.92 -6.81104
1.03635 -6.95324
3.8276 -5.29582
5.75776 -10.0294
8.5684 -8.4319
-0.603202 -6.65648
2.47962 -5.78082
8.2771 -8.6603
5.05903 -5.92062
-0.228512 -10.3553
1.68808 -6.9633
-0.384043 -10.8339
4.63608 -6.17272
4.98975 -5.96502
3.98995 -6.47907
-0.410645 -10.3113
2.39517 -5.79867
1.8713 -6.95506
1.77534 -10.6326
0.225071 -6.86169
7.5004 -9.18988
-0.480581 -10.8099
3.02719 -5.77753
1.29702 -5.91315
0.489052 -6.89774
2.82812 -11.1603
1.09719 -6.95676
1.86854 -10.6363
2.01354 -6.94527
-0.348597 -6.72865
7.80152 -9.68785
4.86748 -6.04032
1.89135 -6.95404
7.3444 -9.94653
4.40872 -6.32922
1.77994 -5.88905
1.59034 -5.90331
4.473 -6.2585
6.07833 -9.90607
1.42099 -6.59253
5.40538 -10.7361
0.566066 -10.5108
0.289462 -10.4636
5.02446 -5.94293
1.3621 -6.96591
3.2167 -6.73889
8.64576 -8.36623
3.75026 -5.33496
3.4324 -6.67714
1.37049 -10.6071
2.55966 -6.87958
2.05423 -6.94192
-0.831096 -10.1968
6.7859 -10.2221
6.53649 -9.70679
8.02411 -8.84533
1.74546 -5.89211
8.10807 -9.49604
6.24235 -10.4513
3.49118 -6.66397
3.43488 -5.47908
2.1184 -10.6422
-1.06961 -10.1239
3.11817 -6.76446
4.95512 -10.2845
3.07905 -5.61391
4.53161 -10.3898
0.772158 -6.93181
6.02028 -9.92936
8.16314 -9.45992
0.569962 -6.90866
-0.0974015 -10.9009
3.78136 -5.31941
7.28625 -9.97723
0.447957 -11.0076
1.03765 -5.90962
8.04937 -8.82743
7.84342 -8.96983
1.65943 -5.89884
0.874354 -10.5549
7.92098 -8.91715
2.79802 -5.70116
7.94224 -9.6011
-0.471121 -10.2959
3.3946 -10.5801
-0.11158 -6.78701
1.23965 -6.96298
0.21352 -5.82289
4.17764 -6.39908
2.59917 -11.1676
-0.485905 -6.69097
7.96978 -9.58448
3.54932 -6.6403
0.332794 -5.84257
6.36443 -10.403
2.61977 -6.86956
8.35367 -9.33086
0.263425 -5.83165
-0.561533 -6.62581
2.61725 -10.6365
6.3944 -10.3909
3.33891 -5.51825
0.348084 -6.87647
2.27221 -11.17
3.20932 -5.56781
-0.416297 -10.8259
3.30106 -10.59
2.96402 -5.65161
3.89522 -6.51681
3.98094 -5.21352
0.812793 -6.93576
5.43322 -10.1416
7.36636 -9.27039
5.1051 -10.2424
1.76967 -6.96023
2.29725 -6.91677
8.59438 -9.1583
8.29942 -9.36827
0.998375 -10.5701
0.534677 -10.5058
4.62248 -10.3689
1.1761 -5.91292
-0.0646483 -10.3995
1.45252 -5.90977
0.318898 -10.9847
7.37382 -9.93081
1.12257 -10.5839
-0.0574845 -5.76905
5.14462 -5.86399
5.46826 -10.7175
0.469141 -6.89491
2.14105 -11.1682
0.0283284 -10.9284
2.20821 -5.83342
0.373105 -10.4934
-0.544897 -6.67385
8.00001 -8.84763
8.24492 -9.40531
3.1877 -11.1391
1.78103 -11.1555
0.868851 -11.0714
0.843831 -10.5509
2.42988 -10.6414
0.010148 -5.78368
7.7633 -9.02345
1.91207 -11.1614
6.42524 -10.3783
1.45476 -11.1339
6.76133 -9.59857
1.70883 -6.95867
1.83054 -6.95732
4.34843 -10.4295
3.70367 -5.3578
1.27946 -5.91327
0.761682 -5.89337
2.13987 -5.84451
0.529491 -6.90332
-0.387989 -6.71813
0.136564 -10.4343
6.81532 -10.2086
4.2894 -6.34806
3.37399 -6.69465
5.73044 -10.0389
7.33821 -9.28709
1.97284 -6.94838
7.86908 -8.95253
2.89976 -6.81544
7.99722 -9.56718
3.70356 -6.58796
-0.681053 -6.63242
1.21536 -10.5932
8.6695 -8.34624
0.16675 -10.4403
0.196728 -5.81992
2.09489 -6.93833
3.0462 -5.62496
5.00691 -5.9543
1.25352 -10.5957
7.25754 -9.9922
5.37436 -10.7452
2.64801 -10.6353
0.0753494 -10.422
-0.0933286 -6.79436
3.66495 -6.60123
0.710196 -5.88892
7.73873 -9.0392
-1.27642 -10.056
6.6364 -10.2888
3.45111 -11.1147
1.32407 -11.1226
4.76121 -6.10273
1.84654 -11.1586
5.07602 -5.90954
5.90413 -10.576
5.07551 -10.2509
-0.0468559 -10.3963
-0.531505 -10.2802
6.08938 -10.5094
2.59994 -6.87293
0.95143 -5.90592
5.31414 -10.1796
3.42518 -10.5767
2.42908 -5.79166
0.658233 -10.5249
1.54552 -6.96633
5.40126 -10.1635
-1.39421 -10.0154
6.66603 -10.2758
1.43278 -10.612
2.52188 -10.6396
3.77379 -11.079
4.67205 -6.15297
4.47063 -10.4034
7.19911 -10.0223
-0.525072 -6.67969
0.995612 -6.95059
8.49988 -8.48625
7.77369 -9.7045
-0.124927 -5.75367
0.260351 -10.4579
-1.09887 -10.1146
5.53102 -10.6984
3.60723 -6.62115
1.26036 -6.96359
3.33477 -6.70608
6.50768 -9.72015
7.81695 -8.98756
4.31828 -10.4357
1.67641 -5.89762
3.48115 -11.113
3.23671 -6.73349
1.72888 -6.96189
7.25791 -9.33338
7.58009 -9.14059
5.34439 -10.1701
4.80451 -10.3242
2.74819 -5.71495
1.93211 -6.95124
1.19353 -11.1099
5.77835 -10.6198
2.76005 -6.844
-0.289684 -6.74395
2.26966 -10.6389
4.77926 -6.09232
2.05451 -5.85717
8.21799 -9.42342
2.30495 -10.6428
1.32128 -6.96515
-0.890886 -10.179
2.27728 -6.91917
8.62041 -9.13903
7.66982 -9.77869
1.25878 -11.1164
1.62716 -6.96495
3.68456 -6.59464
3.79608 -10.5279
6.95611 -9.49897
0.087376 -6.82939
1.0567 -6.95344
4.70791 -6.13299
6.73368 -9.61227
0.812417 -10.5467
6.45514 -10.3659
-0.242288 -5.725
1.07711 -6.95566
4.25702 -10.4479
-0.8016 -10.2054
0.105499 -10.4281
-0.220932 -10.8595
3.60941 -5.40234
1.56562 -6.96617
3.54396 -5.43272
2.37796 -5.80214
0.738941 -11.0534
0.754445 -10.5382
-1.33537 -10.0358
3.09522 -5.60839
2.07426 -6.94017
-0.368591 -6.72335
1.28047 -6.96416
8.42642 -8.54484
-0.350078 -10.3263
3.11523 -10.6071
8.45073 -8.52559
-1.01015 -10.1426
5.84528 -9.99702
7.55589 -9.14835
8.40143 -8.56447
4.30766 -6.33947
1.38265 -6.96417
6.27993 -9.8218
4.91993 -6.00849
5.58097 -10.0921
3.4668 -5.4656
7.66002 -9.09006
1.34869 -5.91248
3.54637 -11.1061
5.16143 -5.85263
-0.861442 -10.1878
3.06239 -5.61954
-0.408725 -6.71418
-0.408709 -5.68013
1.42304 -6.96658
-0.661332 -6.6386
3.01926 -6.78852
8.25236 -8.67897
7.55381 -9.15696
2.21612 -6.9265
5.55182 -10.102
3.52959 -6.64669
8.62125 -8.38675
2.65999 -6.86255
6.93435 -10.1529
2.3674 -10.6423
4.1957 -10.4598
7.1405 -10.0521
2.35887 -6.89358
7.17646 -9.37946
0.452449 -5.85988
3.96549 -5.2221
7.05267 -10.0958
3.72311 -6.58101
1.80612 -10.6339
0.0676074 -6.82557
-0.258792 -5.72077
2.70016 -6.85529
1.30824 -10.6018
7.12165 -9.40988
3.88893 -10.5135
2.95913 -11.1539
0.731713 -6.92711
0.744684 -5.89195
3.17676 -5.57967
-1.18793 -10.0856
0.287066 -10.9789
-0.0717855 -6.79598
2.74029 -6.84779
0.350919 -10.4747
3.17009 -5.57415
2.64767 -5.74125
0.545607 -6.91721
1.13797 -6.95883
2.27642 -5.82149
3.87588 -6.5243
0.179447 -5.81682
7.39295 -9.25465
0.0607349 -5.7941
4.16545 -10.4655
-0.292254 -5.71205
1.0962 -11.0993
0.0940141 -10.9414
2.94724 -5.65687
5.52173 -10.1122
7.06665 -9.43993
3.81237 -5.30365
3.81882 -6.546
2.4961 -5.77723
2.27414 -10.643
1.62489 -5.90118
-0.320206 -10.3336
7.42028 -9.23836
3.95202 -6.49439
0.328235 -6.87325
0.650996 -6.91864
1.53874 -5.90612
0.63043 -6.9162
3.36309 -10.5835
0.796196 -5.89611
0.0142087 -10.4093
2.08878 -5.85225
1.50415 -5.90774
3.51042 -6.65283
-0.0319383 -6.80473
1.60645 -6.96539
3.22582 -5.56171
0.0442742 -10.4156
0.609251 -11.0339
7.66023 -9.77118
3.70873 -11.0872
1.55743 -10.6208
2.13553 -6.93449
6.22239 -9.84639
-0.731912 -10.7423
-0.352698 -10.8416
0.642129 -11.039
3.31842 -11.1284
0.933884 -11.0799
7.20339 -9.36434
2.66469 -5.73694
4.32644 -6.33057
1.79806 -5.88708
-0.993124 -10.1497
2.69823 -5.72827
7.575 -9.81996
2.0867 -10.6418
-0.637674 -10.7682
5.90375 -9.97484
5.81151 -10.6078
1.50469 -6.96665
3.85707 -6.53152
3.48724 -10.5695
2.83134 -5.69166
0.836005 -11.067
6.45056 -9.74634
2.00331 -5.86414
2.99139 -11.1521
4.37946 -10.423
2.11492 -6.93647
1.38331 -5.91179
0.416123 -11.0021
1.15319 -10.587
4.83433 -10.3165
3.97064 -6.48644
-0.375434 -5.6895
1.2624 -5.91334
2.80364 -10.6282
7.97266 -8.88142
1.93461 -5.87274
2.37824 -6.90641
3.99591 -5.20514
4.215 -6.38231
7.71707 -9.73803
2.98029 -5.64644
4.77449 -10.3317
3.82721 -10.5232
0.711548 -6.92549
2.91415 -5.66708
4.74392 -10.3394
1.78976 -6.95933
1.95278 -6.94982
6.51572 -10.3406
1.93099 -10.6383
1.90022 -10.6374
3.98095 -10.4984
0.610464 -6.91377
8.05276 -9.5318
0.641274 -5.88225
3.28527 -11.1313
4.02622 -5.18798
0.428752 -6.889
0.882293 -5.90205
0.853451 -6.93947
8.32712 -8.62215
-0.329167 -6.73375
6.47966 -9.73304
3.25612 -6.7282
4.0841 -6.43982
3.84328 -5.2877
1.21955 -6.96224
2.71044 -10.6328
3.45106 -5.47228
-0.168747 -10.3693
7.40235 -9.91545
3.0246 -11.1502
-0.741655 -10.2226
1.49509 -10.6166
3.39329 -6.68894
1.05775 -11.0969
5.6562 -10.6591
2.8978 -5.67205
5.96602 -10.5542
2.73029 -11.164
3.9199 -5.24704
3.49869 -5.45187
0.968634 -5.90672
0.986014 -5.90756
2.49234 -10.6401
6.18109 -10.4749
0.52112 -5.86872
0.469858 -5.8622
0.792771 -6.93385
6.15086 -10.4864
2.681 -6.82714
1.08213 -5.9127
6.30346 -10.4274
3.5305 -5.43794
0.504391 -10.5009
2.2932 -5.81842
8.47569 -8.50568
1.71293 -10.6297
6.19779 -9.85582
3.83767 -6.53891
6.42267 -9.75891
8.5974 -8.40658
6.70517 -9.62627
3.24182 -5.55573
2.23894 -11.1697
2.79583 -11.1616
3.54925 -10.5619
8.48784 -9.23602
4.9549 -5.98687
0.247628 -5.82876
7.85782 -9.65376
2.14918 -10.6426
3.47145 -6.66511
4.02779 -6.46351
3.05685 -11.1482
1.02878 -10.5736
-0.198725 -10.3624
-0.00178255 -10.9216
2.68122 -5.73269
1.15854 -5.91268
0.692793 -5.88729
7.0817 -10.0814
0.706973 -11.0488
4.56334 -6.20991
1.30117 -6.96469
3.64092 -5.38769
3.67234 -5.37285
4.68325 -10.3543
0.401268 -5.85278
3.35409 -6.70037
3.03883 -6.78382
5.27841 -10.773
4.00277 -10.4961
7.01147 -9.46963
-1.42314 -10.0051
8.07533 -8.80891
2.58557 -10.6375
0.247759 -6.85958
-0.511053 -10.8018
2.08825 -11.1744
0.80387 -11.0626
-0.342104 -5.69868
2.40329 -11.1699
3.64172 -10.5499
3.21984 -11.1366
4.16111 -5.10843
2.17334 -11.1688
3.26763 -6.085
1.46956 -5.90915
1.22663 -11.1132
7.21799 -10.0192
3.85847 -5.27976
1.75801 -10.6297
-1.45922 -9.99324
-0.175163 -5.7417
2.88009 -6.81965
6.9936 -10.1245
3.41314 -6.68298
-0.700815 -10.7509
6.04889 -9.91793
5.34239 -10.7544
0.752147 -6.92978
0.0440279 -5.79071
-0.230604 -6.75868
5.22496 -10.207
0.207583 -6.85241
6.05821 -10.5208
0.954886 -6.9477
5.84211 -10.5974
6.30822 -9.80955
4.27038 -6.35601
1.27757 -10.5991
2.39817 -6.9037
-0.170881 -6.7732
2.45909 -6.89508
1.12831 -11.1029
2.41868 -6.90087
3.59386 -5.40947
0.435549 -5.85758
3.38696 -5.49891
2.03451 -6.93583
1.12391 -5.91206
-0.0658615 -10.9078
6.87313 -9.54208
1.64727 -6.96447
1.33981 -10.6045
4.19084 -5.09018
0.486772 -5.8644
0.867397 -6.96321
2.59747 -5.75364
1.98589 -5.8664
1.40034 -5.91137
-0.0236898 -5.77646
4.19661 -6.3906
2.71473 -5.72392
0.0623769 -10.935
0.388399 -6.88285
-0.20875 -5.73344
8.40768 -9.29308
-0.447596 -10.818
4.58216 -6.20175
7.54593 -9.83634
7.79119 -9.00469
3.28904 -5.53814
4.17609 -5.09913
3.80084 -6.56261
0.0946755 -5.80084
6.36552 -9.78442
4.40957 -10.4166
3.05296 -10.6121
-1.12897 -10.1049
1.81045 -6.95834
2.4357 -11.17
2.10565 -5.84974
0.781914 -10.5426
-0.161356 -10.8866
8.15134 -8.75389
1.52546 -10.6187
4.5095 -6.23982
3.56222 -5.42381
4.10634 -6.44974
1.65053 -10.6264
-0.380816 -10.3187
4.03361 -5.18672
1.61782 -11.1459
3.32254 -5.52472
7.74498 -9.72158
3.17737 -6.75187
5.61094 -10.0817
3.85763 -10.5185
4.54589 -6.2209
3.019 -10.615
6.57614 -10.3149
0.126615 -10.948
2.54718 -5.76557
8.22683 -8.6981
2.66474 -11.166
2.36122 -5.80546
-0.27605 -5.71636
-0.711535 -10.231
1.86176 -5.89501
2.3991 -10.6419
3.12229 -11.1438
2.93965 -6.80671
0.298602 -5.83718
0.4182 -5.85517
8.46145 -9.25495
7.51765 -9.85217
3.41905 -5.4857
1.46387 -6.96674
7.11155 -10.0666
0.975545 -6.9492
1.3894 -11.1285
5.13554 -10.2336
4.865 -10.3085
2.57951 -6.87633
-0.441362 -10.3035
0.727185 -5.89044
2.51342 -5.7733
0.367016 -5.84777
-0.193735 -10.8792
-0.574413 -10.7852
0.442775 -10.4906
6.98422 -9.48413
2.34801 -5.80698
1.84885 -5.88231
2.5548 -10.6385
1.02061 -5.90899
-0.225225 -10.872
2.85983 -6.82524
4.65332 -10.3615
5.69896 -10.0507
6.84558 -10.1946
1.97762 -11.1639
3.71907 -5.35031
1.74876 -11.1538
0.720047 -10.5339
1.69395 -5.89629
0.555493 -5.87284
-0.259508 -10.3482
2.51934 -6.88598
1.41792 -5.91088
-0.668804 -10.7597
3.35479 -5.51192
0.408375 -6.88564
8.54877 -8.44658
6.90509 -10.1668
2.78159 -5.70576
-0.129858 -10.8937
2.32723 -5.81205
7.9981 -8.86363
8.10048 -8.79083
1.90022 -5.87673
-0.107842 -10.383
-0.505783 -6.68527
4.1343 -10.4713
4.59251 -10.3759
3.73491 -5.34255
0.38336 -10.9963
2.89363 -11.1573
1.55577 -5.90524
4.90265 -6.01905
-0.392315 -5.68477
3.74065 -11.0833
7.02296 -10.1101
7.23107 -9.34868
-1.48178 -9.98418
3.48299 -5.45866
8.2726 -9.38656
3.01328 -5.63581
2.02358 -10.6408
5.78668 -10.0188
1.44375 -6.96669
0.222642 -10.9668
5.7493 -10.6287
0.228071 -10.4521
3.7926 -5.3152
8.4342 -9.27434
1.35649 -11.1255
7.68605 -9.07336
0.158291 -10.9543
3.16066 -5.58546
1.71553 -11.1519
1.74898 -6.9611
-0.210539 -6.76367
0.536096 -5.87098
1.35194 -5.9157
-0.525872 -10.2852
-1.36437 -10.0258
3.57977 -10.558
1.95149 -5.87072
-0.107846 -5.75764
2.86596 -10.6248
-0.0912348 -5.76146
0.426629 -5.84689
6.26951 -10.4424
2.22493 -5.8306
4.1217 -6.42366
8.19016 -9.44203
0.627798 -10.5203
-1.21735 -10.0759
4.07127 -5.162
3.29548 -6.71726
7.14869 -9.39492
-0.681608 -10.2395
0.127361 -6.83738
2.15555 -6.93251
6.92876 -9.51328
-0.151321 -6.77781
4.0464 -6.45575
4.61831 -6.18236
1.96897 -5.86854
3.91932 -10.5086
5.04497 -10.2596
2.05592 -10.6413
1.17876 -6.96065
7.31223 -9.30206
4.10133 -5.14434
2.76258 -11.1629
2.33662 -10.6426
2.53919 -6.88353
2.53006 -5.76952
0.670975 -6.92096
3.57848 -11.1026
7.44678 -9.22245
3.30662 -5.53095
0.128655 -5.80739
5.81643 -10.0078
3.19327 -5.57369
-0.651988 -10.2477
1.91204 -6.95256
0.267566 -6.86304
3.27032 -10.593
4.00861 -6.47143
6.10687 -9.89445
-0.621463 -10.2561
4.07282 -10.4825
0.145434 -5.81055
2.47899 -6.89214
1.68327 -11.15
5.01536 -10.2679
0.934828 -6.94619
0.900885 -11.0756
7.91391 -9.61931
3.02888 -5.63088
3.33248 -10.5868
6.62101 -9.66694
4.05643 -5.17062
0.448646 -6.89194
0.107627 -6.83354
1.03105 -11.0918
6.65745 -9.64758
6.25076 -9.83432
2.17406 -5.83907
5.59367 -10.6789
0.162673 -5.81375
4.34465 -6.32187
4.95371 -10.2904
3.51331 -10.567
4.74365 -6.11277
2.43859 -6.89805
-0.466584 -6.69644
0.965942 -11.0839
2.00991 -11.1649
5.68695 -10.6491
8.54124 -9.19734
1.65005 -11.148
0.675725 -5.88569
0.541662 -11.0242
4.4364 -6.27698
3.91399 -6.50947
-0.642163 -6.64456
3.88924 -5.2635
2.30453 -11.1702
4.72555 -6.12313
4.28759 -10.4418
2.77284 -10.6298
4.45498 -6.26761
3.07853 -6.7743
5.49258 -10.122
-0.794916 -10.7244
2.02021 -5.86189
0.847739 -5.89982
6.67743 -9.63979
0.916856 -5.90409
-0.00755506 -5.78005
3.7036 -10.5413
3.64594 -6.60802
6.75013 -10.2416
2.7928 -10.6209
3.95047 -5.23038
5.28473 -10.1887
0.133691 -5.80341
-0.591795 -10.2641
-0.564171 -6.66819
2.21166 -10.6429
3.68788 -5.36538
1.83138 -5.88409
2.89498 -5.66885
-0.191007 -6.76839
1.4216 -11.1312
1.48697 -11.1365
1.94436 -11.1627
1.24515 -5.91328
-0.605593 -10.7769
0.35156 -10.9907
2.50129 -11.1694
3.87409 -5.27154
1.09105 -10.5805
-0.745924 -10.7318
1.07226 -5.91075
1.61495 -5.9084
1.58816 -10.6227
2.93094 -5.66193
5.62449 -10.6692
1.10687 -5.91168
2.37012 -11.1703
3.61154 -11.0988
5.04151 -5.93197
1.8144 -5.88578
4.59998 -6.19222
1.71096 -5.89496
5.87359 -10.5866
-0.141528 -5.74976
2.12301 -5.84712
-0.0122876 -6.80896
2.84012 -6.82801
3.3506 -11.1256
0.0276353 -6.81738
6.33351 -10.4154
4.08654 -5.15306
1.57438 -11.1467
4.56161 -10.383
-0.250141 -6.75392
3.09865 -6.76934
4.84862 -6.04798
0.16745 -6.84501
-0.325663 -5.70314
3.61121 -10.5539
4.48447 -10.4032
2.56379 -5.76168
3.19726 -6.74406
3.83879 -11.0703
3.12797 -5.59703
3.58814 -6.62753
-0.427319 -6.7074
2.24234 -5.82756
8.17393 -8.73801
4.89477 -10.3007
4.10402 -10.4769
7.31578 -9.9617
7.63316 -9.10716
2.62159 -5.74567
1.43496 -5.91036
3.74207 -6.57421
-0.289007 -10.857
1.86581 -5.88052
2.07354 -5.85392
0.287977 -6.86653
2.63111 -5.74539
-1.15817 -10.0954
5.96208 -9.95229
0.936342 -10.5627
7.60319 -9.80395
0.606844 -5.87862
-0.950571 -10.161
5.99066 -9.9411
-0.0741181 -5.76533
4.49153 -6.24905
-0.921192 -10.1699
-0.137859 -10.3763
1.16139 -11.1065
0.512618 -11.0184
4.88482 -6.02987
2.80011 -6.83613
5.37374 -10.1608
2.19615 -6.92831
0.809461 -5.89796
5.56194 -10.6888
2.8976 -10.6228
3.76543 -10.5324
6.56443 -9.69373
0.89413 -6.94295
0.572434 -5.8748
7.60702 -9.12369
1.40293 -6.96642
2.71994 -6.8516
2.76431 -5.71064
6.11969 -10.4981
0.0268341 -5.78717
