9.83002 -8.07007
9.87552 -8.02206
9.18533 -8.6846
9.47862 -8.4193
9.62149 -8.28173
9.73801 -8.16512
8.6999 -9.07913
9.57418 -8.32792
9.1353 -8.72771
9.28452 -8.59732
9.30878 -8.57561
9.08498 -8.77048
9.89781 -7.99828
9.85248 -8.04646
9.33368 -8.55316
8.88165 -8.93744
8.67323 -9.09935
9.60498 -8.28741
8.72573 -9.05941
9.40649 -8.48661
9.71514 -8.18833
9.52656 -8.37378
9.45489 -8.4416
8.82994 -8.97845
8.95832 -8.87557
9.25948 -8.61958
9.11054 -8.74883
9.21416 -8.65444
8.85545 -8.95829
8.93308 -8.89608
9.35778 -8.53128
8.90702 -8.91711
9.8065 -8.09509
8.64727 -9.1189
9.06008 -8.79143
9.66848 -8.2352
9.64469 -8.25883
8.80605 -8.99475
9.50298 -8.39625
9.23508 -8.64113
9.00934 -8.83367
9.69151 -8.21215
9.78418 -8.11776
8.77797 -9.01911
9.03427 -8.8131
9.43019 -8.46487
9.9428 -7.94977
