13.88 -8.32
-8.07 -8.47
1.75 6.03
7.48 -1.22
-2.14 -9.37
-3.46 9.21
1.95 3.44
13.17 3.04
8.08 -10.12
-0.39 -13.58
-5.6 -14.82
-6.63 5.18
2.19 -1.88
0.82 -5.82
-6.7 2.62
8.24 6.84
4.94 2.93
0.16 3.44
0.95 6.2
-1.19 -4.53
-3.48 -0.46
-8.15 -8.5
0.01 -11.8
-9.27 -8.03
8.82 -4.98
12.75 5.93
-2.54 -0.03
14.92 -4.8
11.7 5.54
10.18 5.65
-3.89 -6.39
-8.6 2.6
5.49 0.46
-9.04 -1.34
4.42 4.2
6.84 -4.52
3.46 -13.04
2.4 3.48
8.68 -12.36
1.78 -2.99
-8.08 -5.07
13.27 -11.56
14.75 -12.5
-5.63 5.46
2.72 1.54
12.46 4.28
5.72 -14.88
8.44 4.65
8.77 3.44
-8.55 8.11
9.34 -12.36
-2.1 -10.19
-8.14 7.17
-8.1 -8.73
12.58 -6.84
-1.32 -1.66
-7.52 -6.03
11.08 -0.5
11.85 2.53
4.73 -6.47
-3.91 -7.87
7.29 4.33
14.02 -3.18
-9.71 -6.75
-5.62 -6.61
8.65 7
7.77 0.75
7.02 -14.37
-9.06 4.48
12 -10.08
0.12 -2.65
2.5 -6.78
-3.8 3.49
-6.69 -9.09
1.9 -4.35
-6.92 0.08
4.37 9.95
-7.04 -5.32
-0.33 -5.76
8.91 1.39
9.52 -10.81
-9.86 6.76
0.85 8.56
12.97 7.13
13.57 -11.73
13.85 6.42
-9.73 -3.3
13.77 0.4
0.18 -2.77
-6.96 -5.52
7.12 -0.96
2.89 -1.09
7.73 -14.28
11.9 -2.25
8.52 -3.21
10.33 -7.49
-9.57 -0.24
-8.92 -3.85
9.6 -0.38
1.62 2.71
