23.5 25.15
11.27 22.01
16.64 10.76
14.36 10.64
6.05 19.55
25.83 9.24
12.29 17.39
29.1 7.88
6.23 7.78
3.09 16.29
21.44 29.77
6.45 27.55
5.78 22.08
14.23 14.27
20.03 37.83
3.63 16.26
8.71 32.92
15.71 21.1
11.45 38.1
19.65 12.25
24 7.23
26.91 18.29
8.46 9.53
5.7 26.54
15.86 4.51
5.48 9.69
7.77 5.46
20.76 32.28
20.13 14.53
5.96 34.32
23.79 13.26
3.48 24.07
4.8 7.96
23.46 19.86
11.54 13.48
13.69 26.05
4.78 7.68
27.57 17.5
18.15 20.94
15.44 19.28
15.38 5.25
11.34 26.53
6.72 14.08
23.18 27.56
26.93 17.75
12.88 4.48
18.29 25.52
27.65 15.68
24.14 37.46
6.25 7.96
12.57 22.86
17.92 19.89
5.35 35.39
7.23 20.55
13 10.45
28.37 20.29
23.24 24.74
15.06 31.59
25.99 4.62
27.52 10.84
24.09 4.02
13.69 21.5
23.02 17.32
27.74 5.75
4.33 15.45
20.65 8.87
25.92 39.5
5.84 10.85
14.65 7.7
20.51 14.68
4.17 17.63
18.83 34.25
11.93 37.71
22.17 11.11
6.5 8.77
20.21 31.83
4.22 7.76
26.49 11.2
18.9 4.63
3.06 24.05
3.56 26.81
5.99 14.13
19.82 16.26
16.12 23.96
4.06 11.86
17.07 13.31
4.27 5.27
14.77 28.47
22.8 6.14
7.57 20.36
22.02 19.95
7.73 13.58
6.02 31.63
26.23 39.48
8.27 4.76
7.27 19.98
13.14 23.04
9.46 11.09
8.9 16.95
15.95 24.98
14.11 14.76
20.08 23.12
18.66 21.78
4.83 17.91
27.58 17.82
12.78 9.69
19.69 20.91
8.42 8.67
16.84 7.17
19.25 31.25
14.07 36.6
14.63 19.01
25.91 23.02
25.56 19.25
25.01 9.15
15.68 26.84
13.93 24.82
17.61 24.98
29.37 7.81
22.71 9.63
11.78 27.96
12.5 22.65
17.27 18.89
20.21 12.71
22.14 17.25
7.58 8.05
6.58 12.3
11.57 15.83
15.93 19.13
4.5 27.46
17.71 30.28
20.25 6.3
13.91 14.24
21.35 24.99
12.31 5.82
3.84 9.51
4.95 33.82
12.2 5.42
19.68 4.87
14.83 14.11
6.37 33.86
8.26 8.77
9.82 8.18
24.44 10.08
11 28.86
13.17 6.31
12.64 34.94
6.68 4.84
11.29 17.89
21.61 14.35
23.77 25.81
7.5 18.64
29.13 17.18
14.87 13.52
9.6 21.07
16.56 28.61
23.42 25.06
6.66 31.07
9.82 33.37
27.63 11.35
9.55 35.79
19.65 26.45
25.79 29.87
8.55 34.67
11.87 33.36
14.87 35.35
21.77 39.78
25.63 23.74
12.08 13.57
6.42 7.9
13.33 39.58
26.83 38.67
10.29 9.32
11.99 17.88
15.09 33.69
5.08 17.24
27.7 11.77
20.39 13.36
9.23 15.92
5.23 37.92
10.06 14.27
10.33 13.81
25.43 4.32
26.52 26.94
17.26 24.23
10.21 16.34
13.36 31.34
22.97 17.31
15.79 19.34
23.55 4.18
8.5 6.12
8.2 11.24
9.75 22.63
27.23 17.24
15.93 30.37
15.09 33.25
4.9 5.34
16.14 19.13
20.17 20.04
21.7 5.3
