8.26 25.11
19.86 33.24
14.19 37.1
12.58 36.23
14.62 31.53
7.91 24.12
20.11 38.45
4.52 27.77
22.63 29.09
20.87 26.59
14.36 23.22
3.29 33.8
6.07 28.95
13.19 22.88
20.23 23.16
21.03 27.31
3.34 24.86
24.46 34.59
24.52 36.76
14.83 23.38
13.41 24.9
20.73 31.29
18.74 22.3
24.49 21.8
5.42 19.53
27.97 24.27
27.43 21.92
13.43 35.08
7.85 23.78
18.14 28.55
18.39 19.45
18.82 22.33
22.89 33.4
24.61 38.93
28.89 25.26
20.38 33.25
22.79 27.32
27.16 24.41
21.92 35.7
14.29 30.09
6.24 34.96
16.49 24.31
12.19 32.95
18.26 20.81
7.49 27.95
13.15 39.38
8.46 26.41
26.41 25.84
3.63 27.03
15.15 23.09
3.63 35.42
7.02 26.58
4.98 19.24
4.68 17.94
14.2 34.17
21.93 37.83
5.86 18.2
8.19 27.95
13.49 21.09
18.86 29.02
18.11 34.14
5.22 15.71
9.39 19.51
11.16 21.2
11.05 25.9
3.01 12.41
26.91 36.88
11.56 23.01
24.99 28.04
26.02 24.14
17.8 22.96
22.14 38.22
11.56 29.02
22.87 37.04
15.88 37.58
24.27 24.98
6.05 25.94
17.6 38.06
24.47 27.47
4.27 33.79
27.41 27.36
15.24 24.26
25.22 24.59
