0.76019 7.55271
-2.25825 4.7624
-0.378863 4.87413
4.35912 5.01677
0.966518 4.50791
0.885643 4.54113
0.00518482 7.74068
-2.87311 3.63833
-3.18418 3.44691
-6.87059 5.86314
-4.40301 7.41673
0.903636 2.15761
1.12611 4.43777
-2.61401 3.77996
1.11998 4.45244
-2.16554 7.89726
3.00968 3.01124
-6.64103 6.07273
3.08139 2.92508
4.51382 5.59805
-3.71401 7.64021
2.49571 3.53868
-6.40315 6.27224
0.348386 4.72416
-7.63097 5.01916
2.39893 3.62341
3.09907 2.90327
-3.41868 7.31015
-0.625432 4.90064
-5.42821 6.45185
-6.70081 5.43181
0.812075 2.16575
-3.41845 4.28529
-0.531007 4.152
-0.436803 4.88148
-2.25896 3.9279
0.704508 3.86568
2.14551 7.03266
1.33513 4.33636
-1.75684 4.5856
0.103493 4.05194
-3.00409 7.40319
-0.864438 4.16633
-2.15924 4.78711
2.4862 2.62355
-6.38695 5.72473
-0.538354 7.83382
-3.95337 7.15146
-3.89255 7.59003
0.612121 3.90038
2.71269 3.33323
3.9847 5.98482
4.30902 5.06499
5.38798 4.84918
-4.05873 3.83602
-7.44819 5.24667
4.20665 5.29732
-0.17522 4.10774
0.294942 4.0026
-1.77309 4.8608
3.02258 6.09389
-3.86121 3.99246
-1.93113 4.83552
-1.57761 7.91216
-0.580402 4.15578
-0.105536 4.83051
4.70844 4.65804
1.52464 3.44769
-1.54188 4.89106
-4.11571 7.5193
-1.71567 4.8707
-7.05829 5.04153
3.71492 6.16592
0.401596 3.97114
2.28064 2.84111
-4.7506 7.27444
2.69252 3.35329
-3.29041 4.35697
2.41402 2.70322
-0.20753 7.41268
2.03231 3.06993
2.29999 3.70601
2.69369 6.3023
0.382929 7.65511
-4.10417 3.79745
1.77104 7.1955
2.57619 6.37213
0.77678 4.58241
-2.46672 3.8463
0.217762 7.69462
-2.54627 3.81138
-6.84386 5.28259
-7.07348 5.02359
-0.639772 4.9018
-0.0421479 7.75021
-1.76533 7.53566
0.209772 7.32579
-7.01331 5.09395
-2.96455 3.59076
-2.73098 4.61197
-2.11856 7.90006
0.727521 3.85667
-4.13779 3.76825
4.00742 5.96907
-2.60733 4.6567
0.790783 4.57815
2.82138 3.22137
2.04138 3.06215
-0.850779 7.50184
-1.95425 7.90763
-1.07432 4.16182
2.53808 3.5003
-0.24862 4.11933
-6.4217 6.25703
-2.49868 7.48269
-1.78735 7.53512
-0.309754 4.128
-6.04272 6.54405
4.66212 4.70792
-3.80245 7.61644
1.16553 4.41948
2.11377 6.62421
3.61708 5.66459
-1.5275 4.8933
-4.27059 7.46574
-3.6928 4.11261
0.515728 4.67398
0.384635 7.28249
-1.56578 4.10929
2.05183 7.07495
-1.91699 4.83814
2.4639 3.56712
3.95333 5.38811
2.28919 3.71506
2.43026 2.68561
2.54318 6.84188
2.84364 6.68467
-2.51236 3.82652
3.78249 6.12152
-4.4469 7.39989
2.90735 6.16913
-6.7658 5.961
-2.04568 4.81267
-4.07478 7.53092
1.68894 4.13831
4.52028 4.85612
1.86493 7.15622
-3.75346 4.07065
-5.8862 6.65172
2.42066 3.60473
-2.8242 3.6721
5.14641 5.07201
-2.42307 7.8769
0.945953 7.11553
-2.37626 7.88124
-1.2962 4.14549
-6.58648 6.12002
1.65393 7.24303
2.14198 3.83007
-3.08079 3.51727
1.86307 3.20804
-1.48315 7.9105
0.626565 4.63739
2.56941 3.47139
-1.47504 7.53679
3.39653 6.36684
-3.86847 7.1797
-7.11785 4.97051
1.44756 6.92805
4.31746 5.74672
2.30606 2.81571
4.98108 5.21703
-1.42595 4.90241
0.194457 7.69994
-1.95982 4.83007
-2.2865 4.75495
1.16413 3.65714
2.43133 3.59549
-2.17366 4.78365
2.17653 2.94115
-0.191787 4.84592
-1.15267 7.8961
-2.38482 4.72749
2.44641 2.66793
-7.15915 5.57267
-7.33789 5.37564
-0.450887 7.45277
-5.13772 6.62404
-2.81286 4.58015
2.67436 6.31395
-3.13274 3.48252
-6.45851 6.22732
2.5561 6.38383
-5.7475 6.74226
-1.68723 4.08694
-0.944353 4.92128
-2.75833 4.60154
-2.216 4.77323
-1.34195 7.906
-2.68979 3.73972
-2.18825 7.51398
4.15867 5.20571
-1.44029 4.90127
-3.84754 7.60338
-3.78326 7.20687
3.51053 6.29645
-5.00652 7.15619
2.3443 3.6695
-3.12086 3.49117
-3.06767 4.46936
-0.584186 7.47144
0.374581 2.20304
-2.69003 4.62722
0.477466 7.63104
2.18772 3.7951
-1.12047 4.91702
-2.03118 4.81572
3.45322 5.79012
-2.00133 7.90581
0.761774 3.84298
-7.1909 4.88077
4.07384 5.28239
3.01865 3.00066
0.0291924 7.73575
-2.66252 4.63722
-1.45505 4.90002
-1.83202 7.53383
-3.05458 4.4755
1.15334 3.66275
0.736137 4.59854
-4.14281 7.08412
3.59871 5.67895
1.64668 3.36647
-2.71747 4.61705
-3.88491 3.9746
-3.34926 7.73069
-2.07718 7.522
1.84976 6.75331
-6.23419 6.40399
1.18593 3.64568
-1.09906 4.16059
-3.3547 4.32165
-0.523874 4.89121
-1.95217 4.02461
-3.93116 3.93758
-1.36525 7.90692
-4.90043 6.75117
1.53827 6.8916
-3.00126 4.5
0.925021 7.50268
0.66622 7.20413
-1.2224 4.91426
-0.551436 4.15176
-0.407818 4.8779
-2.20059 3.94842
-2.71989 7.45227
-2.45364 4.69513
1.92971 3.15524
0.221701 4.75817
-1.88022 4.04342
-0.567254 4.89549
-3.82534 7.60985
-2.80231 3.68409
-6.28357 5.82161
-2.46985 7.87228
0.165923 7.33601
2.17116 7.02158
-3.50688 4.23257
1.23111 7.40126
-4.35902 7.4333
2.26349 2.85803
3.30505 5.89878
-1.15046 7.53004
1.88225 3.19304
-3.64369 4.14554
0.0310115 4.06826
-1.51976 7.53734
0.0371738 4.80168
-1.6578 4.87845
0.75002 4.59342
-3.41721 7.71587
-2.7695 3.70173
-2.17709 3.9564
1.95539 3.96508
-2.88943 3.63527
0.347256 2.20121
-1.25156 4.91308
1.09962 4.44984
-4.96002 6.72034
2.68254 3.36314
4.09199 5.26632
-0.260591 4.12112
4.47034 5.63152
1.45063 4.27548
3.11319 6.53225
-0.183483 7.77704
-1.8165 4.85549
-0.251762 7.42054
4.81518 4.54011
-2.85151 7.43091
-3.23847 4.38455
-5.38247 6.96018
-2.2708 3.92361
1.19186 4.40706
2.28588 6.96736
-2.74903 7.83875
-0.901405 4.1663
3.55615 6.2678
-0.642019 4.15969
-1.55361 4.11127
-5.17515 7.07166
-2.90747 4.54113
1.43364 6.93483
-2.70249 7.84506
2.26216 6.97856
-5.91211 6.12008
4.22601 5.14346
-2.99637 3.57121
-6.14445 5.93829
-2.35674 4.73583
1.61463 4.18272
-2.01709 4.81864
0.85297 3.80497
1.47612 4.26156
3.52959 5.73292
2.5868 2.50588
4.27341 5.77922
-0.0974322 7.39199
-6.1196 6.48883
1.61651 3.38707
2.76245 3.28281
1.32582 3.56857
-0.325551 7.80159
-2.13136 3.97103
-4.75996 6.82104
1.01004 3.73393
5.30808 4.9244
-1.03466 7.8877
4.1631 5.85926
-1.67206 4.87664
2.77249 3.27247
-2.60237 3.78554
-6.26652 5.83624
1.28322 4.36259
-1.05132 7.51861
4.14057 5.87538
-4.08151 3.81682
0.234414 7.32029
0.474157 4.68701
0.292098 4.73969
-3.5907 7.26401
2.64175 3.4029
1.42115 3.51239
2.46245 2.65018
-1.27413 7.5311
-6.03796 6.02357
-0.839672 4.16617
-2.49288 7.8699
3.54447 5.72092
4.96052 5.23468
4.14198 5.22094
-3.34161 4.32877
0.784655 3.83366
3.02892 6.58243
-3.69471 7.23442
-0.761613 7.4927
1.78722 4.07696
-2.56891 3.80105
2.21685 6.57127
0.377928 3.97837
4.84532 4.50604
4.11866 5.89099
1.529 4.23547
-4.49516 6.94241
-4.12672 3.77793
1.49739 2.09711
3.00545 6.59561
2.44229 3.58595
0.64489 7.21044
2.47203 6.87716
-1.34545 4.14024
0.556581 4.65884
-2.01168 4.00797
-3.2513 4.37782
3.74251 5.56452
0.52983 4.66948
-3.07098 7.38978
1.33632 3.56253
-6.81236 5.31621
-4.33731 7.44136
4.21041 5.58687
-7.38535 5.32087
3.96261 6.00003
0.818018 4.56773
2.94588 6.14425
1.35757 3.55018
-2.29894 7.50437
2.34538 6.5103
-2.69748 7.45566
-0.814908 4.16586
1.2075 7.40933
0.954322 3.75995
-0.806186 7.4974
-5.27922 7.01677
-0.479729 4.88766
1.97909 3.94859
-6.47723 6.21193
0.00678964 4.07343
-5.8942 6.13345
0.139449 4.04337
-0.916615 7.8776
2.73274 3.31307
2.12305 2.99017
1.77483 4.08485
-1.10536 7.89293
-3.95503 3.92035
-2.02089 7.90643
1.20501 4.4005
-4.96352 7.17723
1.93219 6.71427
-4.00147 3.88321
0.0912559 4.05479
3.06048 6.06855
-1.83069 4.85317
-3.37535 7.32106
3.07264 2.9358
1.03328 4.47932
0.122636 4.78241
-0.73966 7.4903
-5.19578 7.06094
1.83278 3.23097
2.59563 6.36074
-3.22617 4.39493
-3.09109 3.51047
-3.33196 7.3317
-5.50561 6.88984
2.60929 2.47843
-7.20561 4.86235
0.0656978 4.79541
0.993036 4.49614
-3.54771 7.27595
-0.698016 4.90611
3.37328 6.38098
3.91772 6.03075
1.94859 3.13991
2.44904 6.88852
2.02295 3.07792
-0.889203 4.16634
-1.04823 4.16327
1.5599 7.28004
-6.71716 5.41519
-1.01264 4.16423
-2.36338 3.88859
-7.12594 5.60778
2.37307 2.74679
-4.45397 6.96012
-5.8211 6.18711
-1.08687 4.16121
-2.70313 3.73618
2.07504 6.6441
1.66679 3.35254
1.32624 4.34721
1.10271 7.05903
-6.93716 5.1804
3.76021 6.13624
0.0998331 7.72084
-4.79364 7.25537
-3.22352 7.35706
-0.160156 7.77277
-0.135994 7.76834
2.41722 6.46286
-6.65877 6.05715
2.09583 3.86458
-1.08201 7.89128
2.56529 6.83042
-1.29509 4.911
5.20733 5.01708
-1.93105 7.90842
-0.296028 7.42816
-3.7292 4.08761
-0.0537136 4.08572
2.11895 3.84738
0.115369 4.04914
-1.65094 4.09402
1.05264 7.07888
4.59943 4.77425
-0.741514 4.90889
2.82077 6.697
1.14226 3.66848
-1.701 4.87273
0.100388 7.3508
2.35749 6.49587
-2.59149 3.79058
-0.163329 7.40457
3.00317 6.10673
-4.0703 3.8263
0.179423 4.76876
-6.02033 6.03737
-6.69464 6.02535
2.31464 2.80704
1.84775 4.03772
0.432519 4.69978
-2.70355 4.62221
-1.92822 4.03103
-0.134257 4.83581
1.98533 3.10939
-0.887359 4.91543
-1.30951 4.90983
-1.97607 4.01804
2.51647 6.40672
-6.47074 5.65455
-0.538188 4.89266
-2.28229 3.91941
0.640158 4.63272
0.144304 7.34095
-0.420227 4.14143
-1.74249 7.91236
2.13579 6.61329
-0.0780344 4.09041
4.42357 4.95342
3.07512 6.55626
4.61561 4.75732
-1.51689 4.11722
-7.24105 5.48414
5.2479 4.98004
1.9077 3.99772
-7.28947 5.43041
-7.64557 5.00039
-6.32836 6.33153
-3.00385 7.7991
3.06359 2.94682
-1.43848 4.1299
1.04323 3.718
-1.40828 7.53549
-0.987307 7.88386
4.34203 5.03324
-0.711758 4.90934
-6.81842 5.91233
0.375614 7.27729
-6.1618 5.92407
-6.42041 5.70066
1.60423 2.08491
-2.0106 7.52601
-3.03874 3.54453
-0.989313 4.91747
-0.770669 4.91054
-3.09419 4.45677
0.872321 4.54648
-0.340327 7.43552
-3.59894 7.67165
-1.07333 7.52013
-4.20535 7.06055
-6.93986 5.79629
-6.60489 6.10415
-2.11678 4.79701
-1.0037 4.91759
-4.41267 6.97757
0.127618 4.04623
-0.656436 7.84935
-4.26768 7.0364
-7.1423 5.59059
2.13177 2.98216
-4.86036 6.7715
-0.297661 4.12636
4.36138 5.714
-6.76497 5.36595
4.32579 5.0489
-5.36212 6.9715
-0.691494 4.16217
-1.17703 4.92434
3.79559 5.5211
2.55682 3.47975
-5.50684 6.40116
5.32843 4.90539
-6.24719 6.39946
-3.07283 7.78685
0.306391 4.7358
1.08655 4.45574
2.93879 6.15092
-2.72531 3.72485
2.95439 3.07526
1.60148 6.86473
-4.71948 6.84046
-0.00926692 7.37427
0.99614 7.48011
-1.67205 7.91269
0.0346473 7.36505
2.48053 2.63075
-1.77189 4.06907
1.35576 3.90259
-0.567877 4.15487
-2.27259 4.75865
-7.57079 5.09609
-2.58629 7.85954
3.2128 6.47673
-4.92013 6.74105
1.96738 3.12449
-2.23578 7.89249
1.88372 4.01386
1.93496 7.12625
-6.44028 6.24221
-2.82626 4.57477
-5.56642 6.85394
2.51695 3.51954
-1.53036 7.91147
2.40588 2.71194
0.598935 4.64677
4.05696 5.29742
1.57691 4.20478
-2.16549 3.96027
-1.00666 7.51533
1.32853 6.97664
3.15538 6.00409
2.30891 6.95642
-4.1008 7.09957
-4.67888 6.85961
0.430201 7.64321
1.82353 4.05355
-6.10048 6.5028
4.10799 5.25175
-3.15344 3.46834
-0.756278 4.16098
-0.666753 4.161
2.75268 3.29282
-5.09839 6.64593
1.54523 3.43438
-5.72912 6.2526
4.87661 5.30579
1.80498 3.25248
-6.15787 6.46096
-4.28882 7.02805
2.50199 2.60561
0.507408 3.93704
-3.32531 7.65273
1.45215 3.49336
1.44265 7.32473
-2.21084 7.51215
-3.65583 4.13751
-6.58692 5.5446
0.543515 4.66506
-1.69955 4.08446
4.40754 4.96927
-3.24498 7.35218
-1.48034 4.12275
2.611 3.43231
-0.306751 4.86411
1.73639 3.30311
-4.87939 7.21641
-2.97507 3.58435
-7.51179 5.16518
1.29024 2.11966
1.22933 3.62243
-0.851161 4.16643
-2.90008 3.62909
2.22031 2.89984
-0.968145 4.15849
-2.3751 3.88396
-4.94038 6.73058
4.02945 5.95376
0.297329 7.30463
2.65843 6.78269
-1.09128 4.91742
-3.12063 4.444
-0.753188 4.16447
1.29361 3.58689
-2.88839 7.81815
-5.48492 6.90185
-4.94309 7.1866
-5.09108 7.11447
2.9076 3.12788
-5.25494 6.55683
1.13147 3.67402
-1.28406 4.1467
1.4897 7.30699
-0.876638 4.16635
-3.05008 7.79096
4.55217 4.82338
3.21167 5.965
2.77434 6.72184
-5.64739 6.80489
-2.74486 4.6067
-0.802708 4.16566
-1.16073 4.15687
-5.05889 6.66758
-6.17729 6.44661
-0.963162 4.16551
0.784138 7.54564
0.0420989 4.06558
-5.1539 7.08259
0.271094 4.00925
-6.19688 5.89504
0.925467 7.12248
-1.78766 4.86006
2.6005 3.44226
-0.756304 4.90974
2.10504 3.00635
-5.9659 6.07946
-0.11281 7.76392
-5.66725 6.79265
1.21835 3.62837
-4.68614 7.30239
3.81513 5.50528
-3.21238 4.39808
2.63505 6.33745
0.581435 7.22904
-5.42365 6.93701
-2.44085 4.71081
3.09039 2.91403
-0.821885 7.86827
3.46484 6.32486
-1.38705 7.53473
-4.29318 7.45751
-1.57084 4.88876
-1.29681 7.532
1.39272 2.10869
2.20282 2.91648
2.61188 6.80667
-2.51042 4.68904
1.23998 3.61664
1.91074 3.17047
-3.6683 4.12916
2.86952 3.16971
-6.53972 6.17058
2.36629 3.65109
-1.1979 4.1542
-4.0165 7.12968
4.6216 5.51368
1.06651 7.45717
1.50153 4.24752
-0.728434 4.16366
2.88862 3.14884
-1.25941 4.14903
3.11751 6.03004
2.12244 7.04317
-1.92134 7.53045
-2.95757 7.80695
-1.94321 7.52948
4.85583 5.32318
-3.96685 3.91099
0.838864 7.15072
-0.672926 7.48253
-1.98797 7.52723
-2.79576 3.80341
-7.6753 4.96117
-1.78416 4.06633
1.93223 2.0461
-4.59939 7.33886
-3.61899 4.16176
0.911574 4.55319
-0.0340787 4.8166
-5.23757 7.03899
1.07429 7.07124
-2.55776 3.80616
-2.98333 7.40704
-3.11898 7.77829
-3.21479 3.42509
4.03953 5.31286
4.53519 5.58148
-4.77986 6.81138
3.13618 6.01727
1.4632 4.26864
-0.422521 4.87974
3.86618 5.46232
-5.85773 6.16041
0.389594 3.97482
-2.27726 7.50635
-1.90424 4.0373
-2.04837 7.90371
-3.622 7.6657
4.38298 5.69781
-1.54135 4.11333
-2.16631 7.5157
0.165033 4.77228
4.56781 4.8072
0.376462 4.71616
1.87253 3.20066
-0.609064 7.84333
-3.46922 4.25535
-6.87516 5.24875
1.32531 7.36783
-6.62272 6.0887
0.073366 7.72532
1.184 7.41759
2.19417 2.92463
-1.36356 7.53429
-6.88825 5.84625
-0.974501 4.91731
-5.34114 6.98309
0.483927 3.94486
-1.06213 4.16237
3.93615 5.40289
-2.45544 3.85108
-4.97976 6.71906
-1.38216 4.13593
-0.678941 4.1616
2.22161 3.76872
-0.383485 4.13729
-1.39685 4.90463
3.36099 5.85826
-1.71151 4.08201
2.6622 3.38307
-2.91123 7.81452
0.390278 4.71216
0.565712 3.917
4.63087 4.74116
-0.205977 4.84831
-5.07896 6.65661
-4.47488 6.95117
4.70742 5.44504
1.16078 7.42554
-3.78949 4.04504
0.247208 4.01576
0.997364 2.14894
-6.97418 5.76251
-0.517171 7.46234
3.98803 5.35805
2.4957 6.86539
-1.55654 4.8903
3.48537 6.31181
2.19232 7.01114
-3.49447 4.24013
-2.50567 3.82784
1.25144 3.61049
-7.52528 5.15291
0.948954 7.49515
-2.03549 4.00103
-2.07423 4.80652
-6.68488 5.44789
-4.88098 6.76088
1.13687 7.43366
1.34934 6.96849
4.02257 5.32782
2.72786 6.74643
-2.84601 3.65997
4.33912 5.73063
0.406181 7.27688
-2.23552 3.93628
1.7479 7.20502
1.87187 4.02176
-0.463783 7.45598
-1.83681 7.91095
-2.1424 7.89868
-6.23179 5.86576
-1.57782 4.10725
2.45433 2.6592
-1.2 7.89899
-6.73299 5.399
5.06411 5.14492
2.39767 2.72076
-0.224131 4.11561
2.31735 6.51772
1.79892 7.18542
-2.62135 4.65183
0.362549 7.2882
0.73693 7.55951
1.76708 6.79144
-5.72779 6.75477
-0.494171 4.14881
2.63168 3.41266
0.593231 2.18371
-2.4688 4.70221
2.27767 3.7241
-5.2352 6.56836
-0.0533297 7.38326
-5.83917 6.17398
-0.963975 7.88186
-4.16347 7.07641
0.187508 4.03141
-1.67526 4.08931
1.36097 4.32305
-3.735 7.63542
1.67674 4.14572
-3.04109 4.48178
0.912665 4.5302
3.09788 6.54328
1.84379 3.22295
0.595247 7.59956
1.99333 6.68462
0.807482 3.82422
-3.98233 7.5625
-5.68766 6.77997
0.0793641 4.05752
-3.19296 7.35796
2.72167 3.32244
2.52535 2.57872
0.406911 7.64911
-1.43032 7.53598
-6.90626 5.21469
-4.30932 7.01988
1.81799 7.17598
-6.85343 5.87941
2.16755 2.94949
-1.45582 4.12626
-2.48255 4.69789
-3.27973 7.74619
-4.49069 7.38276
-5.40879 6.46397
3.32396 5.88517
2.19633 6.58201
-0.248782 4.85589
-0.199663 4.11174
-0.774517 7.86319
2.37709 3.64198
1.93159 3.98146
-4.46849 7.39148
1.76773 2.06552
-6.45417 5.66983
1.5962 3.40074
2.97294 3.054
3.34229 5.87189
-4.73941 6.83094
1.39986 3.52515
-3.58195 4.18566
-3.09254 7.38536
-3.57654 7.67736
-3.76221 7.2134
-6.27209 6.37512
-4.43364 6.96874
-6.02301 6.55794
0.900147 3.78482
-6.90533 5.82982
2.59425 2.49684
-5.217 7.04984
-5.70745 6.76759
0.199326 4.02838
-2.73655 3.71904
-5.27407 6.54557
4.77109 5.39327
3.58084 5.69284
-0.555699 4.15396
-3.48167 4.24787
-5.65464 6.30402
-2.30557 3.91077
-1.07651 4.91735
-3.55702 4.20146
-2.87381 7.42704
-3.93186 7.15872
1.14136 2.13494
-4.16017 3.7485
-0.617294 4.15823
-5.92556 6.6252
0.558162 7.23547
3.77811 5.53547
-2.52116 7.47991
-3.64437 7.65986
-2.30632 7.88719
-0.872554 4.91496
1.71364 4.12316
2.94521 3.08571
1.38916 3.53154
-6.53754 5.59194
1.68682 3.33851
-0.00546856 4.81073
-2.51659 7.86738
4.73923 4.62445
-0.727155 4.90801
2.63482 6.79489
1.39153 6.95177
-3.78021 7.62277
2.62118 3.42263
2.05972 3.04628
3.44231 6.33878
3.05169 6.56956
-2.15354 3.96422
-0.514048 7.83052
-6.17962 5.90937
-3.531 7.68874
-3.17991 7.36676
-7.27354 5.44821
2.25729 6.54993
-2.94766 4.52381
2.51907 3.19784
-1.40673 4.13285
-3.63586 4.16637
2.09512 6.63398
3.66956 6.19538
0.796156 3.8289
-3.92009 3.94766
0.988802 7.101
-6.74782 5.97742
3.30478 6.42225
0.509153 2.19003
-1.84431 4.05227
-5.82715 6.69081
-3.38034 4.30719
-2.91779 7.41922
0.188177 7.33086
3.24923 5.93857
-3.44388 4.2704
-4.90044 7.20664
-2.88047 4.55252
-4.80032 6.80136
-2.35198 3.89304
-2.62508 3.77467
-1.26593 4.91244
1.76278 4.09248
-1.4679 4.12455
-7.20835 5.51983
0.418285 4.70393
-3.89654 3.96575
-5.31281 6.52252
-3.5264 7.28179
3.47132 5.77653
2.47032 2.64141
2.2377 2.88313
4.91865 5.27033
-3.67661 7.23924
-4.66418 7.31174
2.70277 3.34312
-6.31805 5.79173
-1.01851 4.91767
-1.90715 7.90917
1.78424 6.78302
4.22924 5.8115
-1.19322 4.91527
2.23911 6.98938
-2.40952 3.87013
-6.82836 5.29918
2.38121 2.73821
-0.114387 4.09716
-1.62484 7.91256
-6.2907 6.3608
0.0941856 4.78899
2.27201 2.84958
-0.858177 4.91446
-1.45982 7.90994
0.170457 7.70534
-0.917374 7.50799
-7.14732 4.93467
4.86064 4.48862
-2.53509 3.81641
-2.9745 4.51199
2.09868 7.05393
-2.22404 3.9403
2.03776 3.90695
-1.1732 4.15602
-0.125583 4.81958
-2.54299 7.47714
0.0801517 4.79217
-2.91103 3.6227
1.39941 4.30292
1.98186 7.10585
0.341035 7.29368
-4.62051 7.33027
-4.81482 7.24586
-5.87572 6.14716
-2.39905 4.72333
0.845193 4.55717
-0.0654696 7.7548
4.6428 5.49685
0.864141 3.80015
-2.58727 7.47133
1.01936 7.4726
0.881873 7.13678
-3.5695 7.26994
3.19011 6.49
-6.07362 5.99539
-4.1383 7.51171
-0.102382 4.09497
1.95233 6.70456
-5.37032 6.48771
-0.00515473 4.07593
1.87008 6.74378
5.22814 4.99835
-7.43233 5.26558
1.00989 7.09376
-2.67572 7.45889
-7.02566 5.08086
2.02874 7.08521
-1.85949 4.84834
0.42717 2.19586
-1.18537 4.15514
0.612554 4.64217
3.87273 6.06123
4.83049 4.52284
2.07261 3.88166
-1.62925 4.10054
-3.02796 4.48784
1.27039 4.36896
-1.94569 4.83278
-3.35174 7.32716
-4.12151 7.09199
-5.57956 6.35442
3.88348 5.44774
-0.987888 4.16495
-1.50483 4.11908
-3.71945 7.22646
-6.3474 6.31659
-0.273131 4.12291
4.20947 5.15887
1.58357 7.27075
-6.66847 5.46435
-5.94834 6.09276
-0.141573 7.40048
-2.8298 7.4346
-1.20759 4.9148
0.571251 4.65599
0.654166 4.62791
-3.54423 4.20911
-0.361503 4.84108
-3.04876 7.39426
-0.187616 4.10979
-1.94078 4.02747
-2.69216 3.74173
1.55534 3.42778
-5.98442 6.06519
4.18496 5.84355
-0.592576 4.15662
1.24428 4.3818
0.318766 3.99583
-2.56599 4.67078
0.404493 4.70801
-0.334313 4.13124
0.72268 2.17334
-6.61976 5.5126
-1.10566 4.91724
-2.09465 3.98309
-1.26963 7.90313
-1.68675 4.87466
0.193387 4.7653
-0.384658 7.44263
3.93985 6.01564
2.54087 2.56061
3.50797 5.74882
-1.88394 7.90983
1.58011 6.87387
2.75214 6.26659
3.28228 6.43571
2.79222 3.25205
0.211485 4.02523
-0.148424 4.83835
-3.00121 3.99926
-6.53206 6.16625
-0.0294201 4.08089
-6.12656 5.95285
1.8959 4.00569
-2.57971 4.66667
-7.25834 5.46297
-4.51222 7.37422
-6.79677 5.33268
0.901777 7.50993
0.642483 7.58647
4.87526 4.47184
-5.13318 7.0932
5.16657 5.05392
1.00654 4.49089
-5.71029 6.26574
-1.85615 4.0494
-2.87846 3.64157
-1.24733 7.9016
2.05435 6.65446
0.424901 3.9638
-2.71439 3.73045
-0.396249 7.8129
1.71656 3.31739
-7.32165 5.39413
-1.49844 4.89612
2.18523 2.93303
1.79923 4.06926
-2.37098 4.7315
-2.00258 4.81864
4.17581 5.18998
-3.61252 7.25783
2.93571 3.09643
2.88834 6.18132
-3.14699 4.43107
-1.75997 4.0717
-0.799831 4.91201
1.473 3.48041
3.6531 5.6362
-0.364591 4.87225
-2.12175 7.51898
-0.0900265 4.09267
1.82439 2.0586
0.658328 3.88333
-3.83562 4.04284
-3.32562 7.73637
2.78221 3.26242
-1.35768 4.13881
-4.85768 7.22639
-5.56097 6.36669
-2.14371 7.5174
2.86871 6.19382
-1.12378 4.15921
1.97661 3.11686
-3.76537 4.06224
-3.91096 7.16571
-4.07944 7.10731
1.315 3.57476
-1.12935 7.89458
-1.03739 4.16337
2.05072 3.0541
1.13794 7.04842
4.49563 4.87898
-3.4854 7.69983
3.62412 6.22461
-3.26707 7.34709
2.51867 6.85391
-1.6092 7.53765
-2.49669 4.69343
1.81485 3.24502
-7.40086 5.30283
-2.11831 3.97563
2.71357 6.29026
-2.21084 7.51215
-0.605115 4.15745
2.08644 3.02826
-3.97423 7.14434
2.0756 7.06431
-2.98589 3.5777
-2.7915 3.68995
0.689711 7.57312
-0.372913 7.80924
-3.37145 7.72626
-1.23677 4.9137
-0.0316159 7.37886
2.84078 3.20071
-2.98094 7.80277
-3.5534 7.6832
2.03423 6.66446
2.54845 3.49078
2.35647 2.76413
1.99074 3.94041
0.413241 3.96752
1.43123 3.50619
-4.04747 3.84543
1.72663 3.31016
-2.81841 7.82883
0.979745 4.50233
2.09613 3.01428
0.719912 3.86052
-0.230835 7.78549
-1.86838 4.04638
2.3331 3.67881
4.8344 5.34104
-4.99979 6.69935
-3.01482 4.49586
2.1588 2.95758
-6.24849 5.85176
2.255 2.86633
-5.52314 6.39139
-1.98784 4.01475
-4.64282 7.32076
-5.4647 6.91356
1.07758 3.70139
1.42789 7.33334
-2.92075 4.53541
-0.509138 4.88967
-2.14192 3.96803
-2.67323 4.60896
-2.63151 7.46524
2.00994 3.90351
-7.00831 5.72849
-0.810746 7.50041
-6.65242 5.48036
-1.81001 7.5345
-2.63646 3.76919
-4.61808 6.88771
3.48993 5.76249
-1.13485 4.91676
-3.94352 3.9294
-3.91461 7.58342
2.92646 3.10683
1.70092 7.22415
5.18727 5.03526
-7.54036 5.1342
3.41909 6.35304
-7.35361 5.35762
-2.04717 3.99758
-1.41254 7.90857
-5.80708 6.70385
0.972193 7.48777
-0.177183 4.84341
-1.6953 7.91265
-0.153074 4.10348
-0.703808 7.85511
2.25526 3.74208
4.90502 4.4375
-3.2885 7.34208
1.7256 6.81017
-5.98403 6.58512
-1.11801 7.52303
-0.610685 4.89934
-3.74094 4.0787
2.07797 3.03032
-1.58555 4.88712
-1.72064 7.53656
-1.31795 7.90499
-2.94314 3.60368
0.318868 7.29926
-6.56857 6.13533
-1.02942 7.51692
-7.58614 5.07666
1.60692 7.26166
1.88805 7.14639
-2.8534 4.56373
-7.60099 5.05774
1.51402 4.24054
-4.55586 7.35668
-3.43311 4.28463
-1.24432 4.15102
1.03159 7.08624
-2.07154 7.90258
-5.216 6.57949
0.518948 3.93314
-2.52453 4.68447
-0.33566 4.86826
-7.55582 5.1149
-1.32424 4.9094
1.03229 3.72329
-4.18276 7.49654
-2.28253 7.88907
2.14097 2.97392
-5.44705 6.44003
-7.21984 4.8444
-0.395608 4.13869
-0.939948 7.87973
5.10536 5.10856
-1.74809 4.07418
-5.29871 7.00692
5.04372 5.16275
-2.75903 7.84284
-2.63294 7.85394
3.83096 5.4918
-1.88825 4.84332
-1.63123 7.53757
-0.277866 4.85979
-5.11836 6.63485
-0.8434 4.9138
4.55745 5.56454
-0.234797 4.85304
1.15394 3.65736
-1.96598 7.52836
-3.77762 4.05353
5.34814 4.88688
2.50972 2.59675
-0.691914 7.84903
2.80185 3.24194
-2.34023 3.89759
1.04436 2.14446
0.670061 3.8789
-7.17544 5.55529
0.263888 4.74722
-6.98291 5.1288
4.89823 5.28791
2.10792 3.85612
-0.506326 4.1499
-1.29464 7.90394
-4.70744 7.29323
0.012427 7.36975
3.41638 5.81756
1.67708 7.23376
2.5791 2.51518
-2.05975 4.80966
0.449761 7.26533
-2.03258 7.52475
-0.444861 4.14403
-0.443615 7.82015
1.06538 3.70718
-7.05888 5.67726
2.68136 6.77078
3.14402 6.51676
-2.86776 3.64769
-3.23378 7.75573
-4.24895 7.47338
0.939623 4.51912
-7.08818 5.00612
-6.35235 5.76161
-0.960119 4.9171
-0.0627217 4.8223
0.312352 7.6724
-1.78966 7.9118
0.0564287 7.3604
2.06113 3.89004
-2.34287 4.73949
-7.17657 4.89862
-1.21006 4.15325
-2.31965 3.90464
-4.98561 7.16629
2.70494 6.75846
0.831414 4.56255
-4.35086 7.0031
3.3794 5.84482
-2.84003 4.56919
-1.71925 7.91254
-0.456807 4.14529
-3.20467 3.43237
-0.163182 4.10572
4.72848 5.42801
4.44003 4.93706
-1.79606 4.06362
-0.0181342 7.74541
0.514714 7.24763
-0.318057 7.43182
0.180458 4.03969
0.646921 3.8876
2.35253 2.76971
0.875632 3.79516
-0.65383 4.16042
0.763489 4.58842
1.58629 3.40739
1.87994 2.05172
3.23679 5.94846
-2.39251 7.88258
0.722639 4.60347
-4.53438 7.36536
0.105386 4.77903
3.03677 2.97912
-5.17692 6.60189
0.635432 2.18042
-3.14295 3.47555
-3.48324 7.29337
-1.98847 4.82444
1.50882 3.45636
-6.00213 6.05151
-2.24431 4.76602
0.0516491 4.79852
-1.32083 4.14294
-6.40323 5.71619
3.70678 5.59339
-6.71266 6.00871
-2.53823 4.68
-0.358891 4.13433
-2.08298 3.98671
-1.62883 4.88206
0.577203 3.91295
0.619249 7.59296
-2.23277 7.5103
3.00041 3.02212
2.98266 6.60835
1.72731 4.11648
-0.695117 7.48522
-0.975691 4.16525
-0.406511 7.44604
1.38674 4.3096
-1.76643 7.91211
-2.74744 3.71336
-5.32074 6.99427
0.207832 4.76185
-7.19216 5.53733
-1.62659 4.09858
0.70947 7.19113
0.0231077 4.80471
-4.03163 7.12545
-0.654542 4.90296
3.6709 5.62209
-1.72991 4.86868
-4.16021 7.50428
1.55951 6.88263
2.81081 6.23031
-0.596336 4.89815
0.278205 4.74342
-5.60698 6.82955
-1.64619 7.9134
2.24624 2.87486
-0.465808 4.88489
-6.57067 5.56029
-0.790145 4.16541
1.30142 7.37641
-2.67955 7.84806
1.74665 6.8007
-3.3967 7.31572
-2.89548 7.42322
3.5786 6.2536
-7.41688 5.28388
0.356787 3.98792
3.05477 2.9575
-2.13081 4.79392
1.53673 7.289
-1.58645 7.53768
2.59027 3.4519
4.45598 4.92114
-3.2571 7.75093
4.37487 5.00133
0.249974 4.75087
-0.207505 7.78136
-1.67593 7.53719
3.91848 5.41801
-1.65391 7.53741
-2.96128 4.51783
-0.490984 7.82712
1.46243 3.48699
-1.17668 7.8976
-2.30082 4.75109
1.29642 4.35599
1.67406 3.34669
-3.8135 4.02767
-0.0481863 4.81943
2.19893 3.78642
0.163496 4.03745
0.942936 3.76515
-1.39463 4.13439
1.2657 7.00093
-0.495293 7.45925
-3.02718 7.39854
-1.74543 7.53568
-0.138772 4.10151
1.28623 6.99302
1.28304 3.59283
-3.02663 7.79512
2.32296 2.7986
2.40236 6.9114
2.29769 2.82411
5.36837 4.86778
0.589023 3.90874
2.97777 3.06997
-3.74053 7.22006
-2.99871 7.50813
-6.10912 5.96696
0.436847 3.9601
-6.50423 5.62336
1.72407 7.21476
-2.34363 7.49997
-0.0194287 4.81394
-3.8729 3.98368
2.2771 6.53936
3.73724 6.15133
1.51287 7.29816
-2.43246 7.49047
3.07952 6.05579
-6.99176 5.74402
4.68572 5.46254
-0.285214 4.12463
-4.11426 3.78575
2.51766 2.58761
-2.32173 7.50214
1.75613 3.28874
-0.539726 7.46547
1.39558 7.34221
0.750481 3.84753
1.71324 2.07207
-6.00383 6.57136
0.536764 7.24149
-2.66986 3.75285
-5.02801 7.14571
-2.74163 7.44891
-7.02506 5.71164
4.48822 4.8887
1.44577 2.10282
-3.84915 4.00148
2.53659 6.39513
4.29512 5.76324
0.773389 3.83827
2.86717 6.67192
1.20142 7.02509
-6.78322 5.945
0.538086 3.92825
0.253574 7.31533
-0.348891 7.80539
0.446245 4.69555
2.15328 3.8215
0.0190804 4.07083
4.81354 5.35833
0.306678 3.99928
1.95866 7.11594
1.50398 3.4609
2.35515 3.66045
0.472001 3.94877
0.147148 7.71052
-7.0435 5.05888
3.64722 6.20978
0.502019 4.67832
-0.901738 4.91584
2.0143 3.92374
2.35565 6.93404
-0.872738 7.50394
-3.1636 3.4613
-1.08887 7.88229
-3.07015 3.52424
3.25882 6.44961
-3.11196 3.49657
-3.1862 4.41144
-5.03944 6.67811
2.84963 6.20592
1.30921 4.34954
0.495497 3.94102
-0.37101 4.1358
3.80541 6.10632
-5.86675 6.66469
-2.92165 3.61646
-4.00439 7.55554
-4.02452 3.8644
2.91389 6.6465
-6.10097 5.97048
-7.49452 5.1907
-2.07095 3.9904
-0.278191 7.79367
5.02269 5.18107
4.75027 4.61108
-1.03289 4.91771
1.89098 6.73391
0.976676 3.74961
-3.44 7.30468
-2.60958 7.85665
2.37723 6.48503
-3.17328 4.41796
-6.38647 5.73125
1.74648 3.2958
2.60297 2.48663
2.24418 3.7509
-4.22619 7.0525
2.52738 3.51007
0.241831 7.6891
-3.45638 4.26301
1.1095 3.68519
2.3222 3.68781
-5.96478 6.59841
1.89168 3.18562
-5.78432 6.21357
-2.2297 4.7639
-2.44382 3.85597
-1.96395 4.02139
1.37075 6.96004
-2.44612 7.87466
3.6017 6.23892
2.00269 3.93196
2.91691 3.11752
1.42506 4.28927
2.53319 2.56958
0.860061 7.14388
-2.0954 7.90133
4.69319 4.67454
3.84993 6.07689
4.58387 4.7905
-3.39294 4.3
-1.5902 4.1051
-3.68972 7.64778
3.76007 5.55023
0.601554 7.22308
1.81154 4.06128
1.18049 7.03285
0.600491 3.90463
3.35068 6.39466
-1.16404 4.9161
-4.43145 7.40198
-2.38806 7.49535
2.82995 6.21832
-3.21112 7.76033
1.82443 3.23776
1.06058 7.46547
1.49377 3.46737
-6.92287 5.81284
-4.82017 6.79157
0.681443 3.87457
1.62187 6.85591
-3.5942 4.17781
-1.43129 4.12963
-1.59984 4.88549
-1.48412 4.89745
-1.1485 4.15769
-2.24745 3.93203
-0.950931 4.16574
1.56573 3.42096
1.41233 4.29591
1.20766 3.63412
0.359636 7.66088
-4.20463 7.48897
2.23676 6.56079
-0.89206 7.87549
1.73826 4.10788
-2.93943 7.41526
-0.585725 7.84026
-4.57721 6.90621
-5.69196 6.27843
-6.77924 5.35166
1.08475 2.14239
2.4969 6.41792
0.550313 2.18698
-0.71706 7.48775
3.23616 6.463
-2.5937 4.66139
-0.292517 4.862
0.886773 3.79028
0.952882 4.51362
-1.60221 4.10299
1.91125 6.72428
-7.46354 5.22825
-2.05925 3.99394
-2.18764 4.78026
0.830254 3.81465
0.62373 3.89618
2.73284 6.27851
0.854591 7.52445
-7.24856 4.80781
-0.307698 7.79631
-1.7588 4.86446
4.2927 5.08058
-3.532 4.2171
-0.420279 7.81661
2.93636 6.63403
-2.2125 7.89419
-2.25942 7.89083
-1.36773 4.90667
1.32403 3.66642
1.91185 7.1362
-2.36617 7.49766
0.987734 3.74446
0.320264 4.732
-3.36734 4.31455
1.21811 4.3945
-3.43974 7.71064
-5.54638 6.86586
-4.14915 3.75825
4.19242 5.17466
0.747245 7.17561
1.65689 3.35942
-1.22939 7.52911
1.34196 2.11417
-0.869252 7.87307
-1.2074 7.52804
1.96708 3.95697
-0.481658 4.14765
1.56452 4.21192
-6.30983 6.34598
0.548003 7.61239
-1.56448 7.53763
-2.52357 3.82155
-2.56545 7.47422
2.1649 3.81265
0.931864 3.77018
1.33615 3.55991
4.20755 5.82768
-7.04224 5.69423
4.07411 5.92249
-0.185751 7.40871
-1.49241 4.12096
2.50619 3.52926
-3.63369 7.25176
1.07305 4.46177
-1.2521 7.53015
3.82765 6.09149
-2.48957 3.83648
1.09532 7.06377
-0.668888 4.90404
-2.86485 7.82181
2.5716 2.52419
-6.55388 5.57638
-3.75729 7.62922
3.17399 5.99123
-2.81342 3.67803
-2.46426 7.48524
2.43645 6.45195
-4.63818 6.8785
1.70514 6.81932
-3.13625 7.3762
-4.67858 6.8641
3.0414 6.08136
1.26155 3.60479
-2.79922 4.58659
1.99425 2.03727
-1.50708 7.91104
-6.51988 5.60894
-2.31471 4.7473
0.524723 7.61861
-5.74738 6.23978
-5.94173 6.61687
-5.62514 6.81985
-1.46937 4.89878
-0.926169 4.16609
5.0757 5.12526
0.688169 7.19756
-1.81402 4.06445
2.86006 3.17997
1.11365 7.44148
2.45711 6.44049
-1.40945 4.92029
4.72408 4.64102
-1.37005 4.13739
1.12033 3.6797
-0.393545 4.87608
-2.84198 7.8253
1.30447 3.58075
1.41023 3.51892
-4.53624 6.92444
-2.78563 4.59093
1.48865 4.25466
-5.52572 6.87806
4.49178 5.61505
0.0525119 7.7309
1.34851 7.35944
-2.53961 7.86486
0.0552032 4.06296
1.62699 4.17551
-6.13897 6.47483
-3.394 7.72117
1.53931 4.22629
-0.765402 4.16481
4.42673 5.66477
-1.87669 7.53227
-2.65591 7.85108
-3.9783 3.90186
3.93699 5.39498
-0.727159 7.85784
3.90126 5.43268
1.51763 6.90025
-2.32941 7.88529
-6.06182 6.5305
1.25715 4.37549
1.04642 4.47356
-3.30316 4.35007
-1.27155 4.1479
3.02752 2.98962
-0.930927 4.91656
-0.829001 4.91332
-3.70484 4.1044
-1.09599 7.52163
-0.469509 4.14649
-1.86012 7.9104
0.679767 2.17678
4.57847 5.54769
-4.59736 6.89713
0.571972 7.60591
0.234808 4.01894
-0.408096 4.1401
2.3315 2.78988
3.63487 5.6506
-3.13361 4.43757
2.26664 3.73297
-2.47682 7.48532
-0.494832 4.88813
1.3724 7.35073
1.58964 4.19741
-3.01759 3.55794
2.99137 3.03266
1.92047 3.99
-1.33859 4.90854
2.33258 6.9451
-2.1044 7.51938
2.87858 3.15887
1.41289 6.94321
-0.703685 4.1627
0.452579 7.63688
-3.95959 7.56959
0.282848 4.00599
-1.55433 7.91186
2.47436 3.55772
-7.30582 5.41204
-1.80187 4.85783
-4.09375 7.5266
-0.798548 7.8658
-0.650597 7.47988
-2.42074 3.86558
0.151049 4.77566
-2.63495 4.64705
1.15254 4.42555
2.11419 2.99815
4.47235 4.90471
-6.36584 6.30202
0.460409 3.95254
-5.35142 6.49922
-1.66291 4.09172
4.67745 4.69149
0.332728 4.72474
0.693155 3.87007
0.903039 7.12982
1.63674 3.37329
-5.04886 7.13547
-3.93748 7.5764
0.542353 3.92514
1.37875 3.53772
-1.98667 4.02579
1.77579 3.27426
2.98429 6.11916
-2.78574 7.44189
-5.38989 6.47567
-0.350769 4.13235
2.17616 3.80402
-3.20144 7.362
-6.66801 5.45245
-3.26448 4.37084
-4.04912 7.54121
4.25944 5.1121
-4.31493 7.44959
-3.15995 4.42463
-0.895389 7.50602
-6.19611 6.4326
-0.6061 7.47429
-5.80787 6.19516
-2.43251 3.86068
-2.95296 3.59807
-0.0768453 4.82505
1.80846 6.77248
1.70677 3.32439
4.09607 5.90699
-0.561627 7.46844
-4.36059 7.00128
2.38957 2.72937
-4.83657 7.23603
-1.1627 7.52566
-2.08829 4.80342
0.909348 3.78029
-1.06209 4.91765
-2.41286 4.71924
4.22561 5.13984
0.330468 3.99244
-2.3288 3.90198
1.90139 3.17793
-1.35337 4.90761
-0.777946 4.16514
-6.73031 5.9933
-0.561692 7.83703
5.00221 5.19882
0.752662 7.1779
-5.67291 6.29157
0.858559 4.55191
-2.65285 7.46228
0.26506 7.68364
-0.751179 7.86059
1.62648 3.3803
1.05448 3.71252
-0.362164 7.43905
2.17637 6.59239
2.0844 3.87301
-4.05869 7.11476
2.77188 6.25451
-1.45301 7.53643
-3.04916 3.53783
0.493289 7.25353
-1.8202 4.05802
1.9577 3.14354
-0.114522 7.39598
1.37368 4.31644
1.95786 3.13233
-3.32897 4.33595
-1.31884 7.53282
-6.95231 5.16342
-4.03586 3.85512
-4.5569 6.91519
2.39753 6.47381
1.60199 4.19021
-3.18774 7.76501
2.85029 3.1905
-1.73575 4.07693
1.70149 4.13064
-3.8374 4.01014
-2.14524 4.79042
-1.23474 4.15122
5.28827 4.94281
3.28666 5.91196
4.80026 4.55685
0.807395 7.53871
-3.88955 7.17277
-0.0656391 4.08805
-3.0598 3.53097
-3.68038 4.12103
-2.82616 7.43216
0.73136 7.18445
2.33976 2.7814
2.01384 3.08566
2.55629 2.54244
1.99527 3.10131
1.05994 4.4676
0.667707 4.62312
-6.92157 5.19773
1.66355 6.83773
1.08747 3.69624
0.223285 4.02214
1.22296 7.01704
-6.43707 5.6855
-7.16186 4.91674
-1.89241 4.04033
-5.19779 6.58959
-5.7874 6.71667
-7.66073 4.98036
-1.00045 4.1646
-5.61717 6.32935
0.965365 3.75486
0.795793 7.16443
-5.5418 6.37925
1.24056 2.12485
2.38387 3.63
0.949545 2.15341
-3.16508 7.76945
1.57581 3.41431
-6.49537 6.19691
-5.48517 6.41584
2.63916 6.33896
-6.30108 5.80648
1.65191 4.16068
4.66459 5.47947
-3.56931 4.1937
1.48325 3.474
-3.27727 4.36403
-5.84668 6.67797
-2.6475 3.76383
-0.962009 7.51179
-4.78469 7.25135
0.695202 4.61337
2.22028 2.90267
-1.90241 4.84086
-6.96786 5.14588
1.1789 4.4132
1.47567 6.91765
2.4529 3.57665
-0.163008 4.84094
-1.47083 7.54748
-0.940016 7.50995
1.24386 7.00917
1.27822 7.38467
0.354218 3.98547
-4.3923 6.98606
3.19313 5.97794
-0.263644 4.8576
-2.38648 3.87943
-2.79553 7.83217
-2.77995 3.6963
1.79537 3.25969
2.20222 3.77202
0.830534 7.53145
2.89002 6.65947
-2.93441 4.52957
-4.24713 7.04444
-7.09251 5.64264
-3.8259 7.19342
4.76984 4.59072
