-2.43342 -0.79205
-7.30582 5.41204
-1.57782 4.10725
-2.37402 0.713023
-0.0615643 1.34038
-2.56938 -1.67997
-8.31397 3.9652
-1.88853 -1.84185
-2.85161 0.910121
-1.73575 4.07693
-3.01028 -0.18405
-2.33886 -2.04014
-5.63817 1.23966
-5.82715 6.69081
-1.34653 2.17754
-0.283102 2.22957
-3.00862 0.12627
-1.82896 -1.91477
-2.54234 1.49418
-2.55966 -1.69716
-2.69003 4.62722
-5.70443 0.919603
-4.8992 -0.336353
-4.92357 2.87618
-3.04916 3.53783
-4.80018 0.963913
-5.6865 1.01658
-0.692182 1.3411
-2.13191 -2.3014
-2.83177 -1.09756
-2.50644 0.321291
-6.47723 6.21193
-6.19688 5.89504
-8.27834 4.03069
-1.76705 -1.98622
-0.963162 4.16551
-4.90681 0.0552037
-4.84967 -0.806289
-2.39086 -1.96642
-4.90028 0.226941
-2.46358 -0.685849
2.11064 2.02214
-3.29041 4.35697
-2.26525 -1.23868
-1.94571 -1.76755
-1.60221 4.10299
-2.63001 -1.5675
-3.93116 3.93758
-7.69025 4.94134
-3.9783 3.90186
-1.48034 4.12275
-6.23179 5.86576
-0.725893 2.2293
-2.68398 1.27585
-4.70591 1.32205
-2.3465 -2.01302
-2.46623 1.59027
-3.00539 -0.264853
-2.79592 -1.19637
-2.24165 -2.1687
-2.77995 3.6963
-6.92157 5.19773
-2.98994 0.334504
-3.27727 4.36403
-5.5194 1.65822
-1.48065 1.26486
-8.02477 3.57513
-4.12456 2.50786
-2.07095 3.9904
-3.68612 3.02581
-1.98784 4.01475
-2.68979 3.73972
-2.08298 3.98671
-2.17436 -1.41491
-5.44705 6.44003
-2.94295 -0.69932
-2.31471 4.7473
-7.73389 4.88268
-5.7651 0.459698
-1.93252 2.00672
-4.90764 -0.00250561
-2.30228 0.828024
-5.40454 1.97159
-4.63145 1.54635
-4.90416 -0.234332
-2.67362 -1.48024
-6.02033 6.03737
-8.20502 4.16092
-2.01168 4.00797
-8.28988 4.01146
-2.24745 3.93203
-2.48255 4.69789
-4.87095 0.551614
-8.38382 2.73248
-2.43251 3.86068
-2.63646 3.76919
-2.54081 -0.113548
-5.37032 6.48771
-4.82256 0.855535
-2.75833 4.60154
-2.26885 0.871257
-2.50599 0.295294
-5.76934 0.409828
-7.04224 5.69423
-6.88825 5.84625
-5.77943 0.258971
-4.28852 2.25753
-4.44117 1.98103
-3.00435 0.196229
-5.98442 6.06519
-2.7304 -1.35681
-4.3559 3.56405
-2.95934 -0.617594
-3.34534 3.32702
-6.81842 5.91233
-4.73535 3.13501
-5.4616 1.82388
-5.59378 1.41221
-2.48944 -0.570757
-4.87918 0.481678
-4.73306 1.23056
-7.42974 4.56507
-0.559339 1.34454
-2.3972 0.667007
-1.59259 2.12723
-3.78369 2.92534
-2.76292 1.12345
-8.47264 3.65762
-8.49469 3.60764
-7.8227 3.95232
-4.88504 0.425325
-7.25809 4.79804
-3.18418 3.44691
-2.62508 3.77467
-7.90359 3.80755
-4.85407 -0.776745
-8.56842 3.44732
-4.44703 1.96935
-5.75875 0.526311
-3.76617 2.94392
-2.32115 -2.06442
-2.35674 4.73583
-2.65526 1.32509
-4.74775 1.17774
-0.105984 1.34447
-3.32897 4.33595
-4.86988 -0.659122
0.294036 1.33279
-2.6475 3.76383
-2.63826 1.35292
-4.86428 -0.703151
-4.70986 1.30922
-2.93786 0.620744
-5.71029 6.26574
2.28816 1.99828
-3.17328 4.41796
-2.86776 3.64769
-2.71149 1.22581
-2.50247 -0.501753
-8.62909 3.30825
-7.60099 5.05774
-3.36734 4.31455
-2.8534 4.56373
-3.01304 -0.103596
-2.06187 -1.60123
-5.8862 6.65172
-0.774632 2.22783
-3.46234 3.23147
-7.02506 5.71164
-5.60228 1.38099
-4.08675 2.56026
-2.16971 1.86644
-6.30983 6.34598
-2.73655 3.71904
-2.39721 1.67331
-5.87572 6.14716
-2.57142 1.47934
-4.99272 2.77604
-3.01759 3.55794
-2.25862 0.883468
-2.32211 -1.11159
-3.74094 4.0787
-5.12626 2.549
-4.90575 0.0981726
-2.91926 0.694527
-0.677546 2.24395
-2.87846 3.64157
-6.17962 5.90937
0.858123 1.30276
-2.87311 3.63833
-4.90709 0.0405796
-7.70471 4.92204
-1.77128 2.07317
-2.38895 1.67589
-2.84582 -0.0667824
-2.53705 0.0733291
-2.11853 -2.31677
-4.64002 3.25314
-2.51902 -0.394611
-2.14433 0.995079
-1.81403 2.05714
-5.15649 2.49474
-5.69864 0.952004
-7.24856 4.80781
-2.40944 0.640357
-7.31921 4.71567
-5.18569 2.44021
-5.45053 1.85374
-2.45392 0.525158
-2.27736 -1.21416
-6.61976 5.5126
-8.16788 3.27187
-6.43707 5.6855
-2.3506 -2.02382
-2.23947 -2.13874
-1.50483 4.11908
-2.80003 1.04089
0.509153 2.19003
-5.77193 0.376346
-1.86711 -1.86857
-2.52467 0.205654
-3.86939 2.83086
-5.34945 2.10243
-8.4066 3.7876
-3.01371 -0.0413253
-4.88921 -0.480198
-1.22842 2.19414
-2.53609 0.088159
-2.60733 4.6567
-2.97201 0.453676
-2.60237 3.78554
-7.0435 5.05888
-2.44464 1.61503
-2.80268 -1.17842
-7.92623 3.76559
-2.84588 0.925743
-2.45177 -1.87502
-2.62095 -1.58492
-2.53769 -0.196711
-2.02109 1.96071
-4.34802 2.15563
-1.53413 1.25416
-4.88715 -0.497424
-5.65295 1.17619
-4.87169 -0.644165
-2.76422 -1.2768
-8.25415 4.07432
-2.54001 -0.143775
-2.24368 -1.28307
-4.87266 0.537814
-6.73031 5.9933
-2.39905 4.72333
-5.86675 6.66469
-2.66508 -1.4978
-7.27706 4.771
-5.38044 2.0301
-4.66825 1.43832
-8.34206 2.84656
-3.04109 4.48178
-2.52453 4.68447
-5.78693 0.039113
-4.50998 1.83752
-4.9052 -0.205187
-6.70081 5.43181
-2.34364 -1.05892
-3.62241 3.08768
-4.89368 0.326427
-1.03929 2.2132
-2.95 -0.59367
-5.83917 6.17398
-3.00889 -0.21086
-7.80562 4.78364
-4.84007 0.759701
-2.9244 -0.781039
-2.7864 1.06029
-1.74809 4.07418
-1.87509 2.0323
-3.00175 -0.309815
-2.41162 -0.869253
-1.75997 4.0717
-2.50365 0.335626
-4.90773 -0.0746391
-4.61083 3.26129
-3.72429 2.99813
-2.21913 1.82939
-2.11678 4.79701
-2.4245 -1.91667
-2.53748 0.0659389
-6.96786 5.14588
-2.94766 4.52381
-2.78563 4.59093
-2.13136 3.97103
-2.74511 1.16032
-3.79228 2.91614
-5.77068 0.392849
-5.27744 2.25936
-2.9612 0.512574
-7.54036 5.1342
-2.92165 3.61646
-2.8324 0.934752
-6.79677 5.33268
-8.74274 3.02573
-2.78562 -1.22314
-6.60489 6.10415
-4.78166 1.04478
-5.07973 2.62948
-3.29564 3.36538
-2.61649 1.38722
-2.85447 0.902172
-8.22548 3.13906
-1.98667 4.02579
-3.36512 3.31139
-1.43129 4.12963
-2.31725 1.74604
-0.844866 2.2251
-0.146631 1.34511
-3.66801 3.04368
-2.37735 1.68783
-3.61305 3.09655
-1.67526 4.08931
-2.86153 -1.0075
-1.04 1.32179
-2.59856 1.41444
-5.2431 2.32945
-2.18764 4.78026
-2.09465 3.98309
-2.09285 1.03409
-5.60652 1.36567
-2.51042 4.68904
-2.74572 -1.32125
-4.61806 1.57817
-7.99259 3.63882
-3.43856 3.25395
-2.98016 0.402894
-3.00569 0.178773
-2.33564 1.72884
-5.3744 2.04445
-4.71657 3.15892
-2.4258 -0.823609
-2.5089 -0.463492
-0.626866 1.34302
-2.26385 0.877282
-4.02445 2.64293
-7.00831 5.72849
-5.42821 6.45185
-2.83795 -1.07952
-4.52143 3.38987
-2.92563 0.670092
-2.79255 -1.20521
-2.48304 -0.601483
-2.44201 0.559388
-2.49926 0.356958
-8.06702 3.48918
-2.99388 0.34598
-5.98403 6.58512
-2.32914 -1.09543
-2.53499 -1.73986
-2.32522 -1.10418
-1.73647 1.20221
-1.5116 2.14646
-2.33656 0.777466
-4.81284 0.959446
-2.53831 0.0511486
-2.75233 1.14557
-7.78722 4.01352
-3.48156 3.21503
-7.95849 4.56064
-2.29778 0.834176
-2.52731 0.183784
-1.96037 1.11318
-8.1582 3.29354
-6.95231 5.16342
-2.34058 -1.06659
-1.1485 4.15769
-7.07348 5.02359
-4.80308 0.950573
-4.90788 -0.0161156
-1.66291 4.09172
-8.4291 3.74272
-2.48964 0.399589
-2.53445 0.110249
-2.22404 3.9403
-4.81993 0.86899
-2.46781 -1.84995
-3.30551 3.35787
-3.00605 -0.255713
0.912868 1.29914
-1.7768 1.18914
-2.95788 0.529348
-6.74782 5.97742
-2.45193 -0.731505
-1.69955 4.08446
-3.1862 4.41144
-4.42306 2.01658
-5.8211 6.18711
-1.32083 4.14294
-2.8914 0.791374
-2.48796 0.406558
-1.79003 1.18461
-2.52647 0.191036
-7.24105 5.48414
-3.44388 4.2704
-2.84698 -1.05257
-6.71266 6.00871
-2.24002 -1.29048
-2.37946 -1.98291
-0.816404 1.33608
-8.53731 3.51622
-1.4432 1.27174
-2.07085 1.93256
-7.40086 5.30283
-2.75688 -1.29465
-3.88624 2.81154
-5.42208 1.92763
-1.62925 4.10054
-2.97052 0.462262
-2.52741 -1.74786
-6.55388 5.57638
-4.302 2.23503
-1.96474 -1.74125
-0.155802 2.22612
-7.82004 4.76331
-4.83293 -0.909552
0.642939 1.31584
-4.86878 0.562059
-5.36201 2.0735
-3.01291 0.0296585
-2.09873 -1.5512
-2.97898 0.411355
-4.90098 -0.144284
-4.62753 1.5529
-1.40673 4.13285
-3.51971 3.18176
-2.43939 1.62127
-4.88973 -0.468048
-7.62672 4.27469
-2.41286 4.71924
-5.50684 6.40116
-2.43443 0.579744
-4.84921 0.704484
-3.26448 4.37084
-5.66712 1.11303
-4.8545 2.97792
-2.50514 -0.486356
-7.73885 4.09485
-2.49297 0.385416
-2.18228 -1.40051
-5.94834 6.09276
-5.24337 2.351
-5.32381 2.15997
-4.53714 1.77674
-2.53533 -0.234596
-2.36337 0.732476
-2.43178 0.586758
-2.20993 -1.34921
-1.53926 2.14022
-6.76497 5.36595
-3.7292 4.08761
-2.08912 -1.55869
-2.5381 -0.189011
-7.32165 5.39413
-4.3609 2.13266
-3.12086 3.49117
-4.77517 1.07159
-2.4409 -1.89176
-4.78157 3.0748
-8.30734 2.93738
-2.09442 1.91721
-5.06382 2.65595
-5.67695 1.06458
-2.70761 1.23317
-2.25346 0.889455
-2.8963 0.775313
-3.49128 3.20664
-2.81342 3.67803
-1.54135 4.11333
-2.22281 -2.19235
-4.59122 3.31072
-3.01367 -0.0235448
-4.67857 3.20632
-2.50253 1.54601
-6.10097 5.97048
-7.28947 5.43041
-8.11824 3.38107
-8.35044 2.82409
-2.52895 0.169163
-2.52002 -0.387065
-6.17729 6.44661
-4.2485 3.66792
-4.28183 2.26857
-2.59316 -1.63696
-5.56267 1.52054
-2.94172 0.6042
-2.99471 -0.381821
-7.77702 4.82352
-2.36688 -0.998574
-8.72445 3.07295
-3.15344 3.46834
-2.94549 0.587613
-4.75076 3.05573
-3.84402 2.85948
-3.12063 4.444
-2.25287 1.80219
-2.81286 4.58015
-1.25755 1.29958
-2.48957 3.83648
-2.15171 -2.27833
-7.1909 4.88077
0.247475 1.33468
-0.459645 2.23166
-2.84096 -1.07063
-6.45851 6.22732
-2.45364 4.69513
-1.23474 4.15122
-2.00526 -1.6851
-4.46422 1.93535
-1.14109 1.31265
-3.01002 0.108918
1.87994 2.05172
-2.49096 -0.563188
-3.85242 2.85006
-2.41402 -0.861726
-1.43848 4.1299
-4.25436 2.31313
-2.67989 1.28305
-3.55745 3.14796
-5.40879 6.46397
-4.5938 1.64077
-2.24276 0.90155
-3.01261 -0.121471
-2.35223 0.75063
-3.75346 4.07065
-3.84915 4.00148
-7.19216 5.53733
-1.92012 -1.80139
-8.13835 3.33739
-3.22507 3.4177
-5.72056 0.822441
-5.29716 2.21672
-4.82522 0.841664
-2.90808 0.735066
-2.13706 -1.48
-2.99705 0.274278
-7.38535 5.32087
-2.28842 0.846609
-4.73676 1.21706
-1.27155 4.1479
-4.05586 2.60178
-3.01247 0.0473541
-6.53754 5.59194
-4.72584 3.14716
-1.86502 2.03658
-5.77432 0.342808
-2.0174 1.08233
-6.38695 5.72473
-2.25415 -2.15278
-2.5937 4.66139
-3.63586 4.16637
-1.36273 2.17487
-4.20457 3.70852
-2.68794 1.26884
-4.71775 1.28307
-2.90639 0.743766
-1.95993 1.99296
-1.79281 2.06515
0.969959 1.29524
-4.77192 1.08478
-0.344148 2.23074
-3.01482 4.49586
-2.48895 -1.81622
-2.56891 3.80105
-1.92307 2.01078
-2.43265 -0.800542
-2.41887 -1.92511
-5.77735 0.327181
-1.81402 4.06445
-1.97043 1.10804
-2.43955 0.566118
-1.62659 4.09858
-4.34542 3.57449
-6.92287 5.81284
-7.14732 4.93467
-4.41902 2.00697
-4.87341 -0.629644
-2.30557 3.91077
-2.27888 -2.12079
-4.90084 -0.307109
-2.53381 -0.322785
-2.86276 0.878706
-5.14888 2.50855
-7.05829 5.04153
-4.02452 3.8644
-2.53739 1.50082
-2.05925 3.99394
-3.00783 -0.228842
-4.90391 -0.247493
-7.58614 5.07666
-2.54076 -0.0159127
-7.70212 4.15504
-5.74577 0.642048
-2.89867 0.767382
-7.5099 4.45053
-2.94679 -0.681127
-5.69196 6.27843
-2.29307 0.840491
-7.63097 5.01916
-4.09429 2.54995
-5.27073 2.27327
-5.75258 0.593199
-5.8942 6.13345
-2.78012 1.0862
-2.64334 -1.54145
-5.77652 0.309215
-4.19075 2.41163
1.26104 1.27355
-8.71533 3.09676
-1.39463 4.13439
-3.283 3.37614
-5.61059 1.34968
-2.63443 -1.55891
-7.85409 3.92252
-2.52294 -0.363966
-2.0005 -1.69192
-2.86578 0.871201
-4.25925 3.65783
-2.56599 4.67078
0.812075 2.16575
-4.30258 3.61646
-2.8529 -1.0345
-2.98589 3.5777
-2.36973 -0.990875
-4.2266 3.6883
-4.8844 -0.526821
-1.014 1.32385
-1.78416 4.06633
-1.8348 2.04899
-6.12656 5.95285
-2.04608 1.9465
-3.76537 4.06224
-7.64557 5.00039
-5.73041 0.756993
-2.96455 3.59076
-6.90533 5.82982
-2.88131 0.823349
1.71324 2.07207
-2.02919 -1.65034
-3.05458 4.4755
-1.87786 -1.85523
-6.77924 5.35166
-2.39683 -1.95809
-2.84601 3.65997
-2.8499 -1.04341
-6.87516 5.24875
-4.80882 3.03834
0.997364 2.14894
1.38273 1.26362
-2.46706 0.483609
-2.47703 0.448792
-2.61179 -1.6023
-2.32836 0.790205
-4.65945 1.46397
-2.96128 4.51783
-2.19819 -1.37132
-2.14778 1.8819
-2.92872 -0.762853
-3.77481 2.93478
-2.34023 3.89759
-7.91766 4.62188
-6.06182 6.5305
-3.89654 3.96575
-2.36408 -1.00605
-2.14964 -1.45844
-2.97059 -0.554091
-1.69154 2.09939
-1.19092 2.19739
-2.12513 -2.30921
-4.38756 3.5324
-2.206 -1.35666
1.08475 2.14239
-2.03791 1.95122
-2.8312 0.964473
-1.8202 4.05802
-2.87353 0.847083
-2.80231 3.68409
-2.82212 0.9875
-3.23847 4.38455
-2.99553 -0.37295
-2.04803 -1.62228
-2.17773 0.966498
-4.61334 1.59058
-2.73433 -1.3478
-5.16384 2.48129
-2.16549 3.96027
1.56955 1.24744
-2.44353 -0.76234
0.390474 1.32867
-3.38481 3.29563
-3.75722 2.95332
-4.08151 3.81682
-3.00504 0.187638
-2.10819 1.02305
-3.01157 0.0736983
-4.60365 1.61572
-2.49973 -0.517108
-1.93548 -1.78117
-2.92778 0.661793
-2.52732 1.51357
-1.48323 2.15253
-2.15114 0.989486
-7.02566 5.08086
-4.37708 3.54276
-3.8135 4.02767
-4.81718 0.882874
-2.3288 3.90198
-8.64877 3.26148
-5.30471 -0.0100043
-2.02941 1.95605
-2.35363 1.71136
-5.35782 2.13048
-2.19655 0.94875
-1.80363 2.0611
-5.74972 0.60899
-2.48444 0.420675
-2.52492 -1.75693
-2.99103 0.326036
-7.05888 5.67726
-2.15797 -1.44396
-2.96104 -0.60837
-1.75684 4.5856
-2.76062 -1.2856
-2.54129 -0.0609274
-1.89241 4.04033
-4.98271 2.78663
-2.53422 -0.249817
-5.2148 2.38515
-2.32411 0.796675
-2.78905 -1.21431
-2.45384 -0.724109
-4.79058 3.06277
-2.46099 1.59643
-4.32855 2.18973
-2.17709 3.9564
-2.9903 -0.418091
-2.90343 0.751248
-2.99886 0.25696
-2.61199 1.39415
-3.02796 4.48784
-2.42372 0.606852
-0.516538 2.2321
-2.19089 -2.23159
-3.0001 -0.327876
-1.07934 2.20985
-5.48327 1.76391
-5.70936 0.727039
-4.88025 2.93911
1.99425 2.03727
-5.76651 0.443229
-4.87132 2.95181
-7.49681 4.46954
-8.09073 4.35392
-2.75322 -1.30343
-1.94168 2.00193
-2.99139 -0.409164
-5.92556 6.6252
-2.38421 0.693502
-2.56623 1.46128
-4.45004 3.46722
-2.18432 -2.23953
-8.07723 3.46803
-2.47513 0.455694
-2.11831 3.97563
-2.3093 -1.14166
-2.44382 3.85597
-5.26378 2.28757
-1.98476 1.9619
-4.47612 1.90989
-7.60146 4.31343
-2.03549 4.00103
-4.26816 2.29091
-3.14699 4.43107
-2.72656 -1.36556
-2.19832 1.84537
-1.45582 4.12626
-3.8729 3.98368
-3.0137 -0.0500934
1.93223 2.0461
-4.41706 2.02819
-5.33671 2.13125
-2.10047 1.02867
-5.11091 2.57595
-7.63962 4.25458
-7.41592 4.58436
-4.83283 0.800754
-7.35361 5.35762
-2.14123 -1.47289
-2.33145 -1.08911
-0.381038 1.3465
-4.94907 2.8381
-7.33343 4.69675
-2.20861 0.937345
-3.00859 0.135134
-2.71527 1.21869
-3.34161 4.32877
-2.98186 -0.481437
-2.62085 1.38048
-1.09866 2.20811
-2.95765 -0.626554
-2.30472 1.75746
-8.12977 4.28885
-4.32187 2.20124
-2.08642 1.92223
-5.19326 2.42642
-1.55167 1.25041
-2.96597 0.487461
-1.99551 -1.69898
-2.65214 -1.52397
-2.19187 1.85171
-2.95445 0.546082
-2.15852 1.59182
-4.34163 2.16691
-3.45284 3.23951
-4.65506 1.47658
-6.78322 5.945
-4.54778 1.75219
-1.34545 4.14024
-8.14234 4.26787
-4.2374 3.67828
-5.53425 1.61274
-8.17778 3.24952
-2.57088 1.45474
-0.0212967 2.2211
-7.49452 5.1907
-4.86361 0.607478
-7.29102 4.7528
-3.23509 3.41043
-4.48755 1.88586
-5.72912 6.2526
-3.90299 2.79209
-2.51974 0.241965
-1.60533 2.12392
-6.28357 5.82161
-5.0954 2.60278
-1.88625 1.14758
-2.43697 0.573037
-2.54059 0.0172502
-4.84472 0.732124
-4.60844 1.60335
-4.818 3.02587
-2.85723 0.89444
0.15688 2.21252
-2.4969 -0.532466
-2.37157 1.69367
-5.54386 1.58207
-2.66943 -1.4889
-8.38383 3.83228
-2.74744 3.71336
-5.22903 2.35736
-2.13281 1.89214
-4.89141 0.354805
-2.70374 1.24022
-1.00045 4.1646
-3.31565 3.3501
-2.53191 0.139759
-4.57368 1.6906
-2.80322 1.0334
-2.34482 -2.03187
-2.4153 0.626954
-2.97356 -0.535919
-4.20513 2.3899
-7.09251 5.64264
-2.81909 -1.1336
1.63562 1.2406
-5.68015 1.04875
-5.257 2.30142
-2.11119 -1.5231
-0.251495 2.22885
-2.23638 -1.29777
-5.74738 6.23978
-2.48619 0.413715
-3.00693 0.161287
-2.23282 1.81856
-2.51131 -0.448151
-6.1196 6.48883
-2.48629 -0.58612
-2.74868 1.15306
-4.88582 -0.511902
-2.39407 0.673539
-1.88022 4.04342
-2.34659 -1.05148
-4.90179 0.198355
-2.44134 -1.88223
-5.01637 0.0445415
-3.55702 4.20146
-1.75002 1.19789
-6.10048 6.5028
1.24056 2.12485
-4.37986 2.09819
-3.00985 -0.192895
-1.97087 -1.73339
-1.1732 4.15602
-5.71802 0.838519
-3.21479 3.42509
-7.61414 4.29417
-2.71747 4.61705
-4.71388 1.29596
-3.41845 4.28529
-4.89214 -0.438693
-2.50379 -0.494189
-2.1605 -1.44366
1.04436 2.14446
0.635432 2.18042
-1.7035 2.09567
-0.373602 2.23118
-2.53509 3.81641
-4.53184 1.7888
-0.798142 2.227
-2.2865 4.75495
-2.54046 -0.128653
-2.46672 3.8463
-2.35597 0.745434
-2.4617 -0.693413
-7.98249 3.65745
-1.82764 1.17103
-7.17657 4.89862
-3.00121 3.99926
-4.90267 0.098974
-1.85092 -1.88838
-3.47211 3.22314
-3.06767 4.46936
-1.35768 4.13881
-3.83534 2.86914
-1.40932 2.16686
-0.926169 4.16609
-3.54423 4.20911
-2.21373 -1.34198
-2.54127 -0.0759708
-1.21205 1.30504
-2.71439 3.73045
-2.87001 -0.980209
-1.92977 1.12809
-2.11533 -1.51615
-4.74456 3.12318
-2.09988 -2.34023
0.903636 2.15761
-2.20524 1.84012
-2.92357 0.678182
-4.90642 -0.16174
-3.01236 -0.130284
-6.24849 5.85176
1.60423 2.08491
-3.88491 3.9746
-0.931681 1.32993
-4.56863 1.70282
-5.46716 1.80871
-8.22971 4.11775
-4.9078 -0.0314168
-2.38482 4.72749
-5.64188 1.22405
-3.00632 0.170162
-5.75706 0.542683
-2.13846 -2.2938
-2.394 -0.922556
-8.46219 3.67538
-8.34936 3.89863
-1.83467 -1.90801
-4.14915 3.75825
-2.21461 0.931345
-2.51412 0.278086
0.749119 1.30962
0.550313 2.18698
-3.01311 0.0206764
-4.89327 -0.424239
-3.92776 2.76284
-7.12594 5.60778
-7.1423 5.59059
-2.32961 1.73454
-2.40167 -0.899784
-7.89238 3.82805
-8.65836 3.23838
-2.40217 -1.94988
-4.11426 3.78575
-3.00136 0.231051
-2.40042 1.66388
-1.09143 1.31738
-3.58636 3.12652
-5.91211 6.12008
0.949545 2.15341
-7.76284 4.84311
-2.54712 1.48771
-4.89675 0.283979
-0.432151 2.23181
-1.24626 2.19188
-2.94314 3.60368
0.439001 1.32643
-5.02379 2.72174
-2.53364 -0.257321
-2.87817 -0.953163
-5.31739 2.17407
-2.60587 -1.6107
2.34964 1.98978
-3.00938 -0.202007
-4.90483 0.126909
-2.32702 -2.05642
-8.03892 4.43614
-6.40315 6.27224
-2.53635 -0.219387
-5.04 2.69548
-5.3978 1.98585
-2.23552 3.93628
-1.3642 1.28477
-2.69216 3.74173
-4.04024 2.62236
-2.99902 -0.301796
-4.64603 1.5021
-4.95766 2.8251
-2.36694 0.72607
-4.88219 0.453528
-7.71429 4.13525
-3.64369 4.14554
-0.0894692 2.22381
-4.36698 2.12209
-2.16464 0.978035
-2.89379 -0.898752
-3.03874 3.54453
-4.88898 0.383133
-2.75585 1.13828
-2.80934 -1.16045
-0.54442 2.23203
-4.82865 -0.945162
-1.49862 1.26136
-2.99772 0.265627
-5.62266 1.30279
-2.79917 -1.18727
-6.90626 5.21469
-1.92517 -1.79476
-2.5348 -0.242081
-2.38606 -0.945497
-6.1618 5.92407
-4.52098 1.81321
-2.1024 -1.53741
-2.46549 -0.678064
-2.43551 -1.89999
-3.3547 4.32165
-2.91317 -0.826356
-2.26612 1.79118
-5.65464 6.30402
-3.09419 4.45677
-5.72313 0.805865
-1.78986 -1.96038
-6.58692 5.5446
-2.91776 -0.808179
-2.74141 1.16778
-7.57079 5.09609
-2.20269 0.943151
-2.47099 -0.655136
-4.9063 2.90153
-4.23351 2.3461
-2.4808 0.434753
-2.97211 -0.544871
-3.08079 3.51727
-5.71584 0.85535
-2.6904 -1.44503
-8.14974 3.31007
-2.93293 -0.744665
-2.78313 -1.24987
-2.79672 1.04859
-2.1199 -1.50877
-2.51266 1.53316
-3.11196 3.49657
-4.3924 2.07496
-2.30916 -2.08063
-2.53823 4.68
-2.67588 1.29003
-4.51543 1.82548
-2.14524 4.79042
-3.39294 4.3
-2.5256 -0.341157
1.44371 1.25846
-3.01356 0.209862
-2.85871 -1.01641
-8.75192 3.00151
-8.69662 3.14413
-4.83516 0.785279
-7.93761 3.74427
-5.78264 0.191468
-2.47971 -0.616846
-2.54496 -1.72276
0.0654781 1.3406
-2.66083 -1.50645
-2.15354 3.96422
-2.53238 -0.27256
-1.85615 4.0494
-8.73376 3.04922
-4.28098 3.63722
-6.3474 6.31659
-0.950931 4.16574
-1.65556 2.11011
-4.90374 0.155603
-1.97607 4.01804
-2.50567 3.82784
-2.45544 3.85108
-6.02301 6.55794
-2.24632 1.80765
1.39272 2.10869
-2.54059 -0.00853747
-3.52923 3.17321
-1.96879 1.9885
-7.20835 5.51983
-3.01045 0.0999942
-7.66073 4.98036
-2.034 -1.64324
-2.97644 -0.517752
-2.9319 0.645358
-2.51247 -0.440594
-1.83998 -1.9016
-2.97507 3.58435
-2.17133 0.972193
-0.624176 2.23133
-4.90746 -0.103639
-2.9266 -0.771813
-6.38647 5.73125
-0.417495 1.34647
-4.48074 3.43438
-4.85617 -0.762193
-5.73949 0.691272
-3.49447 4.24013
-3.532 4.2171
-2.38758 0.686757
-3.00957 0.117578
0.269384 2.20609
-8.40011 2.68644
-7.58843 4.33356
-7.27354 5.44821
-5.56097 6.36669
-0.267189 1.34634
-6.00213 6.05151
-7.17544 5.55529
-4.24042 2.33525
-2.8488 0.917828
-2.2297 4.7639
-2.62543 -1.57634
-8.48403 3.63004
-2.8835 -0.935032
-2.65099 1.33217
-1.56841 1.24672
-6.98291 5.1288
-0.70278 1.99198
-2.94109 0.613474
-4.90703 -0.132673
-5.0877 2.61595
-2.51236 3.82652
-5.52314 6.39139
-5.35142 6.49922
0.42717 2.19586
-2.66252 4.63722
1.44577 2.10282
-4.87438 0.523598
-2.99971 0.248416
-3.30316 4.35007
-2.15924 4.78711
-2.24735 -1.27568
-4.63045 3.26461
-5.56441 1.50324
-7.44311 4.54629
-2.26656 -2.13681
-2.33304 -2.04817
-4.81447 0.896251
-7.40244 4.60303
-1.72666 2.08823
-5.30424 2.20262
-2.51038 0.299811
-2.40669 -0.884523
-3.97677 2.70323
-5.74374 0.658311
-8.20654 3.1835
-5.96478 6.59841
-2.53965 0.0213495
-4.72169 1.26978
-2.72288 1.20419
-2.14552 -1.46556
-6.65242 5.48036
-1.77287 -1.97968
-2.99313 0.308815
-2.54984 -1.71432
-2.50109 -0.509543
-4.4048 2.05163
-8.52691 3.53881
-7.16186 4.91674
-2.96904 0.470588
-8.26258 3.04969
-6.82836 5.29918
-8.30227 3.98686
-4.21939 2.36805
-2.64251 1.34611
-1.04823 4.16327
-4.04747 3.84543
-3.32547 3.34251
-2.12852 -1.4944
-1.16493 1.3102
-0.903762 1.33137
-7.53631 4.41173
-7.47522 4.50587
-1.24432 4.15102
-2.47803 -0.624415
-3.01352 -0.00578693
-2.49135 0.392403
-2.99925 -0.336779
-4.2009 2.39234
-2.95093 0.562774
-2.53876 -0.17412
-8.44009 3.72054
-3.64979 3.06143
-4.10948 2.52897
-5.12217 2.56671
-0.021557 1.34279
0.193524 2.21051
-8.32595 3.94285
-1.45174 2.15655
-2.46733 -0.670494
-4.6769 1.41258
-3.40441 3.27973
-7.65209 4.235
-6.45417 5.66983
-5.71271 0.871102
-2.90747 4.54113
-2.52197 -0.371754
-4.32406 3.59555
-1.73788 2.08451
-7.6753 4.96117
-4.8583 -0.747207
-2.47628 -0.632208
-4.7652 1.11149
1.69813 1.23567
-2.17792 -2.24722
-8.08776 3.44594
-8.23466 3.11737
-7.79156 4.80332
-5.36813 2.0592
-2.9628 0.504295
-2.88886 0.799492
-2.99514 0.291563
-8.36081 3.87678
-6.36584 6.30202
-1.84431 4.05227
-5.64565 1.20797
-2.67721 -1.47127
-4.37364 2.10959
-0.986754 1.32589
-2.50447 -1.79094
-2.30082 4.75109
-1.99068 -1.7058
-1.55361 4.11127
-6.00383 6.57136
-1.51679 1.25775
-4.31364 2.20708
-4.6854 1.38676
-2.48165 -0.839812
-3.65583 4.13751
-4.876 0.509775
-4.89151 0.333628
-8.07811 4.3735
-2.95413 -0.644744
-2.35964 0.739056
-7.46354 5.22825
-4.01669 2.65287
-1.25941 4.14903
-2.95588 -0.635782
-2.54627 3.81138
-2.40649 0.644511
-6.49537 6.19691
-1.94078 4.02747
-8.32483 2.89205
-2.42351 -0.831147
-1.39414 2.16955
-2.86729 0.802027
-2.45782 -0.708763
-2.72531 3.72485
-2.54129 -0.0683368
-7.55582 5.1149
-3.00126 4.5
-2.62135 4.65183
-2.54017 0.00641671
-4.70742 3.17162
-3.74854 2.96237
-5.66348 1.12861
-3.58195 4.18566
-1.86838 4.04638
-1.87506 1.15229
-4.8577 0.649024
-2.99417 0.300067
-4.54158 3.36739
-2.3751 3.88396
-1.18537 4.15514
-2.53017 -0.295858
-3.7308 2.98069
-2.48696 1.5776
-1.86179 -1.87512
-8.00328 3.61784
-4.89473 0.312421
-5.22077 1.56924
-5.14145 2.52193
-2.49938 -1.79929
-4.13779 3.76825
-3.53863 3.16493
-5.78451 0.140956
-2.2911 -2.10472
-6.53206 6.16625
-3.0127 -0.0149139
-5.55336 1.55135
-4.00076 2.67316
-4.65937 3.22981
-2.28606 -1.19396
-1.49771 2.14947
-2.98802 -0.436217
-4.11715 2.51827
-2.99352 -0.391051
-2.10687 -1.53016
-2.03518 1.07179
-0.305367 1.3465
-2.077 1.04503
-2.99745 -0.354859
-2.53323 0.125017
-8.51614 3.56202
-2.20455 -2.21617
-2.9844 -0.463292
-6.66801 5.45245
0.489675 1.32398
-4.12672 3.77793
-2.57971 4.66667
-2.58851 -1.64548
-4.21217 2.37914
-2.82823 0.972087
-2.87612 0.839262
-2.40341 0.653709
-2.3809 0.699918
0.10933 1.33932
-1.29737 2.18492
-2.65939 1.31819
-5.77753 0.292645
-2.54256 -0.0995655
-4.76853 1.09836
-1.37831 2.17228
1.82439 2.0586
-2.77677 1.09359
-4.85186 -0.791732
-2.82548 -1.11559
-5.76799 0.426302
-2.51475 -0.42526
-4.49884 1.86174
-3.43311 4.28463
-2.42813 -0.815845
-4.18243 3.72859
-4.41905 3.49973
-2.86442 -0.998316
-2.63495 4.64705
-2.44085 4.71081
-2.29203 1.76879
-4.6811 1.39987
-2.97344 0.44533
-5.7874 6.71667
-1.81786 -1.92789
-5.67831 0.993549
-3.01326 -0.0945191
-7.9312 4.60172
-3.00095 -0.318713
-4.52635 1.80119
-4.16017 3.7485
-4.90314 0.169724
-2.91034 0.727077
-2.15805 0.983684
-7.75159 4.8493
-0.313391 2.23019
-5.6736 1.08085
-2.49398 -0.547826
-7.56248 4.37274
-1.13709 2.20439
-3.86121 3.99246
-2.44561 -0.754787
-4.90782 -0.0456734
-6.44028 6.24221
-6.2907 6.3608
-3.01336 -0.0857409
-2.23172 0.913565
-1.56625 2.13381
-4.04818 2.61194
-4.88364 0.439809
-4.39812 3.52132
-6.99176 5.74402
-2.98285 0.385901
0.679767 2.17678
-5.78716 0.0223497
-2.53285 0.134182
-1.38216 4.13593
-3.50068 3.19846
0.0839638 2.21628
-4.90564 -0.190839
-2.95952 0.521089
-0.959833 1.32778
-1.80115 -1.94738
-7.15915 5.57267
-7.54962 4.39198
-2.73098 4.61197
-3.25536 3.39555
-2.41175 1.65178
-8.55821 3.47024
-2.66986 3.75285
-2.28229 3.91941
-4.26105 2.30259
-2.13018 1.00638
-7.3887 4.62184
-2.4975 1.55231
-2.31091 1.75185
-2.84003 4.56919
-1.98081 -1.71962
-3.20467 3.43237
-2.39656 -0.915033
-2.06653 -1.59406
-2.02623 1.07715
-3.00472 -0.273733
-0.987888 4.16495
-1.7785 -1.97332
-2.579 -1.66274
-3.1636 3.4613
-3.00966 -0.157677
-2.60253 -1.61965
-2.51875 0.250202
-5.80708 6.70385
-2.8242 3.6721
-3.58537 3.1224
1.29024 2.11966
-1.98654 1.97935
-6.27209 6.37512
-4.90674 -0.147018
-0.52524 1.34514
-2.54103 -0.0308978
-2.8329 -1.10623
-2.96269 -0.599408
-5.58076 1.45864
-2.47116 0.469672
-4.40845 3.5107
-2.89632 -0.889802
-2.0245 -1.65723
-2.93441 4.52957
-2.69447 -1.43634
-2.52816 0.176389
-2.36338 3.88859
-2.73811 -1.33904
-6.50423 5.62336
-3.0107 -0.174947
-3.24538 3.4029
-4.68953 1.37401
-2.16486 -2.26281
-2.27228 -1.2238
-8.19275 4.1822
-4.90606 -0.176073
-3.0598 3.53097
-2.2326 -1.30526
1.14216 1.28277
-3.01108 -0.16611
-4.05873 3.83602
-2.46254 -1.85824
-2.00757 1.09172
-2.14192 3.96803
-1.95044 1.11813
-3.70484 4.1044
-2.79349 1.05605
-2.41235 0.633757
-2.90008 3.62909
-2.70355 4.62221
-0.220333 2.22804
-7.81105 3.97257
-2.77329 1.10119
-2.33243 0.783937
-8.50561 3.58452
-4.5634 1.71538
-2.53847 -0.181536
-2.22891 -1.31253
-4.51146 3.40089
-2.44922 0.533852
-2.9792 -0.499591
-4.94069 2.85071
-4.57141 3.33357
-7.67514 4.20961
-1.71151 4.08201
-6.7658 5.961
-2.47678 1.57769
-3.63148 3.07905
-1.92822 4.03103
-8.27156 3.02757
-2.16253 1.87157
0.591664 1.31868
-5.57181 1.48964
-2.68206 -1.46265
-1.78427 -1.96676
-7.67722 4.19512
-6.24719 6.39946
-2.45623 0.518164
-4.9023 -0.27789
-8.41771 3.76551
-4.5616 3.34477
-6.85343 5.87941
-7.33789 5.37564
-3.01084 0.0913214
-4.86807 -0.673651
-6.87059 5.86314
-3.5942 4.17781
-2.28364 0.852193
-1.07432 4.16182
-2.05732 -1.60819
-4.84509 -0.835844
-4.27491 2.27992
-5.44497 1.86838
-1.08687 4.16121
-1.74433 -2.0115
-6.84386 5.28259
-2.51757 0.256479
-2.52102 -0.379297
-2.3738 -1.99102
-2.43923 -0.777668
-3.15995 4.42463
-8.57884 3.42408
-2.41812 0.620331
-2.4839 -1.82457
-2.76645 1.11619
-7.75121 4.07429
-2.60758 1.40086
-5.78322 0.174768
-6.19611 6.4326
-4.6109 3.28774
0.0129773 2.21961
-6.51988 5.60894
-7.97072 3.68126
-2.32336 1.74039
-3.39448 3.28781
-0.657313 1.33589
-3.00735 -0.23768
-5.50928 1.6886
-5.41633 1.94217
-0.785685 1.33749
-2.34835 0.758331
-8.39509 3.81019
-3.95333 2.7311
-3.00329 -0.291767
2.40956 1.98144
-2.49774 0.36464
-2.9745 4.51199
-2.23545 -2.17652
-0.975691 4.16525
1.14136 2.13494
-1.78219 2.06905
-2.98563 -0.454352
-2.45556 1.60277
-2.93389 0.637245
-4.55247 1.74308
-2.80648 1.02568
-1.70825 1.21074
-4.42931 3.48904
0.72268 2.17334
-3.95503 3.92035
-2.1904 0.954869
-3.92009 3.94766
-2.19724 -2.22386
-1.01264 4.16423
-2.97488 0.436726
-2.5296 -0.303072
-4.0703 3.8263
-2.22034 0.925497
-7.44819 5.24667
-2.83716 0.948979
-2.89126 -0.907953
-6.69464 6.02535
-4.8974 -0.365624
-1.51689 4.11722
-2.78686 1.07116
-2.40913 -0.877001
-2.378 -0.968201
-7.9486 3.72352
-2.31993 0.802879
-3.54792 3.15659
-5.5851 1.44334
-6.32836 6.33153
-2.64681 1.33904
-2.35251 -1.03635
-2.47313 0.462791
-2.19431 -1.37853
-1.95586 -1.75388
-1.38477 1.28156
-2.73013 -1.39292
-4.75128 1.16468
-1.63341 1.2312
-2.54091 -0.0235125
-2.93703 -0.726474
-4.85354 0.676784
-2.52357 3.82155
-2.76989 1.10855
-2.98313 -0.472495
-2.11759 1.90227
-4.86396 -0.713242
-2.45164 0.53195
-1.79606 4.06362
-2.70313 3.73618
-2.90128 -0.871644
-7.76315 4.05428
-5.63051 1.27127
-4.28946 3.623
-2.7786 -1.24105
-4.15434 2.4653
-2.46745 -0.666332
-2.34777 1.7172
-2.51167 0.292521
-5.70152 0.93605
-2.40952 3.87013
-4.13951 2.48664
-0.187846 1.34565
0.698033 1.311
-1.4044 1.27838
-4.08077 2.56646
-3.01358 -0.0679066
-5.61872 1.31829
-3.33557 3.33467
-1.43954 2.16125
-3.37494 3.3035
-3.60394 3.1051
-7.25834 5.46297
-6.58648 6.12002
-4.59869 1.6283
-2.17366 4.78365
-1.76139 -1.99255
-6.35235 5.76161
-0.968145 4.15849
-2.29946 -1.16409
-7.52528 5.15291
-7.84617 3.91109
-8.33752 3.92109
-1.49241 4.12096
-4.8617 0.621205
-3.77762 4.05353
-2.23516 0.924365
-2.24431 4.76602
-4.76119 1.14843
-3.38034 4.30719
-3.46922 4.25535
-2.47456 -0.639776
-6.4217 6.25703
-2.4872 1.56504
-8.04602 3.53225
-4.1616 2.45475
-1.52572 2.14332
-2.88872 -0.916893
-8.63855 3.29407
-2.48212 0.418049
-1.5794 2.13067
-6.53972 6.17058
-3.2513 4.37782
-3.50688 4.23257
-2.46282 0.497504
-2.27259 4.75865
-6.23419 6.40399
-2.3908 0.680252
-2.96908 -0.563046
-1.67981 2.10297
-8.36727 2.77836
-2.70265 -1.41868
-1.09906 4.16059
-3.00056 0.239611
-2.50911 0.306923
-4.90158 -0.292711
-1.32255 1.29146
-2.49229 1.55878
-2.52974 0.161714
-4.88772 0.397072
-2.7322 1.18061
-0.723564 1.33999
-8.59921 3.37775
-5.85773 6.16041
-2.36225 -2.00744
-0.454312 1.34604
-1.37005 4.13739
-2.58491 1.43456
0.0492619 2.21778
-5.20041 2.41283
-2.06247 1.93685
-2.34051 0.771166
-2.95609 0.537804
-1.56578 4.10929
-2.29283 -1.17901
-2.28941 -1.1866
-4.93198 2.86359
-3.81875 2.88697
-3.80964 2.89738
-1.16073 4.15687
-4.75832 1.13812
-2.92982 0.653701
-2.69863 -1.42739
-1.66387 2.10315
1.76773 2.06552
-4.88298 -0.541311
-5.64927 1.19232
0.347256 2.20121
-1.77189 4.06907
-3.27555 3.38053
-6.57067 5.56029
-4.78799 1.01789
-2.98532 0.368804
-2.51992 -1.76532
-7.11785 4.97051
-0.912201 2.22174
-3.01327 0.0119477
-8.24214 4.09574
-2.86819 0.86292
-2.51548 -0.418493
-1.45653 1.44972
-4.90296 -0.263507
-4.10417 3.79745
-5.78633 0.0731074
-0.489546 1.34565
-2.43485 -0.792989
-6.65877 6.05715
-6.15787 6.46096
-1.79087 -1.95739
-6.26652 5.83624
-1.63075 2.1171
-2.8159 -1.14246
-2.22905 -2.18456
-7.8694 3.86966
-2.41338 -1.9333
-5.31074 2.18857
-4.55167 3.35659
-2.90848 -0.844529
-2.5097 -1.78233
2.22907 2.00633
-1.6183 2.12048
-3.94352 3.9294
-4.6978 1.34807
-5.74161 0.675041
-5.43361 1.89806
-6.56857 6.13533
-2.28491 -2.11288
-4.87764 0.495527
-5.84668 6.67797
-5.61717 6.32935
-5.20773 2.3988
-2.48785 -0.578551
-3.00666 -0.24684
-7.41688 5.28388
1.49739 2.09711
-2.50768 1.5395
-2.8777 -0.961872
-2.52885 -0.310595
-2.50223 0.342676
-4.89438 -0.409362
-2.2708 3.92361
-2.30276 -1.15666
-2.54025 -0.136101
-1.87257 -1.86181
-2.4469 0.545692
-1.7382 -2.01813
-3.13361 4.43757
-3.21238 4.39808
-0.755343 1.33878
-8.18734 3.22777
-2.0915 -2.34735
-7.98554 4.51935
-2.88943 3.63527
-2.3189 -1.11923
-2.53256 1.50725
-3.96856 2.71338
-4.72548 1.25685
-4.45562 3.44872
-4.76313 3.09906
-3.6683 4.12916
-2.35975 1.70548
-5.48517 6.41584
-1.89757 1.14269
-2.39136 -0.930271
-3.83562 4.04284
-2.66769 1.30414
-2.52727 -0.325871
-2.41728 1.64579
-1.88476 2.02811
-2.94359 0.596034
-0.206929 2.23468
-4.07137 2.58108
-2.37098 4.7315
-2.54107 -0.0984597
-5.69267 0.984329
-1.74983 -2.00537
-2.4925 -0.555396
-2.81915 0.995443
-1.28406 4.1467
-2.14516 -2.28595
-2.80962 1.01816
-5.00743 2.74787
-2.67082 1.29622
-2.15507 1.87682
-8.76076 2.97794
-2.77146 -1.25893
-5.78113 0.225245
-5.67291 6.29157
-3.8374 4.01014
-2.60256 1.40724
-4.69764 3.1827
-3.70412 3.0078
-2.53385 0.117746
-8.37536 2.75629
-2.45025 1.60889
-3.91961 2.77252
-0.866307 2.22348
-2.38342 -0.952994
1.50721 1.25296
-4.33501 2.1785
-4.00147 3.88321
-6.97418 5.76251
-7.97733 4.51111
-3.48167 4.24787
-2.42994 -1.90846
-2.35198 3.89304
-4.16904 2.44385
-2.91103 3.6227
-2.27916 1.78003
-2.07858 1.92708
-6.42041 5.70066
1.0261 1.29129
-1.61728 1.23628
-3.71295 2.99889
-6.07362 5.99539
-0.675755 2.23047
-2.11556 1.01757
-2.45844 0.511355
-4.3346 3.58519
-4.67255 1.42538
-3.0137 -0.0323024
1.08458 1.2871
-2.53975 -0.151231
-2.04372 1.06656
-8.01235 4.47785
-7.47007 4.50802
-8.11676 4.3104
-2.04717 3.99758
-4.80886 0.923446
-2.99637 3.57121
-7.87575 4.68385
-4.6505 1.48954
-2.69589 1.25456
-2.33759 -1.07403
-2.07567 -1.57988
-2.97626 0.428361
-1.95072 -1.76082
-2.41881 -0.846441
-5.45615 1.83859
-4.89643 -0.380108
-1.76027 2.07685
-1.95217 4.02461
-4.64986 3.24133
-7.99879 4.4989
-4.9065 0.069396
-5.35567 2.0882
-2.91665 -0.816967
-2.29613 -1.17164
-2.4284 1.63357
-4.55828 1.72755
-2.58944 1.42794
-2.50639 -0.478839
-2.54123 -0.0534471
-2.44773 -0.747007
-1.21086 2.19627
-6.04272 6.54405
-4.8986 0.255483
-2.7187 -1.38329
-2.53502 0.102964
-6.13897 6.47483
-1.67902 1.21909
-4.6414 1.51503
-8.16767 4.22514
-4.85561 0.663202
-5.47252 1.79395
-8.40803 2.6637
-2.53104 -0.287811
-7.83398 4.74352
-3.56931 4.1937
-5.80787 6.19516
-2.38648 3.87943
-2.99248 -0.399974
-2.51289 0.285413
-4.79715 0.977631
-4.31534 2.21243
-1.86334 1.1571
-2.31124 0.815486
1.34196 2.11417
-1.71497 2.09203
-4.74409 1.19116
-2.13274 -1.48731
-2.8864 0.807386
-5.57956 6.35442
-5.79041 0.0579562
-1.80266 1.18017
0.155161 1.33787
-4.90731 0.0263682
-2.70677 -1.40972
-4.47044 1.92169
-2.74486 4.6067
-4.83772 0.773268
-1.98003 1.10302
-1.90431 -1.82179
-8.28958 2.98256
-2.84403 -1.06147
-6.10912 5.96696
-6.68488 5.44789
-4.9011 0.21319
-6.93716 5.1804
-2.61401 3.77996
-5.24997 2.31566
-2.216 4.77323
-3.61899 4.16176
-2.13081 4.79392
-1.21006 4.15325
-2.55483 -1.70562
-4.84482 2.98899
-2.27921 -1.20889
-4.88888 2.92674
-3.09109 3.51047
-4.50115 3.4122
-6.30108 5.80648
-2.49669 4.69343
-2.7378 1.175
-2.52383 -0.356451
-1.11829 2.20625
-2.46068 0.504334
-2.54121 -0.0459029
-2.29966 1.76501
-2.49618 0.371205
-2.51364 -0.432815
-2.0849 1.03947
-1.60149 1.23906
-2.96594 -0.581225
-5.13377 2.53569
-4.77849 1.058
-2.53727 -0.204192
-6.81236 5.31621
-8.66817 3.21453
-3.78949 4.04504
-3.64078 3.07013
-2.48145 -0.608966
-2.42916 0.593322
-8.09788 3.42457
-4.90247 0.184255
-2.1402 1.88709
-4.22636 2.35725
-5.49897 1.71889
-8.60914 3.35485
-4.87677 -0.600182
-2.97985 -0.447112
-2.99835 -0.34595
-5.05606 2.6691
-2.20059 3.94842
-5.73505 0.724166
-6.93986 5.79629
-8.58891 3.40128
-3.67728 3.03433
-2.51693 -0.409932
-4.89542 -0.394919
-0.750078 2.22861
-0.998106 2.2163
0.308624 2.20367
-2.58021 1.44137
-2.49465 -0.541951
-4.83794 -0.879977
-2.63899 -1.55006
-3.98472 2.69333
-4.42919 2.00466
-1.96084 -1.74713
-2.82626 4.57477
-1.65094 4.09402
-3.56669 3.13956
-4.14676 2.47634
-4.21548 3.69867
-1.90411 2.01951
-5.50422 1.70354
-7.86211 4.70319
-8.10824 3.40252
-2.17024 -1.42229
-4.82774 -0.939135
-2.13606 1.00898
-4.701 1.34696
-5.78394 0.15764
-8.30086 2.94909
-5.76202 0.493034
-2.42098 0.613499
-2.26175 -1.24601
-4.03586 3.85512
-1.83889 2.03838
-4.74048 1.20418
-0.955757 2.21915
-4.48194 1.89771
-5.65647 1.16051
-1.2962 4.14549
-3.89448 2.80203
-7.72678 4.11476
-2.92223 -0.789998
-7.43233 5.26558
-1.0592 2.2116
-2.87273 -0.971284
-2.25825 4.7624
-1.1145 1.30316
-2.05237 1.06114
-3.01177 -0.148188
-6.47074 5.65455
-1.34386 1.28783
-1.94006 1.12311
-1.17448 2.20045
-2.55673 1.47453
-2.27878 0.85897
-5.29092 2.23105
-4.96597 2.81243
-3.22617 4.39493
-4.38624 2.08641
-3.41403 3.27185
-5.17863 2.45392
-5.07196 2.64258
-6.71716 5.41519
-2.6296 1.36673
-5.62873 1.25186
-3.14295 3.47555
-2.98768 0.351672
-4.10201 2.53932
-2.97008 0.480719
-3.01284 -0.1124
-2.25963 1.79663
-5.75527 0.559527
-2.22081 -1.3306
-2.36559 1.69967
-1.26336 2.18964
-1.89462 2.02376
-7.20561 4.86235
-4.83542 -0.89498
-4.82777 0.828177
-2.98052 -0.490646
-2.87083 0.855124
-2.09804 -1.54444
-1.23534 1.3023
-2.10213 1.9123
-7.34717 4.67833
-1.03739 4.16337
0.23176 2.20832
-2.07104 -1.58709
-2.91088 -0.83531
-2.06063 1.05585
-5.9659 6.07946
-3.00751 0.152662
-8.02547 4.45733
-0.571118 2.23188
-1.46899 2.15545
-4.88638 0.411412
-6.31805 5.79173
-8.10407 4.33127
-2.2546 -1.26086
-5.38989 6.47567
-2.41663 -0.853663
-1.90838 1.1379
-3.45638 4.26301
-3.96685 3.91099
-2.9816 0.394312
-2.53301 -0.265051
-2.21231 1.83469
-8.05192 4.41552
-2.24798 -2.16062
-2.21007 -2.20813
-2.94102 -0.708282
-2.22136 -1.32727
-2.4688 4.70221
-4.47064 3.44526
-3.0127 0.0383753
-2.53916 -0.166376
-2.56466 -1.68846
-2.37248 -0.983395
-1.85515 2.04071
-1.96395 4.02139
0.593231 2.18371
-2.81259 -1.15159
-2.45974 -0.701201
0.200331 1.33633
-2.03865 -1.63633
-6.73299 5.399
-0.489076 2.23209
-5.72558 0.789752
-1.1979 4.1542
-6.62272 6.0887
-5.58953 1.42756
-2.29708 -2.09678
-2.31965 3.90464
-1.5902 4.1051
-2.43037 -0.808303
-2.16621 -1.42945
-7.89001 4.66264
-7.37492 4.64079
-2.98411 0.377232
-2.7695 3.70173
-3.94421 2.74309
-4.45881 1.94557
-2.53869 0.0435984
-2.61831 -0.916883
-2.92075 4.53541
-2.34287 4.73949
-4.79416 0.990938
-1.12378 4.15921
-2.47321 -1.84141
-2.5218 0.22742
-4.89771 0.269528
-4.8427 -0.850605
-1.4679 4.12455
-4.31318 3.60618
-6.66847 5.46435
-2.51475 -1.77395
-8.6873 3.16741
-2.26883 -1.23113
-4.85969 0.635326
-2.18412 1.85595
-6.14445 5.93829
-8.33335 2.86966
-2.47843 -1.83311
-2.54123 -0.0833891
-7.51179 5.16518
-2.20217 -1.36389
-2.35834 -1.02121
-2.10506 -2.33209
-1.06213 4.16237
-8.25327 3.07242
-2.42074 3.86558
-2.50074 0.349927
-4.87996 -0.570738
-0.89029 2.22292
-2.71914 1.21134
-4.58381 1.66573
-1.90963 -1.81495
-3.82688 2.87849
-0.934451 2.22046
-1.68723 4.08694
-4.90614 0.0839854
-2.4691 0.47698
-5.57624 1.47438
-5.53911 1.59717
-2.79922 4.58659
-2.71072 -1.401
-3.91119 2.78247
-1.33048 2.18
-1.76372 1.19349
-4.58148 3.322
-2.67323 4.60896
-4.86736 0.579574
-2.91264 0.718838
-2.34959 -1.04383
-8.67763 3.19134
-2.88609 -0.926096
-2.54065 -0.120981
-4.90779 -0.0603643
-7.01331 5.09395
-1.81237 -1.93433
-4.17623 2.43324
-4.82689 3.01373
-5.5418 6.37925
-1.8235 -1.92124
-7.52333 4.43086
-2.53792 0.0584754
-2.93084 -0.753631
-4.79105 1.00362
0.539572 1.32144
-1.89912 -1.82842
-2.18637 -1.39315
-0.227248 1.34605
-1.83937 1.16856
-2.53962 -0.214403
-2.7915 3.68995
-3.96055 2.72322
-2.00397 1.97009
-2.08012 -1.57291
-2.24807 0.895618
-2.90613 -0.85348
-2.42294 1.6396
-3.43348 3.25575
-2.52277 0.220244
-2.95051 -0.662935
-8.01421 3.5962
-8.39188 2.70982
0.374581 2.20304
-2.53903 0.0362604
-7.79956 3.99188
-5.78432 6.21357
-5.01575 2.73463
-2.95296 3.59807
-2.55776 3.80616
-5.39258 2.0009
-1.98569 -1.71282
-4.86261 2.96412
-5.77852 0.275568
-2.94491 -0.69009
-1.91478 -1.8083
-4.43511 1.99303
-6.40323 5.71619
-2.44977 -0.739451
-3.00291 0.213655
-2.82235 -1.12446
-2.25896 3.9279
2.16873 2.01444
-1.64873 1.22725
-1.30147 1.29384
-4.89578 0.298001
-5.48711 1.74794
-4.84245 0.74572
-7.83464 3.93143
-2.57562 1.44796
-2.38876 -0.937774
-5.69562 0.968406
-3.6928 4.11261
-2.25813 -1.25355
-2.88047 4.55252
-4.8751 -0.614799
-3.07015 3.52424
-1.95071 1.99753
-6.03796 6.02357
-2.27276 1.78553
-8.21757 4.13907
-1.18904 1.30762
-5.73724 0.707956
-7.08818 5.00612
-7.90366 4.64259
-2.52077 0.234804
-5.61462 1.33423
-2.53048 0.154474
-5.94173 6.61687
-4.66913 3.21791
-2.89382 0.783467
-8.24416 3.09446
-5.78552 0.107055
-1.85176 1.16174
-2.01243 1.96547
-5.67031 1.09663
-5.78734 0.0050734
-1.8809 -1.85043
-2.31575 -1.12664
-8.31599 2.91506
-2.59149 3.79058
-2.52267 1.52024
-2.74161 -1.33001
-0.700663 2.22995
-2.94928 -0.671782
-5.70721 0.903612
-5.75349 0.575868
-2.30364 -2.08871
-2.40602 1.65793
-7.30535 4.73398
-2.38526 -1.97455
-2.01492 -1.67119
-2.51528 0.270962
-1.90424 4.0373
-2.91485 0.710825
-4.79986 3.05041
-2.17835 -1.40773
-7.91512 3.78625
-0.0561147 2.22252
-2.82514 0.979913
-2.84303 0.93343
-5.52935 1.62774
-1.85629 -1.88186
-2.79576 3.80341
-4.99931 2.76069
-4.63686 1.52754
-4.49112 3.42315
-2.76792 -1.26774
-3.695 3.01695
-2.73039 1.18963
-4.86031 -0.732666
-2.54039 -0.000944854
-2.39155 -0.920146
-5.41037 1.9571
-5.49383 1.73377
-0.845732 1.33461
-5.5487 1.5665
-2.52806 -0.318343
-2.59793 -1.62818
-4.0325 2.63246
-2.97534 -0.526628
-3.68038 4.12103
-3.01218 0.0560494
-1.99903 1.09274
-6.64103 6.07273
-4.84034 -0.865408
-7.21984 4.8444
-2.81592 1.00286
-2.04282 -1.62979
-2.94731 0.579425
-2.37566 -0.975104
-5.78505 0.123763
-2.86719 -0.989396
-1.66423 1.22313
-3.13274 3.48252
-2.99211 0.317302
