-8.99297 0.864879
-1.80698 1.46329
-4.23961 -8.81417
-0.242507 -3.08851
1.10858 -6.26909
-2.15111 7.59498
-4.10617 2.45729
2.8215 2.36494
-4.91814 6.8954
-8.7645 -2.11318
7.44431 0.0707204
-1.98207 -5.22376
nan nan
nan nan
nan nan
-8.70903 2.2839
-0.586899 -5.90551
4.18213 -5.58121
nan nan
nan nan
nan nan
7.16862 -1.84517
-9.03248 -0.711438
1.10183 7.1279
-8.22419 -3.79549
-6.62801 -6.49757
nan nan
11.5468 -3.65317
-5.5653 -7.70382
-3.45719 7.43507
nan nan
-0.772977 4.29726
1.68695 3.27235
0.70541 3.93279
nan nan
nan nan
5.23862 4.34231
10.4642 -6.81098
2.67753 -6.12229
nan nan
-2.9096 -9.57778
nan nan
-7.36461 4.93683
nan nan
-3.20687 -4.30646
-2.66318 -0.385783
6.33473 2.76564
8.04901 -9.15265
nan nan
11.1072 -1.95558
nan nan
0.783835 -3.22229
1.79232 -10.8775
0.250781 -10.6377
-6.3047 6.01798
nan nan
nan nan
-2.52822 0.696548
nan nan
-1.35812 -10.267
9.41401 -0.511697
-4.98544 -0.160191
3.44577 1.36617
nan nan
nan nan
nan nan
-8.08129 3.77932
-2.10277 4.16975
6.56829 -9.98472
nan nan
2.48733 6.30514
nan nan
3.06569 -2.14363
4.01855 5.3723
-2.30324 -1.51248
-4.20088 -3.13341
nan nan
nan nan
3.38719 -10.8057
-7.547 -5.23454
4.89666 -10.5216
nan nan
nan nan
9.34777 -8.07772
nan nan
6.54198 -3.33221
-0.468279 7.54274
-3.47073 3.49834
2.1198 -2.91076
-5.0275 1.32349
3.80843 0.337801
nan nan
3.59393 -1.00038
11.2334 -5.24147
nan nan
nan nan
5.45867 -4.75961
-4.79586 -1.6125
6.66344 1.1727
-1.45148 -2.49791
