2.93663 2.01956
-2.30557 3.91077
-4.85561 0.663202
-5.77193 0.376346
-4.31364 2.20708
-4.87341 -0.629644
-5.6736 1.08085
-2.52895 0.169163
2.97796 1.89685
-0.270981 -2.94593
-2.90343 0.751248
0.413241 3.96752
-4.58381 1.66573
-4.36698 2.12209
-2.52267 1.52024
1.20501 4.4005
-0.224131 4.11561
2.62118 3.42263
2.13177 2.98216
-2.4258 -0.823609
-5.78748 -0.0799659
-1.0919 -2.56349
-2.52732 1.51357
-2.36694 0.72607
-2.20993 -1.34921
-0.711758 4.90934
-2.95609 0.537804
-2.26175 -1.24601
-1.5932 -2.1667
-0.886276 -2.68599
3.58803 2.18259
-2.29307 0.840491
-2.00258 4.81864
-0.86054 -3.27123
-0.515638 -2.86014
1.03229 3.72329
-4.38624 2.08641
-2.75833 4.60154
-4.41905 3.49973
-1.51679 1.25775
-2.70313 3.73618
-5.70443 0.919603
-2.53502 0.102964
-2.29708 -2.09678
-2.36225 -2.00744
3.11548 2.89462
-1.29737 2.18492
-2.61401 3.77996
1.78722 4.07696
-2.96904 0.470588
-1.17448 2.20045
-4.50267 -2.05597
-4.75932 -1.26426
-2.99514 0.291563
-0.481658 4.14765
2.88018 2.10802
-2.33759 -1.07403
0.278205 4.74342
0.330468 3.99244
-0.0294201 4.08089
1.25144 3.61049
-0.114387 4.09716
-1.95982 4.83007
-0.847263 -2.70704
0.542353 3.92514
1.71656 3.31739
0.642939 1.31584
-0.879569 -3.26205
-1.37831 2.17228
-2.33656 0.777466
-1.19092 2.19739
-2.45544 3.85108
-2.24798 -2.16062
-2.26885 0.871257
0.474157 4.68701
-2.82626 4.57477
0.263888 4.74722
-3.61305 3.09655
1.63674 3.37329
-2.3465 -2.01302
-3.283 3.37614
-0.599049 -3.38492
-4.84007 0.759701
2.02295 3.07792
-2.54129 -0.0683368
0.225485 -3.05827
2.11064 2.02214
-0.361503 4.84108
-1.85615 4.0494
-8.83474 0.560855
-2.65526 1.32509
-2.50768 1.5395
0.15688 2.21252
-2.08298 3.98671
-1.88625 1.14758
0.332728 4.72474
-4.0325 2.63246
-0.930927 4.91656
-2.32522 -1.10418
-4.79616 -1.1017
-3.54423 4.20911
-0.559339 1.34454
-1.81403 2.05714
3.64555 2.04999
-5.61462 1.33423
-1.62925 4.10054
2.255 2.86633
-1.02952 -3.1852
0.997364 2.14894
-5.70152 0.93605
-1.15762 -3.1129
-2.88886 0.799492
-1.49773 -2.88794
0.538086 3.92825
-4.68339 -1.54429
-4.14676 2.47634
-5.47252 1.79395
-2.0005 -1.69192
0.289275 -3.06408
-2.82235 -1.12446
0.875632 3.79516
-2.93786 0.620744
0.262662 -3.06083
1.24056 2.12485
2.96101 1.97987
-2.82514 0.979913
0.42717 2.19586
-2.63899 -1.55006
3.70883 1.95458
1.82353 4.05355
2.97302 1.95996
-2.92778 0.661793
-0.305204 -2.93523
3.10771 1.71822
0.307119 -3.06613
-2.99248 -0.399974
-2.49465 -0.541951
-2.97488 0.436726
-2.59856 1.41444
-0.756278 4.16098
-0.369771 -3.46653
-9.22555 1.04669
-5.75349 0.575868
-4.61083 3.26129
-2.64681 1.33904
-2.49926 0.356958
-2.99313 0.308815
-3.72429 2.99813
-2.23947 -2.13874
-5.57624 1.47438
-1.01851 4.91767
-2.97507 3.58435
1.33513 4.33636
0.0327298 -3.02302
-2.48796 0.406558
-4.3609 2.13266
-1.85629 -1.88186
-2.5937 4.66139
2.42066 3.60473
-0.767938 -2.74776
-4.87266 0.537814
-5.66348 1.12861
-2.79592 -1.19637
-2.58944 1.42794
2.00994 3.90351
1.97909 3.94859
-0.555699 4.15396
-4.49884 1.86174
-2.54107 -0.0984597
-1.88825 4.84332
-0.968145 4.15849
-2.86719 -0.989396
2.99074 1.93014
2.10504 3.00635
-2.23282 1.81856
2.49571 3.53868
2.82141 2.19543
-2.97985 -0.447112
-3.27727 4.36403
-4.34163 2.16691
-4.74775 1.17774
-5.29716 2.21672
2.48053 2.63075
-4.54158 3.36739
-2.53445 0.110249
0.173978 -3.04827
-1.54188 4.89106
1.88372 4.01386
2.93571 3.09643
-2.91317 -0.826356
-0.54442 2.23203
-2.63646 3.76919
-1.72649 -2.03084
-2.78905 -1.21431
-2.3506 -2.02382
-4.87677 -0.600182
-3.92776 2.76284
-1.78219 2.06905
3.02563 1.86985
-9.29443 0.144341
-2.9903 -0.418091
-4.90416 -0.234332
-1.63075 2.1171
-0.692182 1.3411
-0.907872 -3.24817
-2.98802 -0.436217
-2.13274 -1.48731
-9.27274 0.603856
0.294036 1.33279
2.97777 3.06997
-4.90267 0.098974
-4.79416 0.990938
-4.83293 -0.909552
-0.0340787 4.8166
-0.105984 1.34447
-1.38394 -2.35164
1.39941 4.30292
1.07305 4.46177
-5.68741 -1.13407
-3.21238 4.39808
-2.54123 -0.0534471
-2.53748 0.0659389
-3.64369 4.14554
-1.57423 -2.18481
1.99527 3.10131
-1.14109 1.31265
-2.99471 -0.381821
-2.53975 -0.151231
-2.43485 -0.792989
0.681443 3.87457
-2.35223 0.75063
-1.79281 2.06515
-8.82471 0.688487
-4.88921 -0.480198
-5.72465 -0.907722
-1.92822 4.03103
-8.82245 0.714397
-1.59984 4.88549
-3.65583 4.13751
-5.53911 1.59717
-5.71802 0.838519
-0.698016 4.90611
-1.11225 -3.13922
-2.89632 -0.889802
-2.6904 -1.44503
-5.07973 2.62948
-2.84588 0.925743
-2.8499 -1.04341
-2.51247 -0.440594
-1.82764 1.17103
2.17653 2.94115
-0.277866 4.85979
2.68254 3.36314
-2.54017 0.00641671
-2.8159 -1.14246
-2.09988 -2.34023
3.57455 2.2064
-0.191787 4.84592
1.56955 1.24744
-1.52961 -2.22629
-0.916253 -2.66907
-1.45564 -2.9186
-1.55361 4.11127
-1.81786 -1.92789
-2.90639 0.743766
-3.38034 4.30719
-2.88047 4.55252
-1.40945 4.92029
-2.91088 -0.83531
-1.48412 4.89745
-5.76934 0.409828
-1.68723 4.08694
2.71269 3.33323
-5.65294 -1.30804
-2.92982 0.653701
-1.41347 -2.73003
-2.27916 1.78003
0.939623 4.51912
2.87384 2.11766
-5.78758 -0.0458184
-2.39155 -0.920146
-2.49297 0.385416
2.78511 1.9266
3.43235 2.44127
-2.43697 0.573037
-0.27264 -3.505
3.13879 1.65677
-2.02623 1.07715
-2.98768 0.351672
-2.95051 -0.662935
-2.58021 1.44137
-9.26867 0.657647
0.693155 3.87007
-4.78667 -1.14588
-3.31565 3.3501
-2.57088 1.45474
-4.78166 1.04478
-5.17863 2.45392
-2.00397 1.97009
-5.77943 0.258971
-2.4975 1.55231
-1.32424 4.9094
-5.73949 0.691272
0.722639 4.60347
-2.3738 -1.99102
3.28581 1.32489
-2.52974 0.161714
-1.91699 4.83814
0.952882 4.51362
-4.9052 -0.205187
-5.43361 1.89806
-2.77146 -1.25893
-4.90084 -0.307109
-1.75815 -2.69223
-2.05237 1.06114
-2.48629 -0.58612
-2.87311 3.63833
-1.23677 4.9137
-2.53609 0.088159
2.30606 2.81571
0.0888964 -3.0351
0.965365 3.75486
-4.60729 -1.77918
-2.68794 1.26884
-2.62543 -1.57634
-5.63817 1.23966
-3.63586 4.16637
-2.76645 1.11619
-5.5194 1.65822
1.84775 4.03772
0.111862 -3.03802
-3.00889 -0.21086
-1.7768 1.18914
-1.75002 1.19789
1.33615 3.55991
-2.19655 0.94875
-1.96395 4.02139
2.77415 2.26264
-4.77849 1.058
-1.77189 4.06907
-9.25198 0.84479
-4.18243 3.72859
-3.68612 3.02581
3.64686 2.07502
-1.39073 -2.34614
-5.56267 1.52054
-3.26448 4.37084
-4.73316 -1.36756
0.155161 1.33787
-5.73724 0.707956
3.73848 1.89397
0.969959 1.29524
1.00654 4.49089
-0.628444 -3.37327
-3.96685 3.91099
-5.257 2.30142
1.82439 2.0586
3.26912 1.36683
-2.63443 -1.55891
0.387424 -3.07408
-0.559503 -3.40017
-3.01291 0.0296585
-9.27992 0.496007
-2.96597 0.487461
-5.34945 2.10243
-1.34653 2.17754
-3.00435 0.196229
-3.77481 2.93478
-4.86361 0.607478
-3.36734 4.31455
-0.655243 -2.8011
-9.21799 1.13666
-2.65939 1.31819
-2.81592 1.00286
-0.199663 4.11174
-4.89214 -0.438693
-2.87612 0.839262
-3.04109 4.48178
1.77483 4.08485
2.91691 3.11752
-4.83542 -0.89498
-4.14915 3.75825
-2.7786 -1.24105
1.04323 3.718
-1.99068 -1.7058
-3.88624 2.81154
-1.01264 4.16423
-4.81718 0.882874
-1.64265 -2.11812
-2.09442 1.91721
-2.48696 1.5776
2.50619 3.52926
-2.21913 1.82939
-8.86454 0.0515277
-1.76027 2.07685
-5.67031 1.09663
-2.50447 -1.79094
-3.24538 3.4029
3.17839 1.57465
-3.06767 4.46936
-1.34386 1.28783
-9.25715 0.791327
-0.420227 4.14143
1.14216 1.28277
-5.75875 0.526311
3.22981 1.46067
-1.57244 -2.83139
-1.85515 2.04071
-2.43443 0.579744
-9.18321 1.373
-5.73896 -0.8033
-2.44085 4.71081
3.15385 1.62607
-1.98003 1.10302
-0.469509 4.14649
-1.86179 -1.87512
-1.36273 2.17487
-1.94569 4.83278
-0.816404 1.33608
-3.89448 2.80203
-1.50483 4.11908
-2.04344 -2.40016
-5.49897 1.71889
-2.21373 -1.34198
-2.88943 3.63527
-1.78416 4.06633
-0.695709 -2.78254
-0.726144 -3.33251
1.09962 4.44984
0.0591557 -3.02828
-2.3093 -1.14166
-8.66203 1.76186
-2.20059 3.94842
-0.399894 -3.45673
-0.210922 -2.9637
-0.901859 -2.67739
-2.52885 -0.310595
0.954322 3.75995
-3.30316 4.35007
-0.234797 4.85304
1.26155 3.60479
2.18772 3.7951
-5.76348 -0.578406
-2.67721 -1.47127
0.670061 3.8789
-2.51475 -1.77395
0.0654781 1.3406
-3.00329 -0.291767
-5.5487 1.5665
-2.7864 1.06029
3.2162 1.49173
-2.34287 4.73949
-3.55702 4.20146
-2.53903 0.0362604
-2.43955 0.566118
-4.00147 3.88321
-4.64002 3.25314
-3.00666 -0.24684
-1.51449 -2.8755
-4.89542 -0.394919
1.68682 3.33851
-5.66712 1.11303
0.249974 4.75087
-2.56938 -1.67997
-2.54103 -0.0308978
-0.998106 2.2163
-1.22842 2.19414
-2.99388 0.34598
3.39472 2.49902
-2.80231 3.68409
-2.53364 -0.257321
-9.28942 0.306846
-0.0627217 4.8223
-0.815647 -2.72359
-4.89151 0.333628
-2.05925 3.99394
-2.40217 -1.94988
-4.04818 2.61194
-1.39463 4.13439
2.52738 3.51007
-0.0489646 -3.00602
-2.53823 4.68
-5.78458 -0.233873
-1.95072 -1.76082
1.66679 3.35254
-2.10213 1.9123
-2.79576 3.80341
-2.68979 3.73972
-3.00136 0.231051
-1.98569 -1.71282
-5.14888 2.50855
-2.90747 4.54113
-4.10201 2.53932
-1.94571 -1.76755
-3.93116 3.93758
-2.66943 -1.4889
-0.82232 -3.28929
-2.09804 -1.54444
-2.62095 -1.58492
-2.04372 1.06656
-8.84289 0.432693
-3.15344 3.46834
2.54087 2.56061
-0.931681 1.32993
-5.6998 -1.0643
1.35757 3.55018
-3.32547 3.34251
-1.13946 -3.12353
-2.56599 4.67078
-2.48957 3.83648
2.74647 2.30081
-2.48444 0.420675
-0.516538 2.2321
-3.50688 4.23257
-1.12378 4.15921
-2.54046 -0.128653
1.15394 3.65736
-5.77652 0.309215
-1.46446 -2.28419
0.446245 4.69555
-3.43348 3.25575
0.949545 2.15341
-1.64929 -2.11159
3.18803 1.55397
-1.92952 -2.51795
-9.2815 0.469386
-2.28842 0.846609
-2.34051 0.771166
2.05072 3.0541
-0.727155 4.90801
-1.13607 -2.53447
2.59027 3.4519
-8.83094 0.612123
0.872321 4.54648
3.53327 2.27753
2.40588 2.71194
-0.227708 -3.50908
-2.18412 1.85595
-2.52731 0.183784
-2.81915 0.995443
1.06538 3.70718
3.32152 1.23037
3.54031 2.26553
-2.51693 -0.409932
-5.6175 -1.46482
-2.49135 0.392403
-0.65383 4.16042
-2.22136 -1.32727
-2.44201 0.559388
-3.51971 3.18176
-1.04823 4.16327
-2.67989 1.28305
2.54845 3.49078
-0.107128 -2.99144
-5.30471 -0.0100043
-0.925027 -2.66442
-2.57971 4.66667
1.58964 4.19741
0.0371738 4.80168
-0.777946 4.16514
-4.75128 1.16468
3.09185 1.74868
-1.68555 -2.74022
2.16755 2.94949
-1.95857 -2.48884
-1.95217 4.02461
-5.78716 0.0223497
1.50721 1.25296
-1.98476 1.9619
-4.76996 -1.21964
-0.420025 -3.45003
-1.28406 4.1467
-4.32187 2.20124
-2.80648 1.02568
1.8959 4.00569
-0.330662 -2.92701
-2.35834 -1.02121
-0.70278 1.99198
-2.23516 0.924365
-2.07423 4.80652
-2.41402 -0.861726
-4.31318 3.60618
-2.01543 -2.43005
-1.61186 -2.1486
3.31379 1.25144
-1.80266 1.18017
-5.7411 -0.786174
1.98533 3.10939
-5.72558 0.789752
-4.51146 3.40089
-9.2465 0.898155
-2.02948 -2.41513
-0.503649 -2.93358
-2.66252 4.63722
-4.90782 -0.0456734
-8.74247 1.34382
-5.74161 0.675041
-4.11426 3.78575
-2.84698 -1.05257
-1.7588 4.86446
-1.36339 -2.36821
0.571251 4.65599
-3.96055 2.72322
-2.15805 0.983684
3.24761 1.41896
-3.83534 2.86914
-2.53962 -0.214403
-1.88853 -1.84185
-4.86988 -0.659122
-4.4048 2.05163
-1.43848 4.1299
-2.91485 0.710825
0.658328 3.88333
0.485845 -3.08095
0.831414 4.56255
-8.81775 0.765414
-1.66423 1.22313
2.53289 1.96388
-2.5348 -0.242081
-4.01669 2.65287
-9.25958 0.764952
-5.70721 0.903612
-3.23847 4.38455
1.63562 1.2406
2.11895 3.84738
-1.73575 4.07693
-4.02445 2.64293
-2.67362 -1.48024
-4.55167 3.35659
-2.15924 4.78711
0.333777 -3.069
0.182749 -3.04967
-8.81532 0.790493
-5.6718 -1.20386
-0.0894692 2.22381
-0.0548461 -3.00404
3.34833 2.56801
-2.20524 1.84012
-2.75322 -1.30343
-2.01709 4.81864
-1.65355 -2.76671
1.38273 1.26362
-2.18637 -1.39315
0.122636 4.78241
-2.04568 4.81267
-5.60228 1.38099
-4.6854 1.38676
1.33632 3.56253
-5.77437 -0.440031
-5.77825 -0.371132
-2.35674 4.73583
-3.36512 3.31139
-1.37709 -2.35721
-3.54792 3.15659
-8.8502 0.277782
3.34018 1.18228
-1.12034 -2.54857
-2.89382 0.783467
-2.45193 -0.731505
-2.21007 -2.20813
-4.88638 0.411412
-0.839223 -2.71128
-9.23773 0.977627
-0.0287231 -3.00998
-1.04697 -2.59199
-2.9745 4.51199
-1.77128 2.07317
-4.52098 1.81321
-5.04 2.69548
-4.20457 3.70852
-0.186562 -2.97087
-5.78198 -0.302628
-4.67827 -1.56017
-2.86776 3.64769
1.81154 4.06128
-2.44773 -0.747007
0.271443 -3.06193
-8.76591 1.19395
-8.85658 -0.0332808
3.32529 1.21998
-3.85242 2.85006
-2.19431 -1.37853
0.598935 4.64677
1.61651 3.38707
3.23403 1.45058
-0.187616 4.10979
-2.94102 -0.708282
-0.960119 4.9171
-5.58953 1.42756
-4.21548 3.69867
3.26058 1.38776
-3.50068 3.19846
-0.845732 1.33461
-2.26883 -1.23113
3.2928 2.64761
-1.70825 1.21074
-1.05714 -3.17014
-3.00957 0.117578
0.512625 -3.08228
1.48325 3.474
-4.73709 -1.35256
2.35253 2.76971
-5.65295 1.17619
-2.40341 0.653709
-2.52647 0.191036
2.75268 3.29282
-2.72531 3.72485
-2.84003 4.56919
-2.90008 3.62909
-2.46549 -0.678064
2.45112 1.15703
-0.206929 2.23468
-1.0592 2.2116
-2.47116 0.469672
-9.29229 0.2257
2.86091 2.13718
-2.41881 -0.846441
0.539572 1.32144
-1.23474 4.15122
-2.4469 0.545692
-3.01327 0.0119477
-1.87578 -2.57793
-0.0723191 -2.99994
-2.49096 -0.563188
-0.253823 -2.95114
0.911574 4.55319
0.612121 3.90038
-1.2589 -2.44831
-2.53381 -0.322785
-2.84582 -0.0667824
3.29796 1.29353
-2.95445 0.546082
0.200331 1.33633
3.11663 2.88138
-4.51543 1.82548
-2.077 1.04503
3.19288 1.54344
-4.04024 2.62236
3.00968 3.01124
-2.21461 0.931345
2.55629 2.54244
-0.750078 2.22861
-0.567254 4.89549
-4.63721 -1.69102
-2.45164 0.53195
1.46243 3.48699
-1.10566 4.91724
-3.66801 3.04368
-0.379723 -3.46333
-2.46068 0.504334
-1.69699 -2.0623
-4.83516 0.785279
2.71909 2.338
-0.500857 -3.11585
-5.00743 2.74787
-4.45562 3.44872
-9.17902 1.39878
-2.97059 -0.554091
1.529 4.23547
-0.393545 4.87608
-4.07137 2.58108
-5.76651 0.443229
-4.302 2.23503
-2.22034 0.925497
-2.62135 4.65183
-2.17436 -1.41491
1.15334 3.66275
-9.23458 1.00457
-2.71914 1.21134
-1.83287 -2.61053
-1.07557 -3.15993
-4.13779 3.76825
1.73639 3.30311
-8.78985 1.01826
-1.12125 -3.13407
-5.75621 -0.647435
-2.61179 -1.6023
-2.74141 1.16778
-1.38216 4.13593
-1.45582 4.12626
-1.72666 2.08823
1.84379 3.22295
2.69252 3.35329
-0.523999 -2.85489
-0.926765 -3.23874
3.65315 2.06317
1.22933 3.62243
-2.95788 0.529348
-5.69267 0.984329
-2.99417 0.300067
2.0844 3.87301
-0.0768453 4.82505
-0.0373491 -3.00804
-1.58555 4.88712
-5.76798 -0.526207
-2.54256 -0.0995655
-3.00985 -0.192895
2.92427 2.03934
0.0516491 4.79852
-4.5373 -1.96907
-2.73811 -1.33904
-1.96567 -2.48163
-4.49112 3.42315
-1.64562 -2.77319
-3.00783 -0.228842
3.72669 1.91832
-2.34959 -1.04383
-1.2659 -2.44315
3.35626 2.55638
-4.28852 2.25753
-2.90848 -0.844529
-2.66508 -1.4978
-5.60849 -1.4828
-2.22404 3.9403
-4.8844 -0.526821
-2.52077 0.234804
-2.14123 -1.47289
-0.283102 2.22957
2.06113 3.89004
-0.373602 2.23118
-1.78427 -1.96676
2.05972 3.04628
3.27457 1.05314
-5.78121 -0.319587
2.31464 2.80704
-1.8809 -1.85043
-2.27921 -1.20889
-2.06653 -1.59406
-0.889203 4.16634
-1.34282 -2.3845
-1.63341 1.2312
-2.13281 1.89214
0.885643 4.54113
-2.99103 0.326036
-2.58851 -1.64548
-2.53739 1.50082
-0.869922 -3.26672
-5.38044 2.0301
2.25526 3.74208
-4.81447 0.896251
-2.1402 1.88709
-3.74094 4.0787
3.09711 1.73863
1.48865 4.25466
1.26104 1.27355
3.04249 1.83983
-5.24337 2.351
0.151049 4.77566
2.60297 2.48663
-4.99931 2.76069
3.7489 1.85701
-2.53285 0.134182
-1.4044 1.27838
2.03776 3.90695
-4.90606 -0.176073
-0.0809187 -2.99788
-5.77852 0.275568
2.29769 2.82411
-1.92517 -1.79476
-2.19832 1.84537
-1.5116 2.14646
-2.53301 -0.265051
-2.24002 -1.29048
-2.51042 4.68904
-5.02379 2.72174
-3.39294 4.3
0.193524 2.21051
0.041538 -3.02482
-5.19326 2.42642
-1.63035 -2.13039
-2.1904 0.954869
-2.34058 -1.06659
-3.00126 4.5
-1.06938 -2.5779
-2.07109 -2.37001
-1.09866 2.20811
-1.65487 -2.10579
-2.1199 -1.50877
-0.677546 2.24395
-1.25941 4.14903
-2.19187 1.85171
3.62745 2.11122
-2.53916 -0.166376
2.99137 3.03266
0.556581 4.65884
0.704508 3.86568
0.191498 -3.051
-2.16486 -2.26281
-5.2431 2.32945
-1.45174 2.15655
-1.27293 -2.43789
-5.59152 -1.56946
3.11307 1.70781
-2.69216 3.74173
-1.30027 -3.02467
1.97661 3.11686
-4.47044 1.92169
-3.84915 4.00148
-2.45025 1.60889
-2.51475 -0.42526
-2.53499 -1.73986
-0.0897677 -2.99574
-1.39414 2.16955
-5.3978 1.98585
-4.70487 -1.47074
-2.92075 4.53541
1.50882 3.45636
-4.26816 2.29091
-2.7304 -1.35681
-1.87506 1.15229
-4.20513 2.3899
-5.66738 -1.23824
-1.1979 4.1542
-1.4043 -2.33501
-1.76705 -1.98622
-0.417495 1.34647
-3.60394 3.1051
-0.15051 -2.98031
-4.85407 -0.776745
-1.25156 4.91308
-2.42294 1.6396
-0.489546 1.34565
-1.84055 -2.60341
-1.83889 2.03838
-1.78986 -1.96038
1.29361 3.58689
-4.25436 2.31313
-2.13018 1.00638
-1.86502 2.03658
-5.78552 0.107055
-0.994054 -2.62428
-2.45384 -0.724109
1.39986 3.52515
-4.84921 0.704484
-3.01177 -0.148188
1.96738 3.12449
-1.46899 2.15545
-1.23037 -2.46907
0.390278 4.71216
0.52983 4.66948
2.03231 3.06993
-0.273131 4.12291
-1.70923 -2.72024
1.12033 3.6797
-0.219416 -2.96126
0.211485 4.02523
-2.80962 1.01816
3.01407 1.89004
-2.17366 4.78365
0.0941856 4.78899
-1.75997 4.0717
0.719912 3.86052
-1.56578 4.10929
-2.76989 1.10855
-1.32896 -2.39534
-2.85161 0.910121
-5.31739 2.17407
-1.49241 4.12096
-1.83467 -1.90801
-2.78012 1.0862
-4.73676 1.21706
-9.19149 1.32059
-2.53048 0.154474
-0.285214 4.12463
-2.54129 -0.0609274
-3.01247 0.0473541
-5.76504 -0.560833
2.94888 1.99974
3.30594 1.2725
-9.2871 0.361108
-0.523839 -2.85688
0.221701 4.75817
0.0502154 -3.02654
-4.2009 2.39234
-2.27736 -1.21416
-1.83998 -1.9016
-2.26612 1.79118
-3.82688 2.87849
-5.62266 1.30279
-3.01236 -0.130284
-4.75576 -1.27884
-2.41887 -1.92511
-1.40673 4.13285
-2.41338 -1.9333
-2.97211 -0.544871
-2.99902 -0.301796
-5.78633 0.0731074
-2.76792 -1.26774
-2.25813 -1.25355
-2.73655 3.71904
-2.60587 -1.6107
-3.9783 3.90186
2.55682 3.47975
-0.509138 4.88967
1.45215 3.49336
-2.50644 0.321291
0.460409 3.95254
-2.11831 3.97563
3.49208 2.34802
-2.99772 0.265627
-1.15788 -2.51968
-2.83177 -1.09756
-4.85969 0.635326
-4.88582 -0.511902
-2.84403 -1.06147
-1.01094 -3.19516
-2.0245 -1.65723
-2.96594 -0.581225
-4.90681 0.0552037
0.138546 -3.0426
-2.17835 -1.40773
3.66579 2.03907
-3.81875 2.88697
0.0801517 4.79217
-0.901405 4.1663
-5.63768 -1.37785
-0.700663 2.22995
-4.52635 1.80119
-5.06382 2.65595
3.71712 1.77279
-4.10948 2.52897
-2.97534 -0.526628
-2.54059 0.0172502
-5.75706 0.542683
-2.49938 -1.79929
-4.82777 0.828177
1.473 3.48041
-1.19446 -2.49454
-1.79087 -1.95739
-1.34545 4.14024
-0.540436 -2.8502
-4.52143 3.38987
-0.133151 -2.98485
-0.306751 4.86411
-3.74854 2.96237
-4.60844 1.60335
-2.51289 0.285413
-4.73437 -1.39329
-0.571118 2.23188
-2.5089 -0.463492
0.640158 4.63272
-1.55526 -2.20263
-2.67588 1.29003
2.611 3.43231
-2.83795 -1.07952
-0.494171 4.14881
-2.60758 1.40086
2.47032 2.64141
-2.47803 -0.624415
-8.7695 1.16925
-2.24735 -1.27568
2.32296 2.7986
-4.80308 0.950573
-4.28098 3.63722
-5.73505 0.724166
-4.86428 -0.703151
-2.52816 0.176389
-0.248156 -3.50334
2.18523 2.93303
0.0063652 -3.0176
-4.34802 2.15563
-4.82522 0.841664
-4.48462 -2.09973
-3.58636 3.12652
-5.5851 1.44334
-4.49664 -2.07071
-4.90391 -0.247493
-0.0561147 2.22252
-0.598093 -2.82619
-5.71685 -0.959721
-8.6726 1.71299
-8.69769 1.59066
3.22072 1.48149
-1.82896 -1.91477
-1.86838 4.04638
-4.45004 3.46722
-4.15434 2.4653
-1.61728 1.23628
-2.78562 -1.22314
-4.25925 3.65783
-1.83937 1.16856
-2.7378 1.175
-4.65146 -1.64718
3.33283 1.19888
-5.76192 -0.595478
-2.53831 0.0511486
-3.61899 4.16176
-5.16384 2.48129
0.401596 3.97114
-2.87083 0.855124
-5.50422 1.70354
3.77853 1.80865
-0.626866 1.34302
-2.9266 -0.771813
-4.53714 1.77674
-2.91264 0.718838
2.6622 3.38307
-0.344148 2.23074
-0.579299 -3.3926
0.357634 -3.07621
-3.00175 -0.309815
-3.00291 0.213655
-2.54121 -0.0459029
-2.44977 -0.739451
-2.47513 0.455694
1.04436 2.14446
-5.55336 1.55135
-2.79672 1.04859
-5.78747 -0.0117134
-3.0137 -0.0323024
-0.728434 4.16366
-3.01028 -0.18405
-4.41902 2.00697
-3.6928 4.11261
2.80802 2.21475
-2.64334 -1.54145
-2.01243 1.96547
-1.65556 2.11011
-2.40042 1.66388
-0.765402 4.16481
1.70677 3.32439
-4.89473 0.312421
-2.47628 -0.632208
-5.64188 1.22405
-2.53769 -0.196711
-2.65099 1.33217
-4.87918 0.481678
-1.94409 -2.50343
-4.55427 -1.92498
-5.76933 -0.509165
-0.498991 -2.86668
-4.76313 3.09906
-1.08687 4.16121
-0.146631 1.34511
-2.85871 -1.01641
-3.53863 3.16493
1.37368 4.31644
0.320264 4.732
-2.25862 0.883468
1.42506 4.28927
-1.58886 -2.81857
-2.74744 3.71336
0.253613 -3.05967
-4.80231 -1.0721
-2.53635 -0.219387
-8.79604 0.967733
2.96695 1.97006
-3.8374 4.01014
-2.32914 -1.09543
-0.456807 4.14529
-1.58054 -2.82508
-1.91487 -2.5324
-4.82689 3.01373
-2.4808 0.434753
-2.60733 4.6567
-4.94907 2.8381
-8.8365 0.535564
-0.0615643 1.34038
2.1649 3.81265
-1.39592 -2.96066
1.32624 4.34721
3.28484 2.65878
-4.65506 1.47658
-3.34534 3.32702
3.36393 2.54508
-4.72548 1.25685
-2.16549 3.96027
-8.75057 1.29397
-1.62659 4.09858
-2.8312 0.964473
-1.16404 4.9161
-1.99903 1.09274
-2.45974 -0.701201
-4.00076 2.67316
-4.73306 1.23056
-2.97626 0.428361
-2.94109 0.613474
-0.432151 2.23181
-5.76651 -0.543772
-5.74577 0.642048
-4.39812 3.52132
2.60929 2.47843
2.70277 3.34312
-1.24626 2.19188
-5.78637 -0.165262
-4.27491 2.27992
2.91813 2.04906
-4.90158 -0.292711
-3.95333 2.7311
2.95439 3.07526
-1.7207 -2.03709
-0.776034 -2.74373
-4.87095 0.551614
-1.41158 -2.94752
-2.22281 -2.19235
-0.987888 4.16495
-2.29966 1.76501
-2.02919 -1.65034
-4.88364 0.439809
-2.3189 -1.11923
-0.134257 4.83581
0.0190804 4.07083
-4.90642 -0.16174
-8.73407 1.39339
-4.89141 0.354805
-5.75859 -0.630148
-3.55745 3.14796
-3.01002 0.108918
-5.60905 -1.49971
0.0839638 2.21628
-2.62508 3.77467
2.26349 2.85803
-4.63686 1.52754
-1.80363 2.0611
-4.86031 -0.732666
-2.13081 4.79392
-2.40944 0.640357
0.912665 4.5302
-3.49447 4.24013
2.8543 2.14706
-8.62287 1.93154
0.0231077 4.80471
-2.52357 3.82155
-2.42098 0.613499
0.858559 4.55191
2.64548 2.42376
0.626565 4.63739
-2.33304 -2.04817
1.99425 2.03727
-2.95 -0.59367
-2.87817 -0.953163
2.39893 3.62341
-3.8135 4.02767
-2.46099 1.59643
3.19754 1.53325
-4.53184 1.7888
-2.99705 0.274278
-5.45053 1.85374
-5.41037 1.9571
0.979745 4.50233
-3.00095 -0.318713
3.63402 2.09905
-2.61199 1.39415
-1.18537 4.15514
-2.81286 4.58015
-2.71747 4.61705
-4.90674 -0.147018
-4.8583 -0.747207
-2.64251 1.34611
-4.90564 -0.190839
-2.14552 -1.46556
0.179423 4.76876
0.390474 1.32867
3.34025 1.17776
3.44721 2.418
2.6005 3.44226
-1.80238 -2.63812
-5.73437 -0.838097
-3.00632 0.170162
-2.36688 -0.998574
-2.24807 0.895618
2.5868 2.50588
-2.56623 1.46128
0.103493 4.05194
-3.5942 4.17781
-2.91665 -0.816967
-8.68784 1.63983
-4.59122 3.31072
1.87253 3.20066
-2.03865 -1.63633
-4.71657 3.15892
-2.7695 3.70173
-2.54496 -1.72276
-4.89327 -0.424239
-2.4872 1.56504
0.476747 -3.08045
-4.88504 0.425325
-2.3972 0.667007
-2.51528 0.270962
-2.40669 -0.884523
-2.97201 0.453676
0.423235 -3.07694
-2.41663 -0.853663
-5.62974 -1.41274
-4.79914 -1.08706
1.29024 2.11966
-3.13274 3.48252
-1.66291 4.09172
-0.465808 4.88489
2.11419 2.99815
1.87994 2.05172
-2.04608 1.9465
-2.51757 0.256479
-0.798142 2.227
-2.37735 1.68783
-3.21479 3.42509
-8.74662 1.31854
1.43123 3.50619
-0.292517 4.862
-2.52806 -0.318343
0.227051 -3.05612
-1.54247 -2.21449
-2.89126 -0.907953
2.72552 2.32915
0.761774 3.84298
1.95786 3.13233
-3.0598 3.53097
-2.38482 4.72749
-2.70355 4.62221
-2.25287 1.80219
-3.45638 4.26301
-8.77313 1.14377
-8.73837 1.36834
-0.465565 -2.87949
-2.97344 0.44533
-4.79986 3.05041
2.84835 1.91696
-0.711865 -2.77495
-2.17133 0.972193
-2.69863 -1.42739
-1.52272 -2.86934
-8.76213 1.22685
-1.73788 2.08451
-0.630882 -2.81195
-2.39656 -0.915033
-4.701 1.34696
2.34964 1.98978
-2.09285 1.03409
-4.80018 0.963913
-2.48145 -0.608966
-3.78369 2.92534
-4.67857 3.20632
2.9789 1.95013
-2.50109 -0.509543
3.10922 1.87599
-4.90575 0.0981726
-3.0107 -0.174947
0.292098 4.73969
-3.00966 -0.157677
-2.31471 4.7473
-5.58708 -1.58663
-5.78338 -0.268233
1.21835 3.62837
-8.84916 0.304028
2.66098 2.41363
-1.09921 -2.55875
-2.40913 -0.877001
-0.774632 2.22783
1.93223 2.0461
-2.87001 -0.980209
-5.33671 2.13125
-1.66387 2.10315
0.280488 -3.06303
0.405326 -3.07556
-2.80934 -1.16045
2.51907 3.19784
1.08655 4.45574
-2.3288 3.90198
-2.32336 1.74039
-0.378863 4.87413
-4.80886 0.923446
-4.63145 1.54635
-0.936052 -3.23406
-1.99429 -2.45219
-0.872554 4.91496
-2.55966 -1.69716
-1.19386 -3.09146
-0.783889 -3.30693
1.01004 3.73393
-0.755343 1.33878
-1.03865 -3.18025
-1.42444 -2.31827
-9.28608 0.389528
3.2185 1.50048
-1.87786 -1.85523
0.931864 3.77018
-9.23146 1.03074
-2.48785 -0.578551
-2.73098 4.61197
-2.34659 -1.05148
-9.25469 0.818944
-2.37248 -0.983395
2.27767 3.7241
-4.11715 2.51827
-4.65937 3.22981
-0.755072 -3.31984
-5.14145 2.52193
2.26664 3.73297
1.44371 1.25846
-0.789747 -2.73629
-5.22077 1.56924
-2.48255 4.69789
3.52467 2.23892
1.315 3.57476
-0.323 -2.92968
-4.9063 2.90153
-1.43125 -2.31255
-4.51126 -2.03167
-4.88772 0.397072
-2.4617 -0.693413
-1.7035 2.09567
-1.5275 4.8933
-2.74486 4.6067
-3.94421 2.74309
1.81485 3.24502
-2.79349 1.05605
1.41023 3.51892
-1.45653 1.44972
-0.0780344 4.09041
-4.19075 2.41163
-0.770669 4.91054
-0.940483 -2.65562
2.00269 3.93196
-4.76119 1.14843
3.19391 2.78211
-4.3559 3.56405
-4.48194 1.89771
0.20051 -3.05233
-3.71295 2.99889
-0.37101 4.1358
-8.81343 0.830954
-4.74436 -1.3237
-2.54091 -0.0235125
0.389594 3.97482
-5.76202 0.493034
0.85297 3.80497
3.34755 1.15662
-3.01108 -0.16611
-1.97297 -2.47419
-1.1732 4.15602
-2.38526 -1.97455
1.56452 4.21192
-4.84472 0.732124
-5.13377 2.53569
-2.48212 0.418049
3.12011 1.07401
-1.93252 2.00672
1.32582 3.56857
0.127618 4.04623
-1.69109 -2.06848
2.5716 2.52419
-2.69589 1.25456
0.62373 3.89618
-4.10417 3.79745
-4.89771 0.269528
0.483927 3.94486
-2.49229 1.55878
-1.98784 4.01475
-2.87353 0.847083
0.449983 -3.07881
3.1489 1.63621
-1.42595 4.90241
2.20222 3.77202
-3.2513 4.37782
-0.423696 -2.89495
2.24418 3.7509
-8.81017 0.841358
-0.52524 1.34514
3.51924 2.30114
-1.29509 4.911
1.5962 3.40074
-1.2962 4.14549
-0.912201 2.22174
-5.78394 0.15764
-2.49669 4.69343
-2.11533 -1.51615
-0.799831 4.91201
-2.43178 0.586758
-9.26428 0.711346
-2.11556 1.01757
-2.28606 -1.19396
2.50199 2.60561
-3.75346 4.07065
-2.32411 0.796675
-2.89379 -0.898752
-0.963457 -2.64235
1.24428 4.3818
-1.0037 4.91759
-0.975691 4.16525
-5.59605 -1.55177
-2.83716 0.948979
-4.9078 -0.0314168
-1.70888 -2.04972
-9.14715 1.58072
-2.5381 -0.189011
-2.10506 -2.33209
-0.177183 4.84341
-2.70677 -1.40972
-5.69689 -1.08147
-1.54983 -2.20796
2.38957 2.72937
-2.13606 1.00898
-2.53727 -0.204192
-5.78734 0.0050734
2.19417 2.92463
2.52535 2.57872
2.07797 3.03032
2.4862 2.62355
1.49739 2.09711
-1.43129 4.12963
-2.55483 -1.70562
-1.60149 1.23906
-1.03929 2.2132
-1.8254 -2.61744
2.43133 3.59549
-2.07085 1.93256
-2.44922 0.533852
-2.52294 -0.363966
-3.00938 -0.202007
-4.87132 2.95181
-2.39136 -0.930271
-8.6777 1.68887
-1.77943 -2.6591
1.89168 3.18562
-1.7382 -2.01813
-3.49128 3.20664
-2.93084 -0.753631
-0.851161 4.16643
-2.4839 -1.82457
-1.06213 4.16237
-1.36133 -2.98428
-0.373011 -2.91281
-0.760063 -2.75166
-2.94928 -0.671782
-8.85282 0.200447
-2.99637 3.57121
-2.10047 1.02867
-0.313614 -2.93254
0.306678 3.99928
-0.716285 -3.33676
-4.81993 0.86899
-2.69447 -1.43634
3.1736 1.58483
-1.49862 1.26136
-0.479729 4.88766
1.08747 3.69624
-2.15171 -2.27833
1.68894 4.13831
3.62103 2.12303
-3.00121 3.99926
2.22161 3.76872
-0.614508 -2.81911
0.247208 4.01576
2.62535 1.92668
-0.349543 -3.47296
3.17693 2.80433
-2.71072 -1.401
-0.236634 -2.95625
-0.305367 1.3465
-0.839672 4.16617
-5.54386 1.58207
1.27039 4.36896
0.550313 2.18698
-1.00045 4.1646
-5.69864 0.952004
-2.35251 -1.03635
-3.00605 -0.255713
-2.44464 1.61503
-2.94679 -0.681127
-0.590649 -3.39063
-3.532 4.2171
3.3406 2.57929
-4.69764 3.1827
-1.47097 -2.27853
-1.07432 4.16182
-2.14516 -2.28595
-4.6978 1.34807
1.92047 3.99
-0.793657 -3.3025
-3.02796 4.48784
0.103157 -3.03648
3.25633 1.39806
1.50153 4.24752
-4.88715 -0.497424
3.41735 2.46448
-1.97087 -1.73339
-2.15852 1.59182
-2.8914 0.791374
-9.28828 0.334385
2.09583 3.86458
-3.88491 3.9746
-2.48895 -1.81622
2.53319 2.56958
1.87187 4.02176
-4.62753 1.5529
2.63905 2.44142
-4.47863 -2.11402
-2.8488 0.917828
-4.8751 -0.614799
-1.69368 -2.06243
-1.22052 -3.07503
-2.94359 0.596034
-1.51028 -2.24378
2.4639 3.56712
-2.45844 0.511355
0.193387 4.7653
-4.54778 1.75219
-1.92219 -2.52501
-4.5616 3.34477
0.515728 4.67398
-2.44134 -1.88223
-1.09906 4.16059
-0.410115 -3.45335
-5.64565 1.20797
-2.74511 1.16032
-1.26493 -3.04732
-5.31074 2.18857
-3.70412 3.0078
1.64668 3.36647
-2.37946 -1.98291
0.72268 2.17334
-5.78487 -0.487148
-5.78755 -0.0290103
-5.78697 -0.131014
-2.73039 1.18963
0.987734 3.74446
3.30887 2.6249
-0.870642 -2.6945
0.612554 4.64217
-3.90299 2.79209
-0.624176 2.23133
1.74648 3.2958
2.35515 3.66045
-5.45615 1.83859
-2.27259 4.75865
0.518948 3.93314
-1.56841 1.24672
-2.14524 4.79042
-3.38481 3.29563
-2.5097 -1.78233
-4.87169 -0.644165
-2.378 -0.968201
-2.49774 0.36464
2.03029 1.20298
3.24206 1.85437
-8.85419 0.148545
3.30186 1.28312
-3.58195 4.18566
2.47436 3.55772
-2.20217 -1.36389
-2.85723 0.89444
-0.898953 -3.25325
-4.90247 0.184255
1.28322 4.36259
-2.92563 0.670092
-1.32211 -2.40065
3.77299 1.82071
-1.73647 1.20221
0.306391 4.7358
-2.41812 0.620331
-3.15995 4.42463
-2.25415 -2.15278
-0.687733 -2.78625
2.64632 2.43226
-1.11404 -2.54907
-4.67446 -1.57377
-2.35964 0.739056
-1.74068 -2.69321
-4.50115 3.4122
-0.193661 -2.96857
1.88225 3.19304
-2.77677 1.09359
-2.33243 0.783937
2.0143 3.92374
-2.0365 -2.40751
-1.33939 -2.38818
-4.79105 1.00362
-2.17773 0.966498
-4.68953 1.37401
-2.20861 0.937345
-2.96455 3.59076
-2.06187 -1.60123
0.0793641 4.05752
2.65375 2.42284
-2.47703 0.448792
1.96708 3.95697
-4.42919 2.00466
-9.29381 0.171241
-1.4432 1.27174
0.199326 4.02838
-5.6638 -1.25595
-3.12086 3.49117
-4.6505 1.48954
-4.70591 1.32205
-2.49398 -0.547826
1.82443 3.23776
0.654166 4.62791
-2.78563 4.59093
-4.34542 3.57449
-2.37098 4.7315
-2.68398 1.27585
-2.54712 1.48771
-3.29564 3.36538
-4.43511 1.99303
0.348386 4.72416
-2.23638 -1.29777
-2.95296 3.59807
-2.8242 3.6721
-0.490526 -2.86996
1.14226 3.66848
0.679767 2.17678
-2.54025 -0.136101
3.06359 2.94682
-1.47262 -2.90639
-4.28183 2.26857
-5.61872 1.31829
-2.7187 -1.38329
1.4632 4.26864
-2.13136 3.97103
-8.85567 0.0709404
-2.36337 0.732476
-4.74409 1.19116
-4.90773 -0.0746391
-0.785685 1.33749
1.76278 4.09248
0.864141 3.80015
-0.422521 4.87974
2.79222 3.25205
-1.48065 1.26486
-2.81909 -1.1336
-2.92223 -0.789998
-2.19089 -2.23159
-2.37402 0.713023
-0.617294 4.15823
-2.46282 0.497504
1.36097 4.32305
-2.34777 1.7172
-1.34393 -2.99596
3.64037 2.08722
3.46193 2.39467
-2.29946 -1.16409
-5.75323 -0.681942
-2.48619 0.413715
-1.8235 -1.92124
2.62423 2.45996
-4.84034 -0.865408
-1.71724 -2.71341
2.83469 2.17607
-8.85662 -0.0589389
-0.647208 -2.8047
-4.77517 1.07159
-2.88872 -0.916893
-2.17709 3.9564
-2.42994 -1.90846
-1.16073 4.15687
-2.99925 -0.336779
1.37875 3.53772
-2.78686 1.07116
-2.34364 -1.05892
0.0492619 2.21778
-2.7322 1.18061
1.44577 2.10282
-2.4409 -1.89176
-0.934451 2.22046
-0.954861 -3.22448
-4.81115 -1.02791
-1.11829 2.20625
-2.09465 3.98309
3.75013 1.86959
-1.71151 4.08201
2.3331 3.67881
1.42115 3.51239
-2.43251 3.86068
-2.43551 -1.89999
-1.93548 -1.78117
-2.41286 4.71924
0.223285 4.02214
-5.74972 0.60899
-1.90762 -2.53949
-2.92357 0.678182
-2.82823 0.972087
-1.91478 -1.8083
-0.296534 -2.93798
-1.94006 1.12311
-1.74983 -2.00537
-0.382607 -2.90586
-4.73535 3.13501
-1.57782 4.10725
1.56573 3.42096
-8.79898 0.942802
-0.858177 4.91446
3.6079 2.14696
-2.99971 0.248416
0.494683 -3.08141
-0.605115 4.15745
0.347256 2.20121
-0.0111887 -3.01384
-0.500088 -3.42204
-2.93293 -0.744665
-3.78949 4.04504
-0.735704 -3.32835
-5.48327 1.76391
-1.27155 4.1479
-0.334313 4.13124
-0.00546856 4.81073
2.85029 3.1905
-1.6791 -2.08097
-2.07104 -1.58709
-2.13706 -1.48
-2.47313 0.462791
-1.97043 1.10804
-4.78985 -1.1313
-5.77085 -0.76146
-2.30364 -2.08871
-0.432569 -3.45039
-2.94314 3.60368
-2.98186 -0.481437
-2.54065 -0.120981
-1.75629 -2.67958
-5.73664 -0.820955
-2.48964 0.399589
-2.4969 -0.532466
-1.62883 4.88206
-4.24042 2.33525
-1.61323 -2.7993
-5.63051 1.27127
-2.59149 3.79058
0.886773 3.79028
-1.94168 2.00193
1.16553 4.41948
-4.58128 -1.85222
-3.75722 2.95332
-4.13951 2.48664
-4.30258 3.61646
-2.54984 -1.71432
0.736137 4.59854
2.76736 2.27208
3.27753 1.34587
-4.55828 1.72755
-1.84431 4.05227
-1.95044 1.11813
-0.80313 -3.29816
-2.4688 4.70221
-1.66959 -2.7535
-0.751941 -2.75565
-2.40602 1.65793
0.577203 3.91295
-2.48304 -0.601483
-3.91119 2.78247
-2.46733 -0.670494
3.24806 2.71608
-2.26656 -2.13681
-3.67728 3.03433
-1.062 -2.58257
1.18593 3.64568
-1.97607 4.01804
-3.00862 0.12627
-4.44117 1.98103
2.66854 1.13138
-2.53104 -0.287811
-0.790145 4.16541
-3.1862 4.41144
-9.29044 0.280082
-4.57368 1.6906
-9.16466 1.47183
2.19893 3.78642
-2.16253 1.87157
-2.99745 -0.354859
-4.86261 2.96412
-1.77287 -1.97968
-0.0194287 4.81394
1.57581 3.41431
-9.16123 1.50314
2.43026 2.68561
2.9076 3.12788
-0.901738 4.91584
-0.592576 4.15662
-2.73433 -1.3478
-0.448795 -2.88576
-1.75684 4.5856
-1.35337 4.90761
-4.66537 -1.60323
0.187508 4.03141
3.1025 1.72828
-1.43954 2.16125
-5.68015 1.04875
-2.39905 4.72333
-2.54123 -0.0833891
-1.87509 2.0323
-1.86334 1.1571
2.15328 3.8215
-4.76295 -1.24925
-4.48755 1.88586
-2.50911 0.306923
2.07261 3.88166
-2.03791 1.95122
-0.909519 -2.67313
-3.40441 3.27973
2.24624 2.87486
-2.53509 3.81641
-3.47211 3.22314
-1.71567 4.8707
-2.41162 -0.869253
-1.5794 2.13067
-4.71775 1.28307
-4.77192 1.08478
-1.54696 -2.84978
1.11998 4.45244
-0.89029 2.22292
-3.01045 0.0999942
-2.32702 -2.05642
-1.43784 -2.30697
-3.00751 0.152662
-2.52197 -0.371754
-5.75527 0.559527
1.50398 3.4609
-2.66986 3.75285
-0.556995 -2.84344
-0.0481863 4.81943
-5.62575 -1.42993
-8.65657 1.78651
-2.52741 -1.74786
-2.51412 0.278086
-1.77309 4.8608
-1.69154 2.09939
-4.86878 0.562059
3.25219 2.70393
-1.98654 1.97935
-1.68675 4.87466
-4.83283 0.800754
-1.85176 1.16174
-2.29778 0.834176
-4.21939 2.36805
2.4529 3.57665
-3.01157 0.0736983
0.436847 3.9601
-2.12852 -1.4944
-2.2326 -1.30526
-5.46716 1.80871
1.57691 4.20478
3.01865 3.00066
3.37939 2.52208
-5.35782 2.13048
-2.0174 1.08233
1.75613 3.28874
-4.62236 -1.73537
-2.91103 3.6227
-2.93703 -0.726474
-2.4245 -1.91667
-2.27276 1.78553
-2.53876 -0.17412
3.46913 2.38316
-0.720146 -2.77104
-2.90613 -0.85348
-4.7293 -1.38212
1.19186 4.40706
-4.8545 2.97792
-2.75233 1.14557
-2.04803 -1.62228
-9.17462 1.42529
-5.75505 -0.664841
-1.65094 4.09402
-3.22507 3.4177
-5.67082 -1.22105
-4.9011 0.21319
-1.04827 -3.17536
-0.258211 -3.50045
-0.812854 -3.29365
1.51402 4.24054
-1.7785 -1.97332
1.30447 3.58075
-2.98052 -0.490646
-8.84807 0.329497
-2.86442 -0.998316
0.773389 3.83827
-2.46745 -0.666332
-4.90764 -0.00250561
-4.02452 3.8644
-2.46672 3.8463
2.20282 2.91648
-5.6048 -1.51689
-2.52492 -1.75693
-2.5296 -0.303072
-5.48711 1.74794
3.01975 1.88014
-0.0656391 4.08805
1.76773 2.06552
1.82941 1.22314
-1.06209 4.91765
-3.01311 0.0206764
-2.11119 -1.5231
3.20223 2.77113
-1.98003 -2.46694
-2.4925 -0.555396
-2.50365 0.335626
0.147274 -3.04405
-3.70484 4.1044
-0.278603 -3.49453
3.31762 1.24106
-1.15076 -2.5246
-0.297661 4.12636
-0.538188 4.89266
-4.7484 -1.30842
-1.44633 -2.30028
-3.08079 3.51727
-0.155802 2.22612
-2.07858 1.92708
-2.36408 -1.00605
-0.163008 4.84094
-2.18764 4.78026
-2.52453 4.68447
2.89294 2.08841
-5.4616 1.82388
-2.28941 -1.1866
2.29999 3.70601
-2.98016 0.402894
-4.37986 2.09819
-9.21448 1.16268
-5.69562 0.968406
-2.40649 0.644511
-1.67902 1.21909
2.20653 1.2056
-1.53926 2.14022
-5.78558 -0.199549
-2.80268 -1.17842
-1.2224 4.91426
0.0656978 4.79541
-2.46706 0.483609
2.77249 3.27247
0.234808 4.01894
-1.84799 -2.59647
-4.89643 -0.380108
3.28091 1.3449
-2.00847 -2.43737
-2.9628 0.504295
-4.52018 -2.01256
2.87858 3.15887
-0.971265 -2.63779
-4.3924 2.07496
-8.70725 1.54138
-4.47612 1.90989
0.374581 2.20304
-2.4153 0.626954
0.600491 3.90463
-3.77762 4.05353
-3.1636 3.4613
-3.01356 0.209862
-3.01261 -0.121471
-2.28229 3.91941
-0.159052 -2.97804
-1.6578 4.87845
-4.7801 -1.17548
-1.53413 1.25416
-2.35363 1.71136
-0.436803 4.88148
-2.79917 -1.18727
-8.82684 0.663304
-4.03586 3.85512
-2.97008 0.480719
-2.48944 -0.570757
-2.0849 1.03947
-0.7067 -3.34087
-0.440117 -3.44322
-2.81342 3.67803
0.784655 3.83366
3.44308 1.82066
-3.09419 4.45677
-2.45177 -1.87502
-5.56441 1.50324
-3.00472 -0.273733
3.15821 1.61653
-9.27822 0.523397
-4.54855 -1.9399
-4.74048 1.20418
-2.29283 -1.17901
3.54717 2.25388
3.30805 1.84343
1.39272 2.10869
-4.05873 3.83602
-0.642019 4.15969
-0.33566 4.86826
-2.51364 -0.432815
-2.50639 -0.478839
3.09907 2.90327
-2.97644 -0.517752
3.30087 2.63608
3.09039 2.91403
-2.26525 -1.23868
-2.24431 4.76602
3.72083 1.9303
-4.90746 -0.103639
-0.955887 -2.64675
-4.8986 0.255483
1.72663 3.31016
3.03677 2.97912
0.903636 2.15761
-5.62873 1.25186
-9.27462 0.5773
-1.98081 -1.71962
3.26493 1.37713
-5.44497 1.86838
-3.33557 3.33467
-1.38477 1.28156
-5.72056 0.822441
-1.60533 2.12392
-2.24368 -1.28307
2.14097 2.97392
2.88095 2.10387
-9.26201 0.737768
1.07758 3.70139
-0.167843 -2.97567
1.99074 3.94041
-2.28364 0.852193
-0.24862 4.11933
-1.60523 -2.80569
2.75353 2.29115
-4.41706 2.02819
0.900147 3.78482
-1.90963 -1.81495
-1.87797 -2.56812
-3.00859 0.135134
-0.444861 4.14403
-2.54127 -0.0759708
-2.27888 -2.12079
-5.72084 -0.925206
0.966518 4.50791
-2.47678 1.57769
-2.53847 -0.181536
-4.88298 -0.541311
-0.866307 2.22348
-4.95766 2.8251
3.59462 2.17084
-2.66083 -1.50645
-5.0954 2.60278
-2.53385 0.117746
3.48365 2.35974
1.69813 1.23567
-1.21006 4.15325
-1.27106 -3.03911
-2.31575 -1.12664
-1.71497 2.09203
-1.3354 -3.00173
1.08475 2.14239
-0.531007 4.152
-2.47321 -1.84141
-2.35975 1.70548
-2.93441 4.52957
-1.48323 2.15253
-2.31965 3.90464
3.14259 2.84856
-0.926169 4.16609
-1.89284 -2.55384
-0.753188 4.16447
-3.01371 -0.0413253
-2.74161 -1.33001
-5.64927 1.19232
-2.11678 4.79701
2.12305 2.99017
-1.67298 -2.08729
-0.844866 2.2251
-1.01675 -2.6106
2.78221 3.26242
-4.89675 0.283979
-5.72313 0.805865
-2.3751 3.88396
-5.49383 1.73377
-0.431989 -2.89194
2.80185 3.24194
1.89506 1.21668
-2.21231 1.83469
-4.86807 -0.673651
-2.50074 0.349927
-0.802708 4.16566
-5.69371 -1.09918
2.81483 2.20496
0.543515 4.66506
-1.89462 2.02376
-2.40952 3.87013
-1.3642 1.28477
-4.2485 3.66792
-2.31091 1.75185
-4.08675 2.56026
-0.667668 -3.35728
2.92646 3.10683
2.09613 3.01428
-4.77335 -1.20508
2.96754 1.09401
-2.08479 -2.35485
-3.96856 2.71338
-2.8529 -1.0345
-0.964372 -3.21957
-2.51167 0.292521
-0.945601 -3.22921
2.74438 1.1217
-5.66027 -1.27314
-5.12626 2.549
-1.09394 -3.14963
-8.83824 0.509501
-2.74572 -1.32125
-2.63001 -1.5675
-1.89912 -1.82842
0.0854904 -3.03326
-2.9612 0.512574
-2.51992 -1.76532
-3.11196 3.49657
0.351649 -3.0708
2.59425 2.49684
-5.75131 -0.699556
-1.38717 -2.96669
2.67554 2.39493
3.23567 2.7264
-2.62085 1.38048
-4.85186 -0.791732
-8.62861 1.9077
2.95487 1.98996
-4.76853 1.09836
-5.36201 2.0735
-2.19819 -1.37132
-2.84601 3.65997
-2.15507 1.87682
-0.691494 4.16217
-0.494832 4.88813
-1.12509 -3.12355
-5.7651 0.459698
-3.56669 3.13956
-1.73298 -2.6999
-5.05606 2.6691
-3.39448 3.28781
-1.69955 4.08446
-3.00693 0.161287
-4.70986 1.30922
2.33976 2.7814
-1.0201 -3.19026
-1.20892 -2.48437
0.565712 3.917
-5.68423 -1.15126
1.45063 4.27548
-2.84303 0.93343
2.78782 2.24347
-3.58537 3.1224
-2.42372 0.606852
-4.82865 -0.945162
-0.992308 -3.20503
-1.99006 -2.46078
-0.8434 4.9138
-2.50599 0.295294
-1.52325 -2.23208
-1.35662 -2.3736
-1.73244 -2.0244
0.812075 2.16575
-1.58064 -2.17872
-1.20259 -3.08599
-0.237785 -3.50626
-2.22081 -1.3306
1.93159 3.98146
-5.59378 1.41221
-5.78402 -0.250794
-0.814908 4.16586
-4.80827 -1.0425
-2.92165 3.61646
1.83278 3.23097
-3.00569 0.178773
-2.30472 1.75746
-1.90241 4.84086
0.750481 3.84753
-5.40454 1.97159
-1.32083 4.14294
-1.01542 -2.61899
-3.14699 4.43107
3.21076 2.75981
-1.98667 4.02579
-2.38895 1.67589
-2.76422 -1.2768
-0.64808 -3.36533
-2.01492 -1.67119
-5.71948 -0.942555
1.20766 3.63412
-2.29203 1.76879
-2.16464 0.978035
-9.17028 1.45101
-2.70761 1.23317
-5.52935 1.62774
-2.394 -0.922556
-0.0983551 -2.99363
-2.60253 -1.61965
-2.92872 -0.762853
-1.37005 4.13739
3.11819 1.69777
-2.6296 1.36673
-3.01367 -0.0235448
-3.18418 3.44691
-8.80193 0.917107
-1.93113 4.83552
2.94521 3.08571
-2.98313 -0.472495
-0.17637 -2.97335
-2.01168 4.00797
2.52232 1.14877
0.818018 4.56773
-2.29613 -1.17164
-2.07785 -2.36255
-0.457686 -2.88254
-2.76292 1.12345
-4.89438 -0.409362
-2.71439 3.73045
-0.569553 -3.39635
-1.21086 2.19627
-1.16493 1.3102
-2.61649 1.38722
3.29398 1.30389
3.7444 1.88161
-5.35567 2.0882
-2.96128 4.51783
-2.45392 0.525158
3.03118 1.86
-2.41175 1.65178
2.44641 2.66793
-2.34482 -2.03187
2.14198 3.83007
1.61463 4.18272
1.62648 3.3803
3.00041 3.02212
-5.70936 0.727039
3.00247 1.91012
-2.46781 -1.84995
-2.69003 4.62722
-5.77548 -0.423018
2.37307 2.74679
-3.43311 4.28463
0.667707 4.62312
-0.854957 -2.70293
-1.80115 -1.94738
-2.38648 3.87943
-4.32855 2.18973
-4.58148 3.322
-1.49724 -2.25543
-4.75076 3.05573
-0.356046 -2.91857
-2.57142 1.47934
-2.99352 -0.391051
-1.59692 -2.81223
-2.97898 0.411355
-3.00539 -0.264853
-4.71388 1.29596
-4.82239 -0.968723
-3.01084 0.0913214
-3.695 3.01695
-2.0915 -2.34735
-1.6366 -2.12418
-5.77658 -0.405508
3.21901 2.7488
-3.63148 3.07905
-1.17571 -3.10217
-2.72656 -1.36556
-2.99553 -0.37295
0.75002 4.59342
-2.02941 1.95605
-0.480178 -3.42927
-4.5634 1.71538
-9.21079 1.18945
-2.43037 -0.808303
-2.28491 -2.11288
0.424901 3.9638
-2.32211 -1.11159
-0.723564 1.33999
-2.52277 0.220244
-5.78505 0.123763
-1.20159 -2.48954
-2.25346 0.889455
0.858123 1.30276
2.63168 3.41266
-4.8992 -0.336353
3.3248 2.60213
-4.8617 0.621205
-2.16621 -1.42945
-2.86276 0.878706
0.376462 4.71616
1.41233 4.29591
-1.17995 -2.50463
-4.3346 3.58519
-3.05458 4.4755
-4.47064 3.44526
-1.80187 4.85783
3.08107 1.76903
-2.38342 -0.952994
3.49803 2.33627
-2.47099 -0.655136
-5.69063 -1.11637
-1.014 1.32385
-4.9023 -0.27789
-5.77753 0.292645
-4.70913 -1.45573
-5.73041 0.756993
-1.09143 1.31738
-0.610685 4.89934
-3.04916 3.53783
-1.30815 -2.41138
-1.77181 -2.66588
-2.05975 4.80966
-4.6414 1.51503
-2.53705 0.0733291
-2.54076 -0.0159127
-5.39258 2.0009
0.489675 1.32398
-2.03518 1.07179
-8.85114 0.252275
-5.67763 -1.18615
-2.15797 -1.44396
0.698033 1.311
3.28985 1.31454
-4.74087 -1.33799
2.3443 3.6695
-2.65214 -1.52397
-4.79307 -1.11628
2.17616 3.80402
-4.82774 -0.939135
-3.80964 2.89738
-2.37566 -0.975104
2.84078 3.20071
-2.46358 -0.685849
-2.88609 -0.926096
-2.77995 3.6963
-2.51131 -0.448151
-3.41403 3.27185
-4.69638 -1.50026
-1.90424 4.0373
0.247475 1.33468
-2.60256 1.40724
-1.79606 4.06362
-1.57084 4.88876
-1.96084 -1.74713
2.38121 2.73821
-4.50998 1.83752
-4.66825 1.43832
0.77678 4.58241
-2.98563 -0.454352
-2.94491 -0.69009
-0.381038 1.3465
-2.71527 1.21869
0.404493 4.70801
-0.638412 -3.36925
2.86006 3.17997
-0.687208 -3.34913
-1.28264 -3.03604
-2.8864 0.807386
-4.05586 2.60178
0.591664 1.31868
-2.31124 0.815486
-1.45505 4.90002
-4.09429 2.54995
-5.27073 2.27327
-1.59259 2.12723
-1.79003 1.18461
-1.30147 1.29384
3.15135 2.83737
3.40992 2.4759
-4.16904 2.44385
-4.87438 0.523598
-5.07196 2.64258
-1.07934 2.20985
3.60196 2.1588
2.9056 2.06876
-5.67831 0.993549
-1.20759 4.9148
-2.49973 -0.517108
-3.48167 4.24787
0.414148 -3.07625
-0.581636 -2.83317
-0.482297 -2.87313
0.023941 -3.02126
-2.50247 -0.501753
-8.8328 0.586225
-4.66082 -1.61774
-8.72982 1.41802
-4.53169 -1.98343
-1.32255 1.29146
2.35647 2.76413
-5.76799 0.426302
-2.34835 0.758331
-2.17792 -2.24722
-3.94352 3.9294
-4.90374 0.155603
-5.01637 0.0445415
-2.30082 4.75109
-2.84096 -1.07063
-3.01336 -0.0857409
-2.88131 0.823349
-4.55963 -1.9107
-4.90028 0.226941
-4.65945 1.46397
-0.668888 4.90404
1.08458 1.2871
-2.25963 1.79663
-1.85563 -2.58931
1.72731 4.11648
3.73269 1.90597
-2.39086 -1.96642
-4.84967 -0.806289
0.369532 -3.07249
-0.864438 4.16633
-9.15188 1.55514
-4.1616 2.45475
0.635432 2.18042
-9.2407 0.951421
-4.63045 3.26461
-0.887359 4.91543
-2.52467 0.205654
-0.319279 -3.48234
-3.00504 0.187638
3.52637 2.28917
-0.590185 -2.8296
0.308624 2.20367
0.0420989 4.06558
-1.24467 -2.45872
-0.381587 -2.90985
-2.3809 0.699918
-1.07651 4.91735
-2.57562 1.44796
-3.64078 3.07013
-2.93389 0.637245
-4.58651 -1.83779
-4.82256 0.855535
-5.7795 -0.354032
2.1588 2.95758
-0.638933 -2.80839
-1.90431 -1.82179
-8.70244 1.5664
-2.38421 0.693502
-3.89654 3.96575
-0.972533 -3.19887
-8.64003 1.85921
0.942936 3.76515
-5.78693 0.039113
-4.96597 2.81243
2.64175 3.4029
-2.37157 1.69367
2.50972 2.59675
-0.163182 4.10572
-4.2266 3.6883
-5.78113 0.225245
-0.529873 -3.41127
-1.8348 2.04899
2.76036 2.28176
-5.78669 -0.148384
-2.45623 0.518164
0.646921 3.8876
-3.0137 -0.0500934
-2.14433 0.995079
-3.01358 -0.0679066
-2.2865 4.75495
-3.09109 3.51047
-0.460168 -3.4363
2.72045 1.93633
-2.04717 3.99758
-1.701 4.87273
1.65191 4.16068
-2.52383 -0.356451
-4.64986 3.24133
-1.49771 2.14947
-1.23004 -2.47118
0.439001 1.32643
-1.16538 -2.51465
-2.95588 -0.635782
-1.62427 -2.13642
-1.39685 4.90463
-2.53017 -0.295858
-2.06063 1.05585
-1.95123 -2.49625
-4.78447 -1.17351
-3.56931 4.1937
-8.78006 1.0935
-1.8202 4.05802
-2.23172 0.913565
-1.53117 -2.86297
-5.22903 2.35736
-1.37035 -2.36264
0.589023 3.90874
3.42493 2.4527
-2.02109 1.96071
-5.70569 -1.02943
3.58121 2.19468
1.90139 3.17793
-0.0537136 4.08572
-1.43863 -2.93075
-1.98847 4.82444
-2.24745 3.93203
3.0082 1.90023
-3.0127 -0.0149139
-8.85628 0.0188635
2.10792 3.85612
1.34196 2.11417
0.432062 -3.07758
-1.31503 -2.4061
2.56941 3.47139
0.269384 2.20609
-0.959833 1.32778
-5.24997 2.31566
-4.88025 2.93911
-4.88888 2.92674
1.70149 4.13064
-1.36773 4.90667
-1.30893 -3.01904
-0.105536 4.83051
2.40956 1.98144
-2.97356 -0.535919
-2.34023 3.89759
1.62699 4.17551
-1.23534 1.3023
-2.91776 -0.808179
-2.86819 0.86292
-2.63826 1.35292
-2.42916 0.593322
-5.67695 1.06458
-2.9844 -0.463292
1.13147 3.67402
0.115369 4.04914
-4.46422 1.93535
2.8673 2.12757
-1.48034 4.12275
-0.580402 4.15578
2.73274 3.31307
-4.80882 3.03834
-1.08432 -2.56836
-4.81969 -0.983294
-4.6007 -1.79617
-1.41781 -2.32381
-4.59184 -1.82294
0.509153 2.19003
-4.81406 -1.0129
-0.799792 -2.73173
-2.15114 0.989486
0.909348 3.78029
-3.7292 4.08761
-4.22636 2.35725
3.15983 2.82648
-0.153074 4.10348
-2.94172 0.6042
-2.51038 0.299811
-4.2374 3.67828
0.316362 -3.06705
-2.20455 -2.21617
-1.52572 2.14332
-5.64541 -1.34295
3.17448 1.86543
-2.17024 -1.42229
-2.38606 -0.945497
1.65689 3.35942
-2.44382 3.85597
-2.8534 4.56373
-2.95934 -0.617594
-0.746276 -3.325
-4.67255 1.42538
1.60199 4.19021
-4.21217 2.37914
-2.54059 -0.00853747
-2.51974 0.241965
-4.66913 3.21791
-0.021557 1.34279
-4.56863 1.70282
-4.72584 3.14716
-1.21205 1.30504
-2.6475 3.76383
-0.841456 -3.28031
-8.72099 1.4676
-2.216 4.77323
-1.88476 2.02811
-4.33501 2.1785
-4.17623 2.43324
-0.963162 4.16551
0.356787 3.98792
-1.25169 -2.4536
-4.59699 -1.8085
1.15254 4.42555
0.593231 2.18371
3.47651 2.37129
-2.1605 -1.44366
2.91058 1.90784
-5.74374 0.658311
-3.00056 0.239611
1.21811 4.3945
-2.50514 -0.486356
2.80138 2.22424
2.69706 2.36691
1.03328 4.47932
-2.33886 -2.04014
-9.18745 1.34642
-2.76062 -1.2856
-1.92977 1.12809
3.19599 1.06384
-2.19724 -2.22386
2.97294 3.054
-1.08463 -3.15487
3.16834 2.8152
-2.206 -1.35666
-0.741514 4.90889
-2.51548 -0.418493
-5.12217 2.56671
-0.347676 -2.92138
-3.86121 3.99246
-0.148424 4.83835
-3.7308 2.98069
-4.70071 -1.48529
-5.73198 -0.855753
3.05477 2.9575
-4.79715 0.977631
-2.51875 0.250202
-1.25619 -3.05284
-2.13191 -2.3014
-0.459645 2.23166
-2.5256 -0.341157
-4.49074 -2.08501
-1.58684 -2.1728
3.02752 2.98962
-2.32115 -2.06442
-5.30424 2.20262
-2.82548 -1.11559
-0.675755 2.23047
-2.20269 0.943151
-2.54234 1.49418
2.04138 3.06215
-2.10687 -1.53016
3.22535 1.47093
1.77579 3.27426
-4.8577 0.649024
-4.38756 3.5324
-3.01326 -0.0945191
-2.86729 0.802027
-2.95952 0.521089
-1.37866 -2.97252
-0.725893 2.2293
-1.96474 -1.74125
-5.77759 -0.38851
-9.2644 0.609418
1.52464 3.44769
-4.42306 2.01658
-1.81237 -1.93433
-2.86578 0.871201
1.12611 4.43777
-1.10297 -3.14452
-2.53238 -0.27256
-2.61831 -0.916883
0.282848 4.00599
-0.389961 -3.46
-1.42155 -2.94282
-2.48165 -0.839812
-3.97677 2.70323
-0.470032 -3.43285
-4.90179 0.198355
3.56093 2.23017
0.796156 3.8289
-2.80322 1.0334
-2.47971 -0.616846
-2.47843 -1.83311
-3.01352 -0.00578693
0.432519 4.69978
-2.43342 -0.79205
-5.74535 -0.751411
-1.86302 -2.58233
0.165033 4.77228
2.09984 1.19575
3.04246 1.08427
-0.364657 -2.91566
-1.74433 -2.0115
-8.85338 0.17363
-1.33859 4.90854
-1.26336 2.18964
2.36629 3.65109
-2.22905 -2.18456
-1.46937 4.89878
-1.83069 4.85317
-2.79255 -1.20521
-0.783889 -2.73979
-5.20041 2.41283
-2.52002 -0.387065
-4.6811 1.39987
-4.7652 1.11149
-1.78726 -2.6521
-1.55167 1.25041
2.45433 2.6592
0.271094 4.00925
-2.03549 4.00103
-5.60039 -1.53459
-2.56466 -1.68846
2.28816 1.99828
-1.35768 4.13881
-3.83562 4.04284
-4.04747 3.84543
-1.72991 4.86868
-0.955757 2.21915
-0.618753 -3.37714
-4.70742 3.17162
-2.54001 -0.143775
-5.78271 -0.285174
-4.86736 0.579574
-1.18904 1.30762
-2.77329 1.10119
-2.579 -1.66274
-3.91961 2.77252
3.70317 1.96655
-0.539664 -3.40763
-4.08151 3.81682
-0.489076 2.23209
-4.54303 -1.95428
-2.13846 -2.2938
-5.29092 2.23105
-2.16971 1.86644
-3.37494 3.3035
-2.90808 0.735066
-5.01575 2.73463
-2.91034 0.727077
2.73958 2.31018
-4.08077 2.56646
-5.64174 -1.36012
0.294942 4.0026
-5.6865 1.01658
0.459666 -3.07923
-4.87996 -0.570738
-1.81016 -2.6314
-9.20713 1.21543
-4.88898 0.383133
-2.4284 1.63357
-1.49076 -2.26117
-1.32647 -3.00754
-2.24165 -2.1687
-0.950931 4.16574
0.209267 -3.05361
-2.07567 -1.57988
-4.90098 -0.144284
-4.67 -1.58829
-1.67206 4.87664
-0.408096 4.1401
-0.523874 4.89121
-2.75688 -1.29465
-0.298959 -3.48849
-2.4691 0.47698
-5.78719 -0.114155
-2.53256 1.50725
-2.95413 -0.644744
-1.89241 4.04033
-2.98411 0.377232
-1.24717 -3.0585
1.25715 4.37549
-2.03118 4.81572
-0.00515473 4.07593
-1.85949 4.84834
-1.18711 -2.49967
-2.99835 -0.34595
-1.725 -2.70676
-4.57141 3.33357
3.07264 2.9358
-4.12672 3.77793
-1.03739 4.16337
-5.26378 2.28757
-4.50849 -2.04165
-2.79922 4.58659
-3.12063 4.444
-1.03289 4.91771
-1.87257 -1.86181
2.81698 1.11313
-2.42074 3.86558
-2.30916 -2.08063
-4.42931 3.48904
-4.90483 0.126909
-1.30104 -2.41679
-1.67726 -2.74649
-5.41633 1.94217
-0.0900265 4.09267
-4.37364 2.10959
0.467911 -3.07993
2.27201 2.84958
2.65809 1.9456
-5.79041 0.0579562
-8.84563 0.381135
-3.76537 4.06224
-2.14192 3.96803
-2.24632 1.80765
-4.37708 3.54276
0.207832 4.76185
-0.115766 -2.98929
-2.10819 1.02305
-3.45284 3.23951
-1.59939 -2.16073
-1.76139 -1.99255
-8.77658 1.11902
-2.51902 -0.394611
-1.85092 -1.88838
-2.41728 1.64579
-2.2708 3.92361
0.763489 4.58842
-4.85354 0.676784
-3.41845 4.28529
-2.05732 -1.60819
1.32403 3.66642
-0.551436 4.15176
-2.54039 -0.000944854
0.0310115 4.06826
-1.53614 -2.22031
-5.78322 0.174768
-2.96104 -0.60837
-4.98271 2.78663
-1.16654 -3.10762
-1.21601 -2.47934
-3.8729 3.98368
2.37709 3.64198
-5.27744 2.25936
-2.11759 1.90227
3.05916 1.80963
2.51766 2.58761
-0.358891 4.13433
-0.406836 -2.901
-4.60365 1.61572
-1.30951 4.90983
0.0912559 4.05479
-0.657991 -3.36121
-2.53323 0.125017
-3.92009 3.94766
-2.98589 3.5777
1.71364 4.12316
-8.85525 0.0965722
-1.29413 -2.42204
-5.0877 2.61595
-2.73013 -1.39292
-0.267189 1.34634
1.04642 4.47356
-0.596336 4.89815
-0.248782 4.85589
-8.65118 1.8106
-4.90788 -0.0161156
2.82843 2.18536
-2.82212 0.9875
-5.18569 2.44021
-2.67323 4.60896
-1.14353 -2.52947
-1.4679 4.12455
-4.72133 -1.41167
-4.92357 2.87618
-2.50567 3.82784
-0.383485 4.13729
-2.81259 -1.15159
3.27661 2.67025
1.1789 4.4132
-0.389941 -2.90695
-3.76617 2.94392
-2.9816 0.394312
1.86307 3.20804
-5.75258 0.593199
-2.9319 0.645358
-0.228155 -2.95873
-0.509969 -3.41857
-3.44388 4.2704
-1.55594 -2.84412
-2.46254 -1.85824
3.13405 2.85941
1.55534 3.42778
1.67674 4.14572
-5.71584 0.85535
-1.13709 2.20439
-5.53425 1.61274
-4.83794 -0.879977
0.354218 3.98547
1.1095 3.68519
-2.14778 1.8819
-5.57181 1.48964
-0.82344 -2.71954
-0.350769 4.13235
-0.0198289 -3.01195
-1.49844 4.89612
-5.71271 0.871102
-1.58717 -2.16636
-5.77195 -0.474584
-5.77068 0.392849
-3.00735 -0.23768
-1.88022 4.04342
-2.72288 1.20419
-1.68502 -2.07482
-3.84402 2.85948
3.32913 1.20927
2.88862 3.14884
-4.59869 1.6283
-1.03896 -2.59681
-8.69255 1.61946
-8.79293 0.993044
-3.01304 -0.103596
-2.98532 0.368804
-4.88973 -0.468048
-2.32836 0.790205
2.16873 2.01444
0.830254 3.81465
-4.876 0.509775
-3.13361 4.43757
-1.47766 -2.2727
-4.9065 0.069396
3.22748 2.73744
-2.43265 -0.800542
0.180458 4.03969
1.29642 4.35599
-2.36973 -0.990875
-1.60221 4.10299
2.28064 2.84111
-2.23545 -2.17652
0.377928 3.97837
-2.36559 1.69967
-1.94078 4.02747
-2.95093 0.562774
-1.96879 1.9885
-2.98285 0.385901
-5.65647 1.16051
-1.02444 -2.60591
-2.00757 1.09172
3.23877 1.43983
-2.2911 -2.10472
-4.90731 0.0263682
2.16808 1.18848
2.63154 2.45083
-3.01284 -0.1124
-4.94069 2.85071
-2.23552 3.93628
0.993036 4.49614
-2.68206 -1.46265
0.129562 -3.04109
-2.18228 -1.40051
-2.63495 4.64705
-4.5938 1.64077
-3.27555 3.38053
-2.42813 -0.815845
2.22031 2.89984
-2.35597 0.745434
-1.07697 -2.57307
3.07017 1.78935
-0.245325 -2.95367
-1.90838 1.1379
-1.26593 4.91244
-4.81685 -0.998316
-2.9792 -0.499591
-2.98994 0.334504
-9.19947 1.26806
-2.35198 3.89304
-0.33946 -3.47591
0.807482 3.82422
2.93069 2.02917
2.08644 3.02826
2.82138 3.22137
0.790783 4.57815
2.76245 3.28281
-3.79228 2.91614
-8.66728 1.7378
-2.70265 -1.41868
-4.61334 1.59058
3.67829 2.01494
-3.68038 4.12103
-1.95993 1.99296
0.318766 3.99583
-5.42208 1.92763
-4.61743 -1.74984
1.23998 3.61664
1.05994 4.4676
-5.60652 1.36567
-2.40167 -0.899784
0.120842 -3.03959
-3.03874 3.54453
-4.6769 1.41258
2.68999 2.37617
-2.55776 3.80616
-2.22891 -1.31253
-4.90703 -0.132673
-9.14222 1.60702
-1.78766 4.86006
-2.04282 -1.62979
2.28919 3.71506
-0.263644 4.8576
2.76968 2.26357
-2.08912 -1.55869
-2.99139 -0.409164
-4.23351 2.3461
0.165003 -3.04691
-3.29041 4.35697
-2.7915 3.68995
-0.625432 4.90064
-1.25755 1.29958
-3.48156 3.21503
-2.96269 -0.599408
-4.72169 1.26978
2.38387 3.63
-4.90709 0.0405796
-4.16017 3.7485
-2.59316 -1.63696
-4.84245 0.74572
-1.95071 1.99753
-0.703911 -2.7787
-0.659213 -2.79829
-2.53965 0.0213495
2.98208 1.94313
-2.78313 -1.24987
-4.31534 2.21243
2.70432 2.35735
-0.654542 4.90296
-1.55654 4.8903
-2.08012 -1.57291
-2.8835 -0.935032
-5.3744 2.04445
-1.67526 4.08931
-1.70144 -2.72685
-2.86153 -1.0075
-0.639772 4.9018
-1.12881 -2.53931
-0.573513 -2.83658
3.37391 2.53387
0.845193 4.55717
-1.28004 -2.43263
1.60423 2.08491
1.80498 3.25248
-3.98472 2.69333
-2.53869 0.0435984
-2.80003 1.04089
-2.47456 -0.639776
2.53808 3.5003
3.69669 1.97883
-2.2297 4.7639
1.53931 4.22629
-3.01218 0.0560494
2.22028 2.90267
0.00678964 4.07343
2.39767 2.72076
-2.99886 0.25696
0.396223 -3.07482
3.57946 1.79712
-2.08829 4.80342
-1.53937 -2.85677
-2.45556 1.60277
-1.36988 -2.97849
-4.83772 0.773268
2.44229 3.58595
-0.973613 -3.21481
-5.77432 0.342808
3.25192 1.40867
-0.309754 4.128
-5.72961 -0.872902
-2.24276 0.90155
-2.52102 -0.379297
3.16378 1.60547
-4.55247 1.74308
-2.56891 3.80105
-3.64979 3.06143
-2.45364 4.69513
-2.87846 3.64157
1.9577 3.14354
-2.1024 -1.53741
-4.61806 1.57817
-2.60237 3.78554
-4.64603 1.5021
-1.89757 1.14269
1.79537 3.25969
-1.464 -2.91258
-3.62241 3.08768
1.16413 3.65714
-2.51266 1.53316
3.14379 1.64664
-0.17522 4.10774
-1.6183 2.12048
-2.54081 -0.113548
3.06476 1.79935
3.40223 2.48763
-8.75839 1.24401
-1.19322 4.91527
0.507408 3.93704
-2.52727 -0.325871
-5.79243 -0.213748
-2.27228 -1.2238
-5.2148 2.38515
-4.69214 -1.5148
-4.75832 1.13812
-2.15354 3.96422
-0.205977 4.84831
-1.79483 -2.64529
-2.30276 -1.15666
-2.99211 0.317302
-4.62739 -1.72047
3.12855 1.67729
2.2377 2.88313
-1.1846 -3.09685
-2.12513 -2.30921
-2.51236 3.82652
2.72167 3.32244
-5.36813 2.0592
-1.67981 2.10297
-1.62947 -2.78628
-2.70374 1.24022
-5.61059 1.34968
2.59622 1.14006
-3.46922 4.25535
0.067843 -3.02995
-2.034 -1.64324
-1.81402 4.06445
-2.25896 3.9279
-3.86939 2.83086
-0.313391 2.23019
-8.82017 0.739536
0.324976 -3.06808
-4.87764 0.495527
3.51227 2.31275
-4.88219 0.453528
-0.329278 -3.47927
-3.6683 4.12916
0.695202 4.61337
-0.308975 -3.48548
1.14136 2.13494
-3.01482 4.49586
0.418285 4.70393
-1.95586 -1.75388
-3.23509 3.41043
-4.85617 -0.762193
-2.09873 -1.5512
-1.86711 -1.86857
0.105386 4.77903
-2.00526 -1.6851
0.749119 1.30962
3.05368 1.81961
-5.71137 -0.994572
-0.00228597 -3.01576
-0.89396 -2.68176
-4.26105 2.30259
-3.17328 4.41796
2.22907 2.00633
-4.45881 1.94557
-4.90314 0.169724
-9.24368 0.92441
2.5791 2.51518
1.9077 3.99772
-2.39683 -1.95809
-1.24432 4.15102
-2.42351 -0.831147
-0.187846 1.34565
1.05448 3.71252
-1.45118 -2.29561
-3.22617 4.39493
-3.34161 4.32877
-0.506326 4.1499
0.495497 3.94102
-0.666753 4.161
-4.86396 -0.713242
2.84786 2.15665
-0.77439 -3.31122
-2.95765 -0.626554
-1.92012 -1.80139
2.3222 3.68781
-2.50379 -0.494189
1.92971 3.15524
-1.44702 -2.92477
-2.8963 0.775313
-4.76642 -1.23467
-1.56625 2.13381
-3.0127 0.0383753
-2.27878 0.85897
-4.79058 3.06277
-5.50928 1.6886
-4.0703 3.8263
-2.67082 1.29622
-3.25536 3.39555
-4.48074 3.43438
-2.89867 0.767382
3.69065 1.99075
3.37646 1.83195
2.51695 3.51954
-1.6617 -2.76002
-5.63379 -1.39504
-0.549734 -3.40386
-2.05731 -2.38511
-2.53533 -0.234596
1.79923 4.06926
1.96334 1.20983
-2.14964 -1.45844
-3.52923 3.17321
3.26858 2.68138
-0.744043 -2.75951
-4.71319 -1.44121
-3.43856 3.25395
-0.490021 -3.42576
-2.96908 -0.563046
-0.220333 2.22804
-1.90411 2.01951
-2.08642 1.92223
-2.53792 0.0584754
-2.53422 -0.249817
-1.22933 -3.0696
-1.56798 -2.19071
1.47612 4.26156
-1.44029 4.90127
-2.54627 3.81138
-2.85447 0.902172
-2.43923 -0.777668
-1.74809 4.07418
-2.49618 0.371205
-9.20333 1.24239
1.73826 4.10788
-4.99272 2.77604
-2.3908 0.680252
-2.39407 0.673539
-3.0001 -0.327876
-5.78451 0.140956
-4.44703 1.96935
-0.507202 -2.86347
-0.125583 4.81958
-8.80473 0.892128
-4.89578 0.298001
-5.78264 0.191468
3.59537 1.78347
-1.66702 -2.09341
-2.5218 0.22742
-2.11853 -2.31677
-2.55673 1.47453
-2.07095 3.9904
-2.31993 0.802879
-1.40932 2.16686
0.139449 4.04337
1.91074 3.17047
2.30839 1.17317
0.472001 3.94877
-1.4809 -2.9003
-1.31784 -3.01322
-2.53191 0.139759
-4.81284 0.959446
2.86952 3.16971
-0.251495 2.22885
-2.33145 -1.08911
-0.703685 4.1627
-0.364591 4.87225
-3.46234 3.23147
-2.66769 1.30414
-1.5902 4.1051
-3.20467 3.43237
-0.903762 1.33137
-4.818 3.02587
-2.74868 1.15306
-4.78799 1.01789
-0.44052 -2.88882
3.76163 1.84517
-5.77735 0.327181
-2.02257 -2.42249
-0.829001 4.91332
-2.94766 4.52381
-1.33048 2.18
-4.32406 3.59555
-0.756304 4.90974
1.54523 3.43438
0.23176 2.20832
-2.25825 4.7624
-2.26385 0.877282
-2.46623 1.59027
3.6844 2.00303
-2.90128 -0.871644
-4.90614 0.0839854
-0.288108 -2.94063
-1.51689 4.11722
-0.978782 -2.63336
-0.454312 1.34604
-1.1485 4.15769
-2.31725 1.74604
-4.78157 3.0748
2.3315 2.78988
-0.62258 -2.8156
1.67406 3.34669
-2.06247 1.93685
-2.50223 0.342676
-2.38758 0.686757
3.08139 2.92508
-5.15649 2.49474
-1.54135 4.11333
-5.32381 2.15997
-1.09128 4.91742
-2.94549 0.587613
-8.71186 1.51705
-2.38876 -0.937774
2.71135 2.34806
-2.97052 0.462262
-4.84482 2.98899
1.35576 3.90259
-3.14295 3.47555
-0.138772 4.10151
-2.8777 -0.961872
-5.20773 2.3988
-2.36338 3.88859
-3.95503 3.92035
-2.87273 -0.971284
1.38674 4.3096
-3.07015 3.52424
1.71324 2.07207
-2.94295 -0.69932
-2.9244 -0.781039
-2.71149 1.22581
-1.04 1.32179
-5.74939 -0.716666
-2.45782 -0.708763
0.163496 4.03745
-2.44561 -0.754787
-1.90013 -2.54678
-3.01759 3.55794
-4.6109 3.28774
-2.18432 -2.23953
-4.74456 3.12318
1.49377 3.46737
-2.39721 1.67331
-5.11091 2.57595
-2.50253 1.54601
0.912868 1.29914
-1.03189 -2.60133
-4.63223 -1.706
-5.7141 -0.9774
0.342843 -3.06993
-8.83985 0.48417
-0.407818 4.8779
3.07431 1.78074
-0.657313 1.33589
-2.8324 0.934752
-2.30228 0.828024
-9.27649 0.549976
-0.944353 4.92128
-0.989313 4.91747
-2.75585 1.13828
-2.8329 -1.10623
1.95539 3.96508
-1.8165 4.85549
-3.32897 4.33595
2.01384 3.08566
1.30921 4.34954
-0.567877 4.15487
-0.948079 -2.65126
-4.90779 -0.0603643
-1.76372 1.19349
-1.99551 -1.69898
-1.1145 1.30316
-4.57054 -1.88147
-8.78336 1.06869
-1.48414 -2.26701
-2.59793 -1.62818
2.91179 2.05906
3.18329 1.56416
-1.64873 1.22725
-4.90296 -0.263507
-1.17703 4.92434
-2.41235 0.633757
1.0261 1.29129
-4.8427 -0.850605
-0.986754 1.32589
-0.67151 -2.79372
-1.92307 2.01078
-0.888924 -3.25749
-9.28446 0.415289
-5.58076 1.45864
-0.395608 4.13869
-1.13485 4.91676
0.727521 3.85667
0.502019 4.67832
-0.0212967 2.2211
-1.12047 4.91702
-0.260591 4.12112
-9.22488 1.08375
1.94859 3.13991
2.41402 2.70322
-2.2546 -1.26086
-3.3547 4.32165
-1.23839 -3.06398
0.10933 1.33932
3.20693 1.51251
-0.876638 4.16635
-2.94731 0.579425
-2.32961 1.73454
-0.727977 -2.76727
-4.64194 -1.6766
-5.78719 -0.0968733
-0.565138 -2.84007
-4.40845 3.5107
-4.89368 0.326427
0.976676 3.74961
-2.58491 1.43456
-1.00927 -2.61513
-2.91926 0.694527
-2.43939 1.62127
-8.84687 0.355733
1.58629 3.40739
-2.44353 -0.76234
-4.12456 2.50786
-4.8974 -0.365624
-1.4044 -2.95479
-2.33564 1.72884
-8.84695 0.436148
-8.85475 0.122947
-0.102382 4.09497
1.38916 3.53154
-0.227248 1.34605
-4.28946 3.623
-4.84509 -0.835844
-3.30551 3.35787
-0.974501 4.91731
-1.96037 1.11318
0.24485 -3.05852
2.46245 2.65018
0.0129773 2.21961
1.28304 3.59283
0.0552032 4.06296
-4.93198 2.86359
-0.831454 -2.71536
-0.678941 4.1616
