24.44 18.16
26 38.22
10.13 30.62
14.37 21.36
24.07 20.72
20.88 10.91
14.51 19.35
11.34 29.12
7.85 16.46
26 15.72
3.79 29.36
18.76 15.8
4.16 22.71
20.6 14.28
19.64 7.13
13.78 12.12
17.91 13.49
30 14.39
13.8 25.91
25.66 4.98
22.06 31.53
28.6 18.47
3.19 16.96
8.02 14.76
17.57 26.01
11.51 15.65
5.25 7.78
10.84 6.26
14.63 8.13
25.79 15.8
21.69 19.09
15.2 29.68
22.12 19.53
10.35 15.53
13.26 8.97
10.98 29.08
5.21 13.32
14.18 18.19
27.34 11.55
4.69 18.78
29.35 21.07
19.99 14.13
21.36 25.66
16.7 20.29
24.31 25.67
12.54 23.84
11.28 34.77
25.99 19.31
6.32 8.21
22.84 13.12
18.44 22.77
19.46 32.66
17.49 10.94
22.89 36.45
20.12 10.98
12.2 11.95
26.75 20.92
14.9 18.49
18.71 12.23
6.88 33.83
27.39 38.23
23.79 22.83
19.67 25.6
29.45 22.88
22.88 15.48
24.91 19.14
20.08 9.61
20.04 10.4
29.05 31.15
14.93 21.06
14.35 18.39
8.54 20.15
26.13 15.96
9.01 30.34
7.92 33.7
7.92 5.34
11.26 37.44
18.69 10.4
19.42 5.77
14.56 22.81
13.66 19.71
11.97 16.52
7.9 5.12
26.8 12.49
17.52 11.02
10.34 30.15
6.82 7.77
17.66 6.88
24.72 4.73
7.36 4.1
13.38 22.14
3.21 25.83
26.48 24.68
4.08 4.5
21.19 22.19
14.88 38.35
22.69 20.51
22.41 27.38
22.72 13.72
6.02 35.13
23.96 39.59
24.92 19.02
21.86 10.75
