11.19 39.12
24.45 14.48
18.01 21
12.72 27.73
23.12 9.48
20.85 26.16
25.13 20.96
11.49 15.7
28.3 11.78
7.26 4.56
20.15 9.71
27.24 35.89
25.88 10.73
10.82 30.65
10.33 34.21
19.64 12.22
17.9 9.26
8.16 31.34
6.69 13.56
5.51 13.76
13.92 23.96
26.03 22.01
22.87 21.44
17.19 6.21
19.84 11.56
10.37 13.54
7.16 17.56
16.71 17.89
21.34 7.37
7.35 16.18
15.12 20.53
13.84 9.58
20.62 26.91
24.51 34.75
21.29 21.26
18 20.1
11.52 28.91
10.67 25.56
24.31 15.02
26.25 4.79
28.92 25.23
7.7 24.15
15.89 21.76
9.96 13.25
24.83 36.96
22.61 34.99
24.24 20.98
28.81 16.59
13.2 19.89
5.6 16.47
19.61 31.76
9.71 25.88
12.08 33.78
21.58 11.77
8.01 26.8
3.58 21.07
9.09 6.94
13.41 7.15
22.9 7.44
12.53 35.08
18.52 21.26
9.65 4.12
17.03 7.15
16.03 16.95
3.01 37.1
20.51 32.75
8.09 30.82
26.92 5.75
4.65 35.62
12.97 14.05
27.38 9.17
7.87 29.39
9.79 11.1
21.82 10.18
8.08 13.4
7.76 21.65
13.98 15.43
4.91 33.28
17.35 7.02
24.47 13.96
17.37 4.06
8.7 7.24
3.8 27.49
6.61 7.25
16.09 18.85
4.2 5.05
23.93 9.65
19.74 5.45
16.3 8.68
21.37 14.7
17.57 26.72
19.82 25.83
24.18 39.58
20.07 15.47
24.48 13.48
8.34 10.93
