24.99 4.75
20.78 7.69
21 11.84
24.02 5.65
21.09 14.04
16.16 11.64
28.21 7.55
28.23 7.4
19.5 13.8
16.47 13.32
26.77 11.74
24.82 7.15
21.19 13.28
18.64 13.21
16.23 12.57
22.78 8.29
21.28 7.66
24.15 11.01
26.59 10.96
19.3 12.49
20.8 10.28
26.82 11.98
26.28 9.14
22.81 10.18
17.7 11.64
18.43 4.83
19.01 13.93
24.48 5.6
14.36 11.77
21.46 13.67
25.93 8.67
27.25 12.5
20.7 7.87
22.7 9.23
22.4 9.94
21.41 10.12
27.01 12.22
24.88 4.33
26.5 5.58
18.99 7.01
25.98 10.63
19.27 11.36
21.61 13.88
26.16 7.61
27 7.91
14.55 10.64
20.48 13.89
14.5 5.58
