3.42672 -1.37783
-5.60574 0.207014
-3.47003 -9.3195
-4.93731 0.750341
-3.98451 -3.04204
8.33246 -9.02593
-0.754763 4.76934
2.84255 -2.13113
-5.17 -14.78
11.91 9.66
1.45161 2.5372
-2.6419 0.616532
13.1 7.75
6.45537 7.77212
9.88 6.88
-3.54751 -3.63368
0.255746 -10.599
1.7229 6.95594
8.91 9.05
-2.27126 1.30408
9.14 8.93
-8.77362 -2.91699
4.13497 -6.25572
-7.55775 -5.56872
7.64979 8.42978
-5.24407 -1.96343
2.63662 -10.707
10.88 6.51
-2.6158 0.659352
-4.97312 2.56737
9.81178 -7.36984
-9.68 -10.39
-6.94686 5.56088
3.70611 -1.08637
-2.08203 7.82637
3.65209 1.40684
-7.81271 4.32639
7.33777 8.36751
5.26042 -5.01094
5.85329 -3.47737
-8.45612 -3.81453
5.46985 8.87715
3.0359 6.13482
6.81252 -4.11088
10.37 4.97
7.75407 6.78722
3.69716 -10.6991
11.5399 2.45993
-8.89896 1.48383
13.56 8.11
-3.84768 7.20538
-0.0358747 7.6245
5.2509 4.56283
7.54737 1.53388
-5.69373 -7.62314
2.55871 2.20599
-1.62214 -5.56395
-0.366319 -5.66163
-8.53416 2.58451
13.45 1.78
6.69403 -1.9911
-5.88 -14.06
5.32105 -10.3588
-5.09 -12.76
-2.3 -14.54
-1.06183 -3.07203
10.6365 -1.15217
0.634282 -3.31567
-8.83916 -1.63107
-2.68113 0.570559
12.17 8.12
2.49285 -3.00351
7.32141 -9.61369
-2.28496 -1.39848
2.0335 3.69815
-1.73776 4.35736
0.569003 4.11518
-9.10103 0.172977
11.6798 -3.06655
1.98563 -6.64558
5.18754 9.42524
12.51 5.13
6.36608 -13.3633
-1.04592 1.7743
14.84 -11.42
3.73837 -0.123951
11.5245 -4.55446
0.734276 -3.32848
6.56689 1.14463
11.0125 -6.16748
6.66834 2.80623
-4.09607 3.43778
7.99 -14.89
10.31 6.58
0.309047 -6.66863
7.55457 -1.18201
-9.35 -14.99
8.26996 0.0856273
12.23 -14.34
-5.33554 6.68147
