-4.18 -11.18
9.4 5.88
0.01 -10.12
10.11 -1.26
12.9 -14.27
-6.01 9.49
1.81 3.95
0.92 6.53
11.09 -1.05
14.6 -7.89
12.8 -4.64
12.24 3.11
1.98 5.81
2.69 -1.69
4.86 9.51
-5.48 -13.01
-0.43 -2.63
3.9 1.82
3.31 9.39
6.99 -12.24
6.66 -1.42
3.09 4.64
5.7 -6.5
14.71 -5.4
7.86 7.19
10.34 8.38
5.29 5.64
12.76 8.82
1.29 -14.8
0.95 3.33
-5.62 -8.93
-5.56 6.08
4.74 -14.99
3.01 -3.31
-4.36 1.61
-4.2 7.45
-0.29 -2.23
13.93 -13.73
10.72 -2.04
-9.62 -12.17
-5.58 6.12
3 -7.05
13.88 -7.91
-0.43 -2.29
-0.2 -7.86
1.8 8.27
-8.52 -13.14
-6.56 9.68
4.82 -8.38
-3.31 -2.82
11.2 -10.39
-5.41 -14.4
-6.77 -13.37
-9.55 -13.51
-0.25 5.99
5.53 -0.36
8.92 2.47
9.72 4.94
-3.29 -3.79
5.16 4.26
12.6 7.95
12.84 -8.12
2.51 -7.22
-2.6 1.38
-9.32 5.04
12.26 -2.12
-4.57 -14.05
-5.08 -6.26
-8.8 -0.51
14.27 -2.33
-2.72 3.73
-0.33 -1.28
3 -4.46
-9.68 -0.58
-8.11 1.63
10.53 -7.6
-9.43 -7.73
6.7 -9.52
-4.93 -0.46
-6.25 3.44
-5.63 2.15
-7.93 0.96
-9.26 -4.65
-7.77 5.14
13.74 -1.03
1.72 2.77
-5.62 -10.84
5.5 -8.7
11.43 4.07
0.05 5.99
-3.89 -13.17
-2.13 -5.23
9.65 -11.58
-1.24 -2.03
14.08 -9.99
-6.53 -4.74
-2 2.43
-6.46 1.85
11.48 9.33
10.83 -10.51
