-4.81 -12.29
-8 -3.63
6.32 -0.84
-0.89 -0.44
-0.18 -6.85
-5.59 1.12
5.26 -13.05
-5.75 -10.91
5.87 2.63
-5.55 7.26
12.62 3.1
8.55 6.06
1.53 -1.6
11.23 -7.95
-2.73 -9.17
4.7 5.85
-0.89 0.94
11.98 3.46
-9.61 3.72
-4.99 -11.3
11.56 8.17
-5.52 8.49
2.07 -5.8
13.46 3.09
11.89 3.72
10.35 -9.91
14.62 2.32
6.4 6.59
5.94 3.08
3.55 -13.74
-9.9 9.23
14.31 -6.79
6.73 -3.54
10.28 -14.15
-4.5 -0.18
5.96 -13.87
11.46 4.49
-3.72 -3.93
0.25 -4.55
8.13 -11.98
13.13 -2.31
-8.59 -12.86
0.26 -1.52
-8.62 9.32
-3.89 6.43
3.45 3.31
-5.35 9.62
-4.02 5.78
10.02 5.3
-4.68 -2.53
5.21 7.1
7.63 -0.62
7.88 -11.05
0.49 9.82
-6.16 4.76
-7.06 4.09
8.25 4.46
-0.95 -9.33
11.33 9.69
-3.6 -7.95
-4.43 1.03
-4.61 -8.66
-9.53 -9.27
13.16 -4.11
-5.34 -8.38
6.55 -0.76
5.27 9.1
-4.46 1.52
0.24 9.56
5.76 2.7
14.81 5.51
-0.27 -12.3
0.3 4.76
0.73 -14.38
7.92 -9.69
-0.78 6.1
12.64 9.94
-2.45 -6.15
9.26 -1.78
-6.25 6.34
3.43 2.71
11.73 -2.53
-0.28 -10.96
4.69 -8.22
-4.97 -7.93
14.03 0.75
5.36 3.02
2.5 1.45
11.1 -12.58
-7.8 -8.36
4.98 2.38
-5.24 -1.38
-6.01 8.95
1.04 -13.63
3.7 -5.61
7.84 -10.84
14.84 -11.4
6.95 2.82
-5.19 2.07
9.56 0.95
