4.74 10.42
26.38 21.21
26.9 15.8
7.11 15.66
3.34 7.74
17.91 13.71
21.74 11.04
25.31 19.25
18.09 15.33
24.48 9.29
21.99 14.66
26.12 15.02
11.59 7.04
5.85 18.77
25.91 5.51
3.03 13.5
24.25 18.39
18.81 17.72
5.48 19.98
5.85 11.38
22.22 12.77
5.17 9.44
17.35 12.5
18.05 5.45
4.37 14.18
24.49 4.57
6.05 9.28
27.28 4.87
9.6 12.49
11 18.37
26.88 17.01
6.48 9.07
17.22 12.56
25.29 6.3
5.3 19.81
13.13 19.11
25.15 11.34
18.87 5.35
22.45 11.93
23.4 16.58
5.17 16.86
3.73 5.89
9.62 13.13
4.56 15.8
21.16 13.81
8.17 11.91
22.72 14.8
6.58 14.55
18.12 13.24
28.96 15
27.35 19.64
26.01 21.26
12.68 19.11
25.19 20.54
6.82 5.22
24.21 8.79
10.26 19.47
16.45 18.69
20.08 4.73
17.5 16.52
17.83 10.7
28.3 19.81
9.8 15.98
21.21 12.78
12.96 4.68
19.77 9.85
28.34 18.92
15.82 5.58
8.34 13.22
3.29 19.39
21.86 10.7
22.78 5.18
12.87 13.47
14.43 9.42
18.9 7.71
11.62 18.29
18.94 5.29
23.94 12.28
10.57 6.3
5.09 8.34
5.2 16.03
27.31 9.76
12.67 13.01
14.7 5.35
21.59 6.61
9.06 17.91
26.73 9.88
15.75 15.66
9.57 9.67
3.23 8.2
18.31 16.01
20.21 12.42
12.58 20.09
12.06 14.34
24.33 15.54
26.49 19.82
4.77 17.57
16.89 18.52
17.31 7.26
4.76 8.8
21.02 14.04
24.22 11.74
26.95 4.7
29.53 4.09
12.66 6.49
6.7 16.64
12.28 16.27
13.13 13.45
