-3.7539 -8.86683
-4.4617 -8.95465
-3.11667 -9.78642
-3.33281 -9.12267
-3.43939 -9.06022
-3.59712 -8.96497
-3.67633 -8.91586
-4.33023 -9.04703
-4.30793 -9.064
-2.51256 -9.55426
-4.03634 -8.68101
-4.28736 -8.50565
-1.84621 -10.3697
-3.0454 -9.28052
-2.7073 -9.45936
-1.60171 -10.4621
-1.93688 -10.3339
-4.92406 -8.60832
-4.4601 -8.37909
-3.62453 -9.50049
-2.95485 -9.33204
-3.59658 -9.51719
-2.11813 -10.2597
-2.53487 -10.0758
-4.00907 -9.26202
-1.99744 -10.3095
-1.87617 -10.358
-2.58829 -9.51219
-3.73506 -9.43406
-3.9342 -8.74958
-4.48821 -8.93568
-3.88282 -8.78348
-1.94544 -9.80544
-3.95468 -9.29699
-3.79027 -9.40022
-1.90699 -10.3458
-3.65228 -9.48406
-2.45645 -9.58077
-2.38704 -10.1432
-4.3866 -8.43354
-2.91515 -9.89111
-3.37268 -9.64638
-3.98537 -8.71543
-4.11204 -8.62917
-1.92033 -9.81622
-4.82275 -8.68718
-2.59603 -9.51414
-2.79875 -9.9494
-3.46555 -9.04467
-5.19743 -8.38669
-2.00289 -9.78166
-5.1482 -8.42759
-2.56848 -9.52747
-2.20782 -10.2217
-4.38314 -9.01017
-2.40017 -9.60698
-4.1625 -8.59411
-4.6698 -8.80302
-2.98179 -9.31773
-4.2771 -9.08362
-5.04901 -8.50865
-3.27924 -9.15348
-4.79765 -8.70645
-3.14492 -9.77136
-3.28719 -9.69403
-4.97437 -8.56852
-4.5662 -8.87936
-2.10403 -9.7281
-4.84854 -8.66727
-3.84527 -9.36609
-2.23576 -10.2088
-4.23743 -8.54132
-3.19893 -9.19896
-4.64361 -8.82248
-4.40912 -8.99191
-3.51847 -9.0129
-2.81877 -9.4031
-2.03115 -9.76982
-3.90405 -8.76866
-3.17331 -9.75588
-2.5939 -10.0482
-4.06308 -9.22683
-4.06138 -8.66396
-3.85744 -8.80009
-3.17155 -9.21427
-2.48411 -9.56775
-1.75048 -10.4049
-3.62376 -8.94854
-2.14777 -10.2473
-2.32745 -10.1697
-2.08839 -9.74558
-3.51307 -9.56612
-3.3862 -9.09158
-3.90008 -9.33168
-2.85702 -9.92041
-2.44652 -10.1164
-2.94368 -9.87657
-4.4359 -8.39712
-2.76269 -9.43153
-2.14549 -9.72103
-2.90004 -9.36089
-3.48291 -9.03267
-3.00173 -9.85721
-2.88567 -9.90602
-3.41244 -9.07617
-5.09873 -8.46824
-2.17825 -10.2344
-2.71018 -9.99224
-4.31015 -8.48878
-2.25924 -9.67101
-2.1173 -9.73318
-1.88785 -9.82892
-4.14374 -9.17367
-2.78992 -9.41771
-2.05786 -10.2848
-2.65276 -10.0203
-1.57145 -10.4731
-2.31589 -9.64555
-2.47568 -10.1031
-4.1974 -9.13774
-4.03579 -9.2447
-2.84507 -9.38944
-3.35914 -9.10739
-2.65175 -9.4869
-3.00152 -9.84683
-3.31601 -9.67807
-4.08722 -8.64628
-2.41634 -10.1301
-2.26771 -10.1959
-3.45689 -9.59854
-2.06021 -9.75756
-3.83125 -8.81712
-2.6817 -10.0064
-1.6941 -10.4279
-3.9815 -9.2798
-3.03634 -9.28846
-3.54068 -9.55004
-3.76309 -9.41693
-4.69518 -8.78406
-2.82748 -9.93515
-3.70183 -8.89981
-3.88058 -9.3469
-3.25321 -9.16839
-1.72423 -10.4166
-4.22376 -9.11995
-3.80577 -8.83359
-2.92707 -9.34671
-3.56907 -9.53341
-4.72324 -8.76382
-4.33709 -8.46972
-4.89914 -8.62786
-2.73461 -9.44568
-3.08753 -9.80186
-3.22548 -9.18402
-4.08987 -9.20932
-2.54015 -9.54109
-2.35683 -10.1567
-3.05919 -9.81678
-1.78529 -10.3933
-3.81821 -9.38294
-3.20214 -9.74056
-5.02443 -8.52847
-1.96773 -10.3216
-4.41091 -8.41563
-5.12487 -8.44726
-1.63284 -10.4506
-2.28717 -9.65851
-1.47977 -10.5059
-4.21275 -8.55881
-3.14491 -9.22907
-4.74653 -8.74538
-1.50992 -10.4952
-5.07427 -8.48818
-3.09071 -9.25891
-3.64958 -8.93252
-2.74031 -9.97808
-5.2216 -8.36646
-4.43583 -8.97304
-4.26279 -8.52326
-1.44826 -10.5169
-4.17021 -9.156
-2.37406 -9.61928
-4.87352 -8.64788
-3.44368 -9.61161
-4.01051 -8.6985
-3.34395 -9.66249
-1.66304 -10.4395
-2.34375 -9.6329
-2.62292 -10.0345
-3.40051 -9.63066
-3.70779 -9.45063
-4.51406 -8.91713
-2.20244 -9.69617
-4.25085 -9.10155
-3.25917 -9.70946
-3.00946 -9.30292
-4.61811 -8.84132
-3.57121 -8.98085
