-9.11465 -0.520633
-1.45932 2.03577
-1.40305 -2.34615
-2.24218 1.21838
12.9 -14.27
-6.20331 6.07476
2.11507 -6.16013
1.86279 -10.927
3.41305 -10.8768
3.43553 0.588688
-7.25489 -5.90096
-3.16511 3.67806
-3.10523 3.62465
2.08234 -2.88515
4.85974 9.50965
-3.6802 -9.11752
-5.18309 2.08027
-8.20504 -4.41013
3.72518 -0.195257
10.7053 -5.87405
-5.18249 0.808715
-2.91307 -0.558187
3.62 -1.79621
7.12608 -3.45343
-6.18945 6.11024
10.34 8.38
-5.52054 -1.64125
12.76 8.82
7.26095 -9.84129
-1.48755 -2.29135
3.43304 2.06483
5.22955 -5.52616
-0.733197 -10.5571
1.25069 -6.4926
0.147064 4.10042
-4.66347 -3.53093
2.2694 3.3133
13.93 -13.73
-1.756 7.80717
-9.62 -12.17
1.05766 -3.48964
3.45138 6.08537
4.31411 -5.07876
6.53143 -3.59571
0.489996 7.40901
-1.99454 -5.69071
-8.52 -13.14
3.40076 6.11606
-4.18592 7.31995
-0.417816 -6.42344
-3.35393 -4.07044
-5.41 -14.4
-6.77 -13.37
-9.55 -13.51
0.656447 -5.97341
0.890284 7.29679
1.73129 -3.04678
6.04411 2.73155
-2.27471 1.43309
-2.89321 -0.640602
12.6 7.95
9.28292 -7.78361
-5.62671 -0.559735
11.2245 -2.72812
-0.422882 4.44543
-9.00019 -1.81479
-4.54917 -14.0273
-1.54177 -2.23555
-2.20341 1.2977
3.88784 -10.7176
-7.92636 3.91301
-2.75043 -5.04087
-8.24582 -3.71324
5.04842 4.48946
0.272826 -3.32934
-7.03358 5.08534
-8.4915 3.13903
-4.30605 2.8693
-4.41618 2.82823
2.27309 3.31025
7.48782 -9.70982
5.37211 4.02108
10.7589 -1.39062
2.05537 3.43911
-0.263025 -3.17527
3.58285 -10.9092
-4.99554 -8.31466
-3.98355 7.46465
11.43 4.07
11.619 -3.77439
-1.90303 -9.86368
-0.967173 4.70814
6.73806 0.401859
7.44701 -0.691778
6.8601 -0.0160804
3.76439 -0.287246
-6.18292 -6.87847
6.3119 -4.54508
11.48 9.33
-8.94598 1.65883
