-3.57008 -3.61017
-5.81356 -7.83533
-8.87685 -2.88353
-9.17171 -1.59816
-8.22944 -3.42293
-8.46794 -4.01734
-3.2285 -5.23788
-5.15384 -2.77266
-6.52038 -6.39621
-5.72465 -0.907722
-6.73855 -6.111
-4.85617 -0.762193
-5.34528 -2.3305
-3.28942 -5.18656
-6.73589 -6.84532
-4.55783 -8.30528
-2.4409 -1.89176
-3.28498 -3.93282
-5.78719 -0.114155
-5.60849 -1.4828
-6.19347 -7.45446
-4.62739 -1.72047
-2.46961 -4.65818
-6.21337 -6.76082
-9.29501 0.116706
-2.3738 -1.99102
-8.65395 -3.55014
-5.62575 -1.42993
-2.48895 -1.81622
-7.11435 -5.58809
-4.1149 -2.83591
-3.0733 -4.14611
-5.19325 -2.68829
-8.85414 -0.268334
-6.72144 -6.13936
-9.01298 -2.3809
-7.88601 -4.24454
-5.16982 -7.80385
-2.30916 -2.08063
-5.47509 -1.9687
-8.86006 -2.93935
-6.21492 -7.43191
-2.37946 -1.98291
-4.60729 -1.77918
-2.63443 -1.55891
-6.8621 -5.95007
-2.76422 -1.2768
-3.46805 -5.02952
-2.53499 -1.73986
-7.24195 -5.39249
-8.74302 -3.30096
-4.79307 -1.11628
-6.34976 -6.60268
-3.70336 -3.44272
-7.74528 -4.51466
-9.13807 -1.79375
-8.88501 -2.85601
-4.80827 -1.0425
-7.91007 -4.17954
-5.56853 -1.65633
-5.44623 -2.05506
-5.57353 -1.63863
-4.50849 -2.04165
-7.09778 -5.61284
-4.81371 -3.40267
-2.57186 -5.72732
-5.66738 -1.23824
-7.24735 -6.19393
-4.47863 -2.11402
-5.6998 -1.0643
-7.67565 -5.54181
-4.04829 -4.44137
-5.90989 -7.09271
-8.65571 -1.9637
-5.4863 -1.93402
-6.69574 -6.89338
-7.75928 -4.48784
-5.44036 -2.07211
-3.5597 -3.62273
-9.24573 -1.04034
-8.33502 -4.31745
-8.59112 -3.71514
-7.61042 -5.64569
-8.71724 -1.6442
-8.35994 -4.26298
-7.5696 -4.84354
-4.6302 -8.24957
-2.56938 -1.67997
-7.95346 -5.06914
-4.16308 -4.30842
-9.27649 0.549976
-9.29381 0.171241
-3.88623 -3.19187
-8.08291 -4.82945
-3.96798 -3.07053
-4.80231 -1.0721
-8.15198 -4.69559
-4.08863 -2.87904
-5.43923 -8.17931
-8.78179 -1.21863
-2.62193 -5.69335
-2.8329 -1.10623
-6.05318 -6.93928
-4.90196 -3.27356
-2.46254 -1.85824
-6.2328 -6.73864
-4.42212 -2.24388
-3.68325 -3.46875
-3.59844 -4.90834
-6.36509 -7.27068
-4.77335 -1.20508
-8.56966 -2.33657
-5.63768 -1.37785
-8.95567 -2.60484
-3.00014 -4.21532
-4.90061 -3.25563
-2.29708 -2.09678
-2.20217 -1.36389
-3.75342 -4.7565
-5.9309 -7.07056
-7.83624 -4.33365
-4.19364 -2.69826
-4.22459 -2.64207
-4.89643 -0.380108
-2.67004 -4.50218
-8.85662 -0.0589389
-6.42699 -6.5
-7.30235 -6.10579
-3.04262 -5.38787
-7.1947 -5.46599
-5.75859 -0.630148
-5.6718 -1.20386
-3.52836 -3.66888
-6.91273 -6.62723
-2.45619 -4.66817
-3.02466 -4.19236
-9.23146 1.03074
-2.62543 -1.57634
-9.27972 -0.624792
-8.3425 -3.10668
-8.91729 -2.74426
-8.84794 -0.451883
-5.65294 -1.30804
-9.23353 -1.15185
-2.74572 -1.32125
-8.31535 -3.1857
-3.68384 -3.47253
-5.70569 -1.02943
-4.82865 -0.945162
-5.37819 -2.24474
-2.61722 -4.54454
-4.34581 -4.08208
-4.86988 -0.659122
-3.622 -3.54633
-5.55895 -1.69116
-8.15831 -3.60666
-3.0305 -5.40237
-2.17835 -1.40773
-5.78748 -0.0799659
-2.55483 -1.70562
-8.83474 0.560855
-7.16268 -5.51507
-6.68092 -6.76397
-3.37746 -3.85048
-7.02295 -5.71962
-6.5576 -6.3498
-3.33448 -5.14788
-2.7227 -4.45912
-3.91662 -4.58663
-7.13037 -5.56402
-4.70071 -1.48529
-4.00906 -4.48547
-5.32498 -2.38175
-4.29167 -2.51508
-7.69153 -5.51614
-9.29621 0.0351665
-8.4525 -2.76202
-8.83441 -0.688903
-4.78447 -1.17351
-8.63264 -2.07048
-2.14123 -1.47289
-4.17792 -2.72627
-8.84289 0.432693
-9.18061 -1.54219
-8.80932 -0.979864
-4.46068 -3.92707
-4.63721 -1.69102
-3.07405 -5.36319
-4.4737 -3.91221
-8.82245 0.714397
-5.29515 -8.3042
-2.96328 -4.24937
-5.75323 -0.681942
-8.32309 -4.31554
-4.73709 -1.35256
-4.9836 -3.10717
-5.26114 -2.53546
-2.76792 -1.26774
-4.71319 -1.44121
-5.69063 -1.11637
-7.8635 -5.22799
-7.70647 -4.59016
-3.51722 -3.67345
-4.00333 -3.01604
-2.75322 -1.30343
-9.21146 -1.36226
-2.76108 -4.42697
-9.07106 -2.12916
-7.98283 -5.01597
-3.04905 -4.16929
-7.73965 -5.43743
-2.45177 -1.87502
-9.28942 0.306846
-8.60213 -2.20355
-5.83679 -7.813
-4.74347 -3.51593
-5.69689 -1.08147
-5.68423 -1.15126
-5.62974 -1.41274
-3.8395 -3.25854
-2.33304 -2.04817
-3.82048 -3.28514
-9.29226 -0.348431
-3.54898 -3.63563
-7.27324 -5.3431
-4.59605 -3.73947
-9.23979 -1.09608
-6.84496 -5.9736
-8.78846 -1.16543
-8.27788 -3.29143
-8.37181 -3.02147
-3.12148 -4.09935
-5.31112 -2.41603
-8.80087 -1.05913
-8.76379 -1.35134
-2.6053 -5.70498
-8.79882 -3.13407
-5.67551 -7.96559
-7.89807 -4.20503
-8.6827 -1.83061
-5.73896 -0.8033
-4.86428 -0.703151
-4.79759 -8.11714
-2.1199 -1.50877
-5.73664 -0.820955
-9.27042 -0.763042
-7.62689 -5.61955
-8.18917 -3.52822
-2.7187 -1.38329
-6.25275 -6.71576
-7.04859 -5.68546
-2.78313 -1.24987
-4.74436 -1.3237
-4.27704 -2.54342
-2.46781 -1.84995
-4.53169 -1.98343
-4.23211 -2.62819
-5.97563 -7.0239
-2.69627 -4.4808
-5.38473 -2.22726
-7.3956 -5.14421
-2.73771 -5.61396
-8.83824 0.509501
-7.95802 -4.07587
-8.76772 -1.32392
-5.31797 -2.39915
-4.28596 -4.15817
-2.58851 -1.64548
-7.66627 -4.66628
-8.84678 -0.477718
-8.12651 -3.68541
-7.8938 -5.17515
-8.02767 -3.9198
-4.72133 -1.41167
-3.58025 -3.59761
-4.3695 -4.05138
-8.64984 -1.96875
-8.06188 -3.84827
-5.3191 -8.28373
-8.55608 -2.38991
-8.09421 -3.76391
-5.78402 -0.250794
-4.7293 -1.38212
-7.51894 -5.79331
-5.17759 -2.72217
-5.2239 -2.62037
-4.66537 -1.60323
-6.6492 -6.23342
-9.19326 -1.45869
-8.81719 -0.899694
-8.79604 0.967733
-2.20455 -2.21617
-3.15173 -5.301
-2.66083 -1.50645
-5.55416 -1.70832
-8.73358 -3.32833
-6.81533 -6.74866
-5.72961 -0.872902
-3.39433 -5.09554
-4.54303 -1.95428
-9.2644 0.609418
-6.17372 -6.80571
-5.59605 -1.55177
-7.56094 -5.72289
-8.44447 -4.07214
-3.13316 -4.08783
-8.40882 -4.15381
-8.1924 -4.61514
-2.19819 -1.37132
-8.58292 -2.28321
-4.3101 -4.12772
-7.46929 -5.01954
-5.10476 -2.87377
-4.46038 -2.15704
-4.43949 -3.95867
-2.97548 -4.23816
-2.69863 -1.42739
-2.80268 -1.17842
-5.50812 -1.86458
-5.84769 -7.15758
-2.79951 -4.39437
-3.72331 -3.4166
-2.32702 -2.05642
-4.58651 -1.83779
-5.76933 -0.509165
-3.46343 -3.73613
-9.29661 -0.101349
-7.63897 -4.71715
-4.39586 -2.30144
-4.55427 -1.92498
-6.63529 -6.9648
-5.54427 -1.74313
-5.52693 -7.47658
-3.9433 -4.55782
-7.98154 -4.02393
-4.95621 -3.15661
-6.98958 -6.52905
-4.51126 -2.03167
-7.58346 -4.81861
-4.49664 -2.07071
-4.88921 -0.480198
-5.78697 -0.131014
-7.81769 -5.30665
-8.52511 -3.86552
-8.82471 0.688487
-3.75281 -3.37745
-5.42835 -2.1067
-8.48372 -2.65559
-7.04618 -6.45535
-7.64319 -5.59382
-3.61661 -4.85488
-9.29669 -0.0743344
-7.78523 -4.43654
-8.39496 -2.9476
-5.2607 -7.72316
-3.0852 -4.13465
-2.67362 -1.48024
-4.62236 -1.73537
-3.10532 -5.33835
-9.29732 -0.0447698
-9.27241 -0.735031
-2.33886 -2.04014
-6.38821 -6.55701
-8.51392 -3.90754
-7.77528 -5.38153
-4.78398 -3.4512
-6.40747 -7.22409
-4.85288 -3.3374
-2.73517 -4.44866
-4.40258 -2.28686
-2.73811 -1.33904
-8.84687 0.355733
-4.26955 -2.55779
-2.60253 -1.61965
-5.20089 -2.67158
-4.16203 -2.75422
-2.17436 -1.41491
-4.75932 -1.26426
-9.2465 0.898155
-9.26388 -0.845964
-9.22694 -1.20765
-5.77437 -0.440031
-7.08374 -6.40577
-3.6837 -4.8259
-9.14605 -1.79788
-3.95705 -4.54328
-9.29377 -0.293405
-4.55215 -3.80269
-3.26198 -3.95699
-4.87341 -0.629644
-8.85419 0.148545
-2.42994 -1.90846
-4.81969 -0.983294
-8.81676 -3.07836
-4.02929 -2.9752
-2.21373 -1.34198
-9.01968 -2.3533
-2.12852 -1.4944
-2.24798 -2.16062
-9.27439 -0.707545
-4.52018 -2.01256
-8.84695 0.436148
-2.206 -1.35666
-8.22514 -3.43875
-8.59586 -2.22985
-6.49139 -7.13033
-5.72096 -7.28664
-4.81406 -1.0129
-6.25826 -7.38599
-8.11081 -4.77586
-6.89365 -6.65129
-2.82509 -4.37237
-8.41183 -2.89451
-2.71072 -1.401
-8.89332 -2.82768
-5.60495 -8.0306
-7.72353 -5.46395
-8.35157 -3.0798
-5.71137 -0.994572
-8.81532 0.790493
-8.85599 -0.163542
-5.06263 -2.95739
-8.84903 -2.97047
-9.25958 0.764952
-5.03239 -7.92265
-8.03883 -3.89413
-5.49732 -1.89931
-2.22905 -2.18456
-5.97211 -7.68051
-5.77195 -0.474584
-5.14728 -7.82359
-8.83985 0.48417
-3.24401 -5.22492
-7.75523 -5.41164
-5.77548 -0.423018
-8.52799 -2.49655
-3.42402 -5.06916
-6.96502 -5.80607
-2.8125 -4.38322
-3.25903 -5.21229
-2.1605 -1.44366
-5.77759 -0.38851
-2.99545 -5.42442
-3.73308 -3.4037
-5.56384 -1.67349
-7.24883 -6.18111
-5.74482 -7.9007
-8.49122 -2.62936
-6.1338 -6.85041
-3.80862 -4.70024
-4.32193 -4.11268
-3.83535 -3.26682
-5.78121 -0.319587
-9.11699 -1.90581
-2.59793 -1.62818
-2.77674 -5.59573
-8.16858 -3.58078
-7.7078 -5.48968
-3.51314 -4.98972
-8.8328 0.586225
-5.01928 -3.04065
-8.84414 -0.530524
-6.27206 -6.6935
-6.82723 -5.99778
-4.58128 -1.85222
-3.09742 -4.12281
-2.72656 -1.36556
-6.42635 -6.51122
-8.56942 -3.7703
-7.38025 -5.16965
-2.59062 -4.56552
-4.8974 -0.365624
-2.3506 -2.02382
-4.93916 -8.00113
-4.4539 -2.17192
-3.21557 -4.00501
-4.32746 -2.44414
-8.78055 -3.18974
-2.92629 -4.28305
-7.9342 -4.12774
-6.59543 -6.30238
-2.57747 -4.57581
-5.88942 -7.11417
-5.57791 -1.62149
-4.83794 -0.879977
-9.15783 -1.68173
-2.78656 -5.5793
-2.73013 -1.39292
-8.21908 -4.56114
-9.28436 -0.541335
-4.96547 -3.14033
-2.21007 -2.20813
-4.26223 -2.57173
-4.57419 -3.77112
-8.66677 -1.91031
-2.16621 -1.42945
-4.38248 -2.33015
-5.02794 -3.02422
-4.75576 -1.27884
-2.39086 -1.96642
-4.79914 -1.08706
-5.78198 -0.302628
-8.70295 -1.72385
-5.08801 -2.90736
-2.86746 -5.52064
-4.29295 -2.50324
-9.28446 0.415289
-8.85628 0.0188635
-3.8676 -3.21867
-4.84967 -0.806289
-8.8501 -0.399263
-7.44251 -5.90235
-4.61771 -3.70772
-4.435 -2.21504
-8.76 -1.37758
-3.92302 -3.13803
-4.5075 -3.86554
-5.00153 -3.07394
-5.76504 -0.560833
-2.44134 -1.88223
-2.7786 -1.24105
-7.69328 -4.61531
-4.54126 -3.81822
-5.74939 -0.716666
-4.67446 -1.57377
-7.87881 -5.20128
-2.70677 -1.40972
-8.05465 -4.88298
-9.27274 0.603856
-5.63379 -1.39504
-4.69214 -1.5148
-5.45796 -2.02043
-2.14552 -1.46556
-4.40921 -2.267
-9.12248 -1.87736
-2.91342 -4.29457
-2.96367 -5.44871
-8.82017 0.739536
-2.55069 -4.5966
-4.79384 -3.4352
-3.52649 -4.97592
-5.99488 -7.65781
-2.38526 -1.97455
-9.26834 -0.790401
-9.1116 -1.93342
-2.64369 -4.52342
-2.18637 -1.39315
-8.38454 -4.20844
-2.72103 -5.62564
-7.28443 -5.32353
-8.23351 -4.53267
-7.22642 -5.41678
-6.83472 -6.72474
-2.2911 -2.10472
-4.65146 -1.64718
-9.28288 -0.569414
-4.64194 -1.6766
-8.85195 -0.346696
-8.33361 -3.13277
-3.59102 -3.58463
-5.62877 -8.00878
-5.19296 -7.78346
-6.77465 -6.06873
-4.68339 -1.54429
-4.38929 -2.31559
-5.73437 -0.838097
-8.6229 -3.6327
-8.78521 -1.19164
-8.10524 -3.73735
-5.73198 -0.855753
-5.29769 -7.69287
-4.67 -1.58829
-8.46826 -2.70882
-8.69442 -3.43933
-3.48293 -5.01598
-4.70487 -1.47074
-3.49735 -5.00279
-3.3796 -5.10846
-2.58884 -5.716
-4.86241 -3.32127
-5.71685 -0.959721
-5.27571 -2.50132
-2.4839 -1.82457
-2.78686 -4.40516
-3.90342 -4.60078
-5.76798 -0.526207
-8.96323 -2.57646
-2.93842 -4.27203
-8.81954 -0.873785
-9.06483 -2.15759
-8.79293 0.993044
-8.63861 -2.0434
-4.48503 -8.36043
-6.48287 -6.44245
-2.4245 -1.91667
-2.11119 -1.5231
-5.76192 -0.595478
-2.83511 -5.54429
-9.28608 0.389528
-7.3204 -6.08011
-8.83526 -0.666733
-8.75207 -1.43087
-8.52088 -2.52281
-5.0103 -3.05754
-2.20993 -1.34921
-2.14964 -1.45844
-4.35793 -4.06654
-2.22136 -1.32727
-4.5189 -3.84963
-7.96797 -5.04295
-6.36874 -6.5802
-7.57734 -5.69744
-4.8583 -0.747207
-4.87169 -0.644165
-4.35571 -2.38663
-2.59316 -1.63696
-4.98589 -7.96201
-4.06767 -4.40945
-6.85462 -6.70007
-3.90471 -3.16499
-8.68796 -1.80353
-4.37582 -2.34428
-3.79468 -4.71456
-7.92378 -5.1222
-7.52493 -4.92188
-9.21448 1.16268
-8.42002 -2.86834
-3.99614 -4.49983
-5.41611 -2.14125
-4.03514 -4.45624
-5.21626 -2.63762
-4.82239 -0.968723
-8.6146 -2.15017
-5.78487 -0.487148
-6.44957 -7.1773
-2.41887 -1.92511
-5.29706 -2.45028
-5.5345 -8.09449
-7.8234 -4.35981
-9.29041 -0.403593
-2.49938 -1.79929
-3.48514 -3.71104
-4.15415 -2.76797
-9.1004 -1.98946
-5.46948 -1.98578
-3.78196 -3.33812
-4.54855 -1.9399
-3.94117 -3.11101
-5.24643 -8.34556
-4.71277 -3.56405
-2.78562 -1.22314
-5.78669 -0.148384
-4.81685 -0.998316
-3.01105 -5.41239
-2.25415 -2.15278
-3.63246 -3.53326
-5.78338 -0.268233
-5.26834 -2.51865
-3.03335 -4.18297
-5.04246 -3.0079
-3.7811 -4.72844
-2.56466 -1.68846
-9.23458 1.00457
-7.54125 -4.89406
-8.61274 -3.65963
-5.41712 -7.58019
-4.39301 -4.02057
-5.8057 -7.20079
-8.79562 -1.09419
-5.05522 -7.90318
-9.08246 -2.07414
-5.7141 -0.9774
-8.58933 -2.25692
-7.99717 -4.98973
-8.69298 -1.77723
-5.50534 -7.49716
-8.85525 0.0965722
-3.40778 -3.79892
-2.39683 -1.95809
-5.75621 -0.647435
-5.67082 -1.22105
-4.73316 -1.36756
-2.579 -1.66274
-7.43991 -5.06969
-8.97661 -2.52241
-2.19431 -1.37853
-5.21538 -7.76361
-3.08947 -5.35097
-8.08342 -3.78968
-8.28738 -3.26486
-8.47592 -2.68259
-4.02231 -4.47066
-4.17528 -4.29364
-5.29161 -2.46715
-5.66027 -1.27314
-4.63223 -1.706
-3.29626 -3.92087
-5.78458 -0.233873
-4.91942 -3.2227
-8.83437 -3.02262
-8.84807 0.329497
-8.82852 -0.767855
-7.41022 -5.11973
-4.81115 -1.02791
-5.0964 -2.89031
-5.51337 -1.84746
-8.98499 -2.4929
-5.39828 -2.19275
-7.45944 -5.87714
-5.32006 -8.27199
-8.81017 0.841358
-5.58176 -8.05175
-4.31323 -2.47263
-5.35063 -7.64161
-4.46635 -2.14299
-2.51475 -1.77395
-8.01608 -3.94625
-2.19724 -2.22386
-4.66082 -1.61774
-8.80661 -1.00602
-4.76382 -3.4836
-3.83596 -4.67191
-7.4768 -5.85113
-4.09709 -2.86501
-5.78719 -0.0968733
-4.74087 -1.33799
-2.6164 -4.54108
-5.65705 -7.3502
-2.77146 -1.25893
-8.47939 -3.99031
-2.5097 -1.78233
-5.58708 -1.58663
-7.425 -5.92828
-4.82168 -8.09767
-2.71915 -4.99484
-8.62676 -2.09679
-8.81203 -0.952942
-2.81912 -5.55589
-5.75505 -0.664841
-8.77155 -3.21699
-9.25909 -0.901569
-6.07812 -7.57076
-8.83094 0.612123
-2.90106 -4.30563
-7.87348 -4.2567
-4.80346 -3.41862
-4.29884 -2.50107
-8.85567 0.0709404
-2.43551 -1.89999
-5.48699 -8.13701
-8.06861 -4.85662
-4.7484 -1.30842
-4.84509 -0.835844
-2.17024 -1.42229
-2.68807 -5.64857
-5.39103 -2.21028
-4.40908 -2.27268
-5.61393 -7.39253
-9.29136 -0.376409
-9.16249 -1.65415
-6.03316 -6.96106
-9.25715 0.791327
-8.5474 -3.8254
-8.90952 -2.77171
-4.73437 -1.39329
-3.20404 -4.01677
-3.01259 -4.20369
-2.62332 -4.68605
-2.60587 -1.6107
-2.50447 -1.79094
-2.52741 -1.74786
-8.12451 -4.74936
-9.26201 0.737768
-2.97934 -5.43676
-8.81459 -0.926807
-5.39523 -7.60051
-2.4834 -4.64785
-4.8844 -0.526821
-2.51992 -1.76532
-9.27462 0.5773
-2.54496 -1.72276
-4.86807 -0.673651
-3.77238 -3.35113
-4.86901 -8.05909
-2.75387 -5.60256
-8.60169 -3.68795
-6.01692 -7.63571
-4.24726 -2.59999
-4.225 -4.2336
-9.2871 0.361108
-2.81909 -1.1336
-8.66434 -3.52205
-4.62832 -3.69205
-4.6784 -8.21195
-4.11234 -4.36786
-7.00833 -6.50476
-6.94779 -5.83051
-7.48366 -4.9948
-9.28571 -0.514087
-2.87587 -4.328
-3.36448 -5.12178
-8.67752 -1.85692
-9.29548 -0.211187
-5.43312 -2.039
-5.6048 -1.51689
-4.88298 -0.541311
-5.51164 -8.11525
-3.87708 -3.20508
-3.47413 -3.72379
-5.74255 -7.26494
-2.36225 -2.00744
-4.03797 -2.96134
-5.75131 -0.699556
-5.7795 -0.354032
-4.84302 -3.35398
-8.54925 -2.41625
-4.34838 -2.40153
-4.83293 -0.909552
-3.56969 -4.93555
-6.34411 -7.29357
-2.5639 -4.58638
-2.89967 -5.49682
-5.30579 -7.68249
-8.85522 -0.215908
-2.40217 -1.94988
-7.92235 -4.15327
-8.7126 -1.67049
-2.74161 -1.33001
-2.34482 -2.03187
-6.32243 -7.31709
-2.94749 -5.46097
-4.12171 -2.82363
-3.74025 -4.77054
-3.62702 -4.881
-4.4477 -2.18617
-3.10925 -4.11129
-5.64286 -7.3658
-6.5119 -7.10711
-2.61179 -1.6023
-5.65183 -7.98752
-2.73433 -1.3478
-7.59416 -5.67121
-9.29229 0.2257
-9.29621 -0.156236
-8.54219 -2.44324
-5.24638 -2.56956
-5.72084 -0.925206
-4.84501 -8.0787
-5.23842 -7.74311
-8.69833 -1.74938
-3.13637 -5.31331
-7.25786 -5.36746
-4.87677 -0.600182
-8.81343 0.830954
-2.26656 -2.13681
-4.2092 -2.67019
-7.02757 -6.47971
-5.4635 -8.15788
-4.08038 -2.89266
-9.23773 0.977627
-8.58015 -3.74313
-4.15016 -4.3235
-3.65544 -4.85352
-3.61182 -3.55899
-2.60412 -4.5549
-8.69904 -3.41803
-8.85475 0.122947
-3.38652 -3.82295
-5.53418 -1.77792
-3.98573 -3.04332
-8.79173 -1.13846
-8.43641 -2.81519
-8.8077 -3.10663
-5.64174 -1.36012
-3.45237 -3.74882
-3.39748 -3.81078
-2.22281 -2.19235
-5.6175 -1.46482
-3.66299 -3.4947
-6.57584 -6.32687
-4.48462 -2.09973
-3.34168 -3.87211
-8.94825 -2.63241
-7.35536 -6.02968
-5.59152 -1.56946
-7.33784 -6.05514
-4.67091 -3.62822
-6.17132 -7.47762
-5.77825 -0.371132
-4.5373 -1.96907
-4.60675 -3.72384
-9.29443 0.144341
-9.29044 0.280082
-4.21245 -4.24887
-3.22552 -3.99414
-8.60906 -2.17501
-7.81087 -4.38516
-7.59765 -4.79291
-4.14598 -2.78211
-7.93844 -5.09607
-8.29721 -4.3986
-4.89327 -0.424239
-4.88582 -0.511902
-9.26428 0.711346
-5.42217 -2.12423
-2.70265 -1.41868
-8.52506 -3.88044
-4.77378 -3.46765
-2.24165 -2.1687
-8.83054 -0.741786
-3.69756 -4.81225
-3.23885 -3.98105
-4.08678 -4.39744
-4.24958 -4.20342
-5.4808 -1.95111
-9.27992 0.496007
-2.13706 -1.48
-5.23142 -2.60361
-6.99875 -5.7578
-5.3386 -2.34743
-5.43927 -7.55944
-4.36218 -2.37293
-3.72557 -4.78444
-3.31904 -3.89654
-8.81775 0.765414
-5.10137 -7.8635
-7.17607 -6.2815
-5.41561 -8.20006
-9.04603 -2.24124
-4.61743 -1.74984
-6.23707 -7.40857
-7.49838 -4.96929
-8.64433 -2.01709
-9.25469 0.818944
-8.85338 0.17363
-6.98168 -5.7823
-4.94714 -3.17343
-5.57055 -7.43466
-9.27822 0.523397
-4.8427 -0.850605
-4.93804 -3.18971
-8.85433 -0.244147
-8.29677 -3.23859
-3.30788 -3.90851
-4.02076 -2.9887
-8.19951 -3.50152
-8.67435 -3.49476
-8.42067 -4.12687
-9.2815 0.469386
-6.87387 -6.67607
-5.36748 -8.24201
-2.32115 -2.06442
-4.10525 -2.85137
-9.15294 -1.71014
-8.71416 -3.38385
-2.52378 -4.61726
-2.6386 -5.68247
-6.931 -5.85421
-5.37264 -7.62139
-9.22002 -1.26348
-7.94579 -4.10228
-5.79243 -0.213748
-5.59259 -7.41331
-3.95917 -3.0839
-4.20023 -4.26368
-3.15693 -4.06425
-5.07106 -2.94089
-9.24368 0.92441
-3.87648 -4.62941
-9.02651 -2.32483
-7.62546 -4.74211
-5.68741 -1.13407
-5.35864 -2.29612
-9.26612 -0.818584
-4.26164 -4.18851
-7.83288 -5.28072
-8.2491 -3.37021
-4.13801 -2.79583
-6.09362 -6.89494
-4.65468 -8.23051
-5.78558 -0.199549
-2.30364 -2.08871
-2.65214 -1.52397
-5.51873 -1.82983
-4.76996 -1.21964
-4.87218 -3.30465
-5.4343 -2.08966
-2.28491 -2.11288
-2.64334 -1.54145
-7.2126 -6.23138
-4.60637 -8.26802
-9.2407 0.951421
-4.01193 -3.00258
-2.66508 -1.4978
-5.31169 -2.31506
-4.2168 -2.65634
-4.64971 -3.66018
-9.10596 -1.96185
-2.23947 -2.13874
-4.70913 -1.45573
-2.80934 -1.16045
-8.13725 -3.65913
-4.59184 -1.82294
-4.82774 -0.939135
-5.12132 -2.84012
-7.84859 -4.3083
-7.28476 -6.13068
-8.93293 -2.68835
-6.71614 -6.86902
-3.44159 -3.76111
-5.7104 -7.92744
-4.50908 -8.34231
-8.2842 -4.42614
-5.69371 -1.09918
-8.74384 -1.48418
-3.41961 -3.78599
-5.04538 -2.99084
-9.29443 -0.2662
-5.94994 -7.7025
-2.41338 -1.9333
-4.76642 -1.23467
-6.71832 -6.33658
-4.69638 -1.50026
-7.99302 -3.99831
-5.20871 -2.65436
-3.64257 -3.52056
-5.76348 -0.578406
-9.24853 -1.0129
-6.53875 -6.37336
-8.64378 -3.5774
-8.85657 -0.0854908
-7.49357 -5.82586
-4.8922 -8.04003
-2.93174 -5.47285
-4.13772 -4.33817
-6.9513 -6.57822
-3.8013 -3.31167
-6.11396 -6.87244
-8.82419 -0.8208
-9.20907 -1.34687
-7.01527 -5.73395
-4.41634 -3.98967
-8.24545 -4.50705
-7.71998 -4.56424
-4.72294 -3.54818
-2.988 -4.22659
-4.45083 -3.94336
-4.17008 -2.74008
-5.76651 -0.543772
-4.49074 -2.08501
-2.67177 -5.6598
-5.52976 -1.7614
-8.75602 -1.40462
-2.47843 -1.83311
-9.23018 -1.17962
-8.82684 0.663304
-3.74287 -3.3906
-7.36537 -5.19421
-9.29645 -0.129187
-9.28839 -0.48268
-8.65013 -1.99004
-6.10573 -7.54549
-7.61136 -4.76793
-4.8751 -0.614799
-7.52741 -5.77444
-6.53294 -7.08316
-4.88161 -3.28849
-3.58429 -4.92177
-2.8883 -4.317
-9.29661 -0.0195492
-3.82212 -4.6863
-5.07968 -2.92389
-2.85055 -4.35024
-2.6904 -1.44503
-3.3752 -3.83546
-9.07702 -2.10155
-8.73443 -1.52738
-9.29549 0.089811
-2.52492 -1.75693
-8.5062 -2.57609
-4.89542 -0.394919
-5.37178 -2.26171
-5.67763 -1.18615
-6.29362 -6.66896
-3.97958 -3.05413
-2.77379 -4.41624
-6.67586 -6.917
-4.06104 -4.4269
-9.28136 -0.596691
-4.84034 -0.865408
-4.94448 -8.00251
-5.7411 -0.786174
-5.78271 -0.285174
-2.7304 -1.35681
-8.79482 -1.11226
-8.80473 0.892128
-4.87996 -0.570738
-8.85114 0.252275
-4.76295 -1.24925
-4.99246 -3.0908
-4.6007 -1.79617
-3.55547 -4.94891
-5.2828 -2.48448
-8.75267 -3.27276
-5.49233 -1.91637
-8.53523 -2.46951
-6.55331 -7.05986
-5.64541 -1.34295
-3.12068 -5.32606
-2.27888 -2.12079
-8.77124 -1.29808
-9.18486 -1.51463
-5.88264 -7.76871
-2.3465 -2.01302
-2.51114 -4.62707
-7.121 -6.35603
-3.18056 -4.04057
-8.85658 -0.0332808
-2.82548 -1.11559
-7.51261 -4.94448
-2.13274 -1.48731
-8.25868 -3.34422
-5.13768 -2.80642
-2.63899 -1.55006
-2.49676 -4.63779
-6.6671 -6.2103
-5.00883 -7.94265
-8.40331 -2.92145
-8.84121 -0.58327
-3.96981 -4.52888
-7.14701 -5.53895
-8.85275 -0.320818
-4.78667 -1.14588
-8.82548 -3.0509
-9.14812 -1.73774
-8.77839 -1.24485
-4.34151 -2.41561
-9.21799 1.13666
-9.25952 -0.922596
-8.84916 0.304028
-5.85928 -7.79127
-8.72193 -1.61713
-4.59269 -8.29001
-4.72639 -8.17409
-5.78476 -7.22214
-8.73095 -1.5638
-5.16173 -2.75601
-3.49575 -3.69867
-4.04648 -2.94775
-5.99233 -7.00513
-8.76195 -3.24537
-2.78905 -1.21431
-2.54984 -1.71432
-3.95006 -3.09766
-4.85186 -0.791732
-4.24044 -2.61314
-8.39655 -4.18153
-8.78985 1.01826
-9.00601 -2.40931
-9.16692 -1.62628
-9.22357 -1.23516
-4.63827 -3.67567
-4.86031 -0.732666
-4.06351 -2.92024
-6.88012 -5.92535
-8.01391 -4.96078
-8.72642 -1.59084
-5.52912 -1.79506
-4.33407 -4.09717
-5.46135 -7.53878
-4.68129 -3.61244
-4.15728 -3.80325
-2.82235 -1.12446
-5.60039 -1.53459
-2.79917 -1.18727
-2.55966 -1.69716
-6.4451 -6.48854
-6.14974 -7.50007
-4.83542 -0.89498
-8.20598 -4.58776
-2.79255 -1.20521
-2.47321 -1.84141
-6.70323 -6.16326
-9.05871 -2.1852
-8.32259 -4.34428
-8.02607 -4.93641
-3.79179 -3.32472
-8.37779 -3.00067
-2.75688 -1.29465
-4.52992 -3.83416
-9.26867 0.657647
-2.63001 -1.5675
-5.69846 -7.94422
-8.83254 -0.714957
-9.24276 -1.06862
-6.42592 -7.20204
-8.30977 -4.37184
-8.73528 -1.53751
-6.06146 -7.5907
-5.77085 -0.76146
-7.34998 -5.21946
-4.83339 -3.37007
-3.85837 -3.23185
-8.84293 -2.99514
-6.38662 -7.24707
-8.99915 -2.4369
-4.49639 -3.88097
-2.18228 -1.40051
-7.70804 -4.61467
-3.18264 -5.27579
-5.79093 -7.85696
-8.3603 -3.05369
-5.40368 -2.17578
-4.50267 -2.05597
-4.78985 -1.1313
-8.27149 -4.45287
-4.77414 -8.13599
-3.31965 -5.16068
-2.68298 -4.49166
-8.83796 -0.636064
-5.71948 -0.942555
-8.53786 -2.42421
-3.84938 -4.65792
-6.30132 -7.33988
-8.50008 -2.59954
-3.36417 -3.84758
-8.17906 -3.55412
-5.95124 -7.04901
-9.25134 -0.984637
-4.28428 -2.52945
-8.97049 -2.54888
-6.07373 -6.91681
-3.53853 -3.64813
-4.12486 -4.35325
-5.90474 -7.74699
-9.21649 -1.291
-2.15797 -1.44396
-4.3344 -2.43009
-9.18917 -1.48624
-9.25397 -0.957214
-5.74535 -0.751411
-4.75351 -3.53627
-2.81259 -1.15159
-8.90131 -2.80015
-9.20133 -1.40277
-4.70152 -8.19351
-6.73908 -6.11607
-2.19089 -2.23159
-3.45356 -5.04264
-2.8159 -1.14246
-7.7979 -4.41124
-5.17276 -2.73902
-6.80994 -6.02124
-2.23545 -2.17652
-9.2959 0.0620976
-2.62095 -1.58492
-7.33495 -5.24396
-4.70221 -3.58035
-9.22555 1.04669
-4.88715 -0.497424
-8.26846 -3.31744
-8.06128 -3.84194
-2.70481 -5.63696
-7.06452 -6.43073
-5.78637 -0.165262
-5.60905 -1.49971
-8.42832 -2.8415
-4.42777 -3.97441
-2.67721 -1.47127
-6.61266 -6.28023
-5.07803 -7.88349
-9.22488 1.08375
-9.28822 -0.458812
-7.30424 -5.29359
-3.61293 -4.89447
-2.22081 -1.3306
-8.17914 -4.64172
-8.4911 -3.96247
-8.11589 -3.71155
-3.85071 -4.63796
-3.2134 -5.25043
-4.7801 -1.17548
-2.66943 -1.4889
-8.09672 -4.80304
-2.76062 -1.2856
-6.59444 -7.01242
-3.81105 -3.29822
-8.84547 -0.504555
-2.11533 -1.51615
-9.19741 -1.4303
-4.44128 -2.20082
-4.59699 -1.8085
-8.79898 0.942802
-3.2763 -5.20041
-4.92862 -3.20646
-3.27333 -3.94509
-9.27804 -0.652094
-5.33173 -2.36484
-3.19215 -4.02886
-5.54909 -7.45534
-5.14567 -2.78979
-9.28828 0.334385
-4.88973 -0.468048
-7.84845 -5.25398
-8.8535 -0.294187
-4.67827 -1.56017
-8.85282 0.200447
-2.88367 -5.50846
-2.79592 -1.19637
-9.29306 -0.321275
-5.27047 -8.32521
-8.80193 0.917107
-6.77575 -6.79708
-6.40706 -6.53445
-7.08161 -5.63684
-5.77658 -0.405508
-8.84269 -0.557277
-2.70914 -4.47022
-3.65296 -3.50744
-8.68456 -3.46665
-5.76345 -7.24382
-8.85646 -0.111237
-2.69447 -1.43634
-7.78661 -5.35921
-7.37303 -6.00436
-8.20946 -3.4756
-3.71321 -3.42986
-5.6638 -1.25595
-6.31104 -6.64817
-4.89438 -0.409362
-9.08888 -2.04551
-6.68547 -6.18646
-4.27062 -4.17199
-9.03302 -2.29727
-8.8502 0.277782
-2.85154 -5.53231
-8.85626 -0.137765
-5.52388 -1.8127
-3.34972 -5.13466
-2.83074 -4.36526
-3.89551 -3.17835
-4.69192 -3.59617
-7.13925 -6.33147
-9.25198 0.84479
-8.8365 0.535564
-3.93018 -4.57203
-6.57428 -7.03578
-7.73302 -4.53904
-4.55963 -1.9107
-4.86396 -0.713242
-4.23713 -4.21875
-8.00475 -3.97191
-4.57054 -1.88147
-5.69992 -7.30767
-4.79616 -1.1017
-6.89669 -5.90221
-6.03954 -7.6129
-8.50239 -3.93541
-9.1277 -1.84978
-6.75466 -6.82179
-7.19466 -6.25608
-4.85407 -0.776745
-8.43329 -4.09856
-4.89214 -0.438693
-8.86454 0.0515277
-7.15797 -6.30614
-7.40792 -5.95342
-4.15901 -2.74306
-3.71179 -4.79816
-2.68206 -1.46265
-8.84563 0.381135
