5.24 10.25
15.83 19.64
15.61 39.61
20.86 12.21
18.5 23.78
18.74 11.26
25.9 8.01
14.51 33.89
23.22 20.75
7.15 25.67
20.26 4.99
22.52 20.83
26.29 16.07
25.52 6.61
24.89 5.51
16.05 20.23
10.29 24.48
10.01 13.23
9.7 14.58
3.26 30.68
15.87 37.9
26.3 11.41
17.26 19.57
14.68 19.61
9.27 25.13
20.08 11.6
17.37 34.86
20.79 14.82
26.15 4.67
12.79 6.87
7.04 14.28
19.38 40
21.51 24.97
17.37 30.5
4.82 23.14
13.64 17.76
15.54 31.64
18.98 5.97
27.02 33.92
7.76 17.02
5.96 15.68
10.22 18.11
15.78 5.92
13.43 7.58
6.45 18.83
9.55 22.06
22.05 20.91
7.05 10.5
5.89 24.97
22.46 20.56
11.88 25.27
13.07 13.17
14.25 4.12
12.37 6.46
10.13 35.71
4.74 18.92
9.06 17.93
22.55 38.6
9.73 20.63
24.77 38.2
17.79 15.48
16.71 26.04
10.96 32.54
17.64 25.4
17.54 19.19
8.96 12.73
8.45 16.99
5.67 37.55
3.38 15.7
23.71 22.15
17.16 29.07
26.58 11.34
18.95 35.64
19.88 7.81
3.93 24.66
3.87 20.23
20.41 19.63
7.34 31.88
20.8 13.77
13.65 15.92
24.86 31.87
21.21 7.19
21.66 29.63
24.49 30.73
18.83 8.34
16.77 23.58
7.37 24.84
9.47 13.47
26.21 33.23
23.11 7.91
14.26 6.51
8.72 38.2
22.44 38.54
11.44 14.15
12.99 21.48
16.37 18.55
9.38 6.04
12.43 10.43
18.81 16.37
15.74 17.34
7.62 13
17.75 11.38
25.31 30.58
9.7 19.69
25.88 25.23
20.93 8.79
19.56 14.59
18.87 28.26
26.78 37.44
15.42 15.92
12.02 7.54
26.45 24.09
3.56 24.99
11.97 22.99
15.76 5.47
3.19 28.24
25.34 25.41
12.27 5.14
21.8 9.75
25.33 8.16
11.21 15.07
24.94 15.7
17.89 38.01
22.12 13.05
14.41 16.35
9.31 11.59
5.55 23.04
4.88 26.52
28.77 36.73
11.49 20.01
23.48 34.43
12.61 29.64
27.74 5.84
26.25 31.13
10.9 4.08
25.88 20.51
11.57 33.98
15.2 5.65
26.28 36.31
29.42 4.98
8.17 24.94
26.32 9.62
16.53 15.12
4.05 25.47
14.89 9.61
20.62 11.97
11.9 28.33
3.56 13.62
25.11 16.52
21.9 19.42
6.16 20.34
19.27 33.07
21.04 7.49
13.22 23.69
10.56 35.14
8.73 29.31
22.19 15.49
29.94 15.26
20.02 11.98
4.84 7.1
14.04 22.26
14.21 10.49
27.41 25.91
13.63 28.92
23.6 7.73
18.36 28.87
19.19 19.32
3.05 27.4
9.22 22.22
16.05 16.63
28.82 23.56
6.41 18.87
8.82 28.6
10.23 26.4
22.49 22.79
29.12 36.51
9.76 6.24
21.85 7.11
19.86 38.3
21.35 17.88
12.26 28.45
26.32 26.81
18.86 26.19
24.28 12
5.62 25.27
27.03 33.88
11.83 24.73
21.3 14.82
6.71 16.3
8.38 26
5.2 9.73
9.12 34.94
27.12 20.1
22.56 19.78
7.46 21.84
22.29 24.75
14.05 34.02
15.36 9.01
9.77 33.3
16.11 20.26
