-4.84 7.9
-8.96 5.74
5.86 -12.43
-7.02 3.83
12.38 4.63
-4.11 0.68
8.87 -3.51
0 -6.61
-9.63 -6.62
1.14 -0.31
-1.54 0.97
11.08 -14.09
5.5 -12.18
0.82 4.97
-2.66 -10.34
-0.31 -5.52
9.8 -3.57
12.36 -10.98
-5.16 -5.41
-0.78 -1.57
-5.15 -8.48
13.48 -13.3
-8.7 0.72
9.16 9.41
7.83 5.7
6.17 7.69
13.47 -12.51
-0.09 -5.51
-8.01 2.43
1.57 -6.56
13.09 -7.44
9.01 -14.19
-7.31 4.44
13.24 -2.69
11.52 -3.94
-2.53 7.89
2.07 1.55
5.17 1.99
2.66 8.19
2.91 7.58
8.57 2.98
-6.24 -2.35
-9.91 -3.07
-5.24 -0.08
12.04 -0.62
14.34 -7.15
11.27 -12.87
-2.24 7.69
5.08 5.13
-8.28 -14.64
-4.13 -6.69
-3.95 -10.84
12.04 -3.08
12.72 2.31
1.33 8.65
10.84 -10.05
-0.34 -9.34
12.54 -5.15
4.06 -2.53
8.77 -13.39
5.96 6.59
4.25 -14.71
11.5 -14.22
-8.1 8.8
5.16 0.46
-0.28 1.66
4 -11.72
-6.68 -10.19
5.08 -3.73
-6.63 6.77
-1.51 -2.15
5.28 1.83
-9.57 8.3
-7.27 -1.34
6.17 7.9
-7.53 9.92
13.71 -8.54
1.02 7.28
-8.51 -10.07
7.42 3.43
-9.95 -2.05
-9.65 -0.88
-7.89 -11.06
-5.37 9.59
3.12 -11.91
10.92 -11.06
10.73 2.57
-4.09 -6.57
1.5 -7.02
7.67 -14.8
10.71 -7.7
14.1 -2.96
-8.15 -6.08
2.52 -10.95
14.76 -3.69
-4.98 -14.26
11.87 -13.44
-7.06 -0.61
-3.15 3.9
-1.93 -13.81
