2.33258 6.9451
0.341035 7.29368
2.03423 6.66446
-1.23677 4.9137
-1.38216 4.13593
-1.23474 4.15122
-0.393545 4.87608
1.51763 6.90025
-3.09254 7.38536
-0.260591 4.12112
-1.64619 7.9134
-3.18774 7.76501
-1.00045 4.1646
-0.248782 4.85589
-0.963162 4.16551
-0.506326 4.1499
-4.16347 7.07641
-0.851161 4.16643
-1.75684 4.5856
-0.963975 7.88186
1.39153 6.95177
1.32853 6.97664
-2.14371 7.5174
-0.596336 4.89815
-0.318057 7.43182
-1.48315 7.9105
-0.364591 4.87225
1.60692 7.26166
-3.33196 7.3317
1.3724 7.35073
1.44756 6.92805
-1.29681 7.532
0.477466 7.63104
0.784138 7.54564
-2.07154 7.90258
0.241831 7.6891
-0.350769 4.13235
-3.71401 7.64021
1.41289 6.94321
-3.41721 7.71587
-0.887359 4.91543
-1.85949 4.84834
0.105386 4.77903
-4.20535 7.06055
-2.2865 4.75495
-1.36356 7.53429
-3.76221 7.2134
-0.798548 7.8658
-0.37101 4.1358
1.24386 7.00917
-0.968145 4.15849
-2.89548 7.42322
1.23111 7.40126
-1.78966 7.9118
-3.95959 7.56959
0.297329 7.30463
2.30891 6.95642
0.179423 4.76876
-1.1627 7.52566
0.99614 7.48011
-1.36773 4.90667
-2.1044 7.51938
-1.86012 7.9104
-2.52116 7.47991
-2.2297 4.7639
-3.44 7.30468
-3.07098 7.38978
-1.62659 4.09858
-2.58629 7.85954
1.53827 6.8916
0.752662 7.1779
-0.407818 4.8779
-0.495293 7.45925
-0.0654696 7.7548
-0.185751 7.40871
0.376462 4.71616
-0.273131 4.12291
0.0231077 4.80471
0.642483 7.58647
-1.41254 7.90857
-3.75729 7.62922
-3.24498 7.35218
-1.45982 7.90994
-1.98797 7.52723
-0.450887 7.45277
-0.610685 4.89934
-0.73966 7.4903
-2.42307 7.8769
-0.292517 4.862
-4.04912 7.54121
-3.64437 7.65986
-0.810746 7.50041
0.619249 7.59296
-1.08887 7.88229
-2.05975 4.80966
-1.06209 4.91765
1.70092 7.22415
1.93496 7.12625
-0.348891 7.80539
1.95233 6.70456
-1.1732 4.15602
-2.23277 7.5103
-1.76643 7.91211
-1.58555 4.88712
-1.1485 4.15769
-1.42595 4.90241
-3.67661 7.23924
1.27822 7.38467
-3.02718 7.39854
-1.45582 4.12626
-0.340327 7.43552
1.78424 6.78302
-3.41868 7.31015
-3.26707 7.34709
-1.08687 4.16121
-2.98333 7.40704
0.263888 4.74722
-1.31884 7.53282
0.404493 4.70801
-0.362164 7.43905
2.23911 6.98938
-2.65285 7.46228
-0.408096 4.1401
-1.15046 7.53004
-3.20144 7.362
0.948954 7.49515
-2.65591 7.85108
0.188177 7.33086
-2.39905 4.72333
2.11377 6.62421
0.66622 7.20413
-0.420227 4.14143
-1.2521 7.53015
-0.141573 7.40048
-1.39685 4.90463
-0.105536 4.83051
-1.76533 7.53566
0.925021 7.50268
-0.974501 4.91731
-0.975691 4.16525
-0.89206 7.87549
-0.698016 4.90611
1.10271 7.05903
1.4897 7.30699
-1.26963 7.90313
-2.91779 7.41922
-4.09375 7.5266
0.581435 7.22904
-2.43246 7.49047
-2.49288 7.8699
-0.872554 4.91496
-4.11571 7.5193
-0.609064 7.84333
-0.191787 4.84592
-0.134257 4.83581
-0.0533297 7.38326
0.881873 7.13678
0.524723 7.61861
-2.56545 7.47422
-4.0165 7.12968
-0.361503 4.84108
0.234414 7.32029
-1.30951 4.90983
-1.62925 4.10054
0.0564287 7.3604
-0.678941 4.1616
0.320264 4.732
-1.12935 7.89458
-0.6061 7.47429
-1.07333 7.52013
1.03159 7.08624
-1.72991 4.86868
-0.987307 7.88386
-4.18276 7.49654
-1.93113 4.83552
-1.09906 4.16059
-3.3967 7.31572
-3.5534 7.6832
1.37075 6.96004
-2.24431 4.76602
0.0516491 4.79852
-0.876638 4.16635
-2.54299 7.47714
-1.49241 4.12096
-0.917374 7.50799
0.375614 7.27729
-3.4854 7.69983
-0.858177 4.91446
-1.72064 7.53656
-3.84754 7.60338
-3.5695 7.26994
-2.25942 7.89083
-3.69471 7.23442
-0.0421479 7.75021
-0.691494 4.16217
-3.5264 7.28179
-2.95757 7.80695
-1.34195 7.906
-3.05008 7.79096
0.26506 7.68364
2.14551 7.03266
-2.58727 7.47133
2.17116 7.02158
-2.29894 7.50437
-1.47504 7.53679
-0.695117 7.48522
-0.585725 7.84026
-2.04568 4.81267
-0.625432 4.90064
-1.19322 4.91527
0.406911 7.64911
-2.0954 7.90133
1.84976 6.75331
-0.539726 7.46547
-2.01709 4.81864
-1.2224 4.91426
0.406181 7.27688
-2.38806 7.49535
-2.69748 7.45566
-1.27155 4.1479
-1.60221 4.10299
-0.0181342 7.74541
0.0941856 4.78899
-0.24862 4.11933
-1.55654 4.8903
-0.444861 4.14403
-2.81841 7.82883
-0.756304 4.90974
1.91125 6.72428
-0.561692 7.83703
0.0656978 4.79541
-1.8165 4.85549
-0.821885 7.86827
-2.49868 7.48269
0.73693 7.55951
-1.6578 4.87845
1.01936 7.4726
-0.230835 7.78549
0.100388 7.3508
-1.5275 4.8933
-2.14524 4.79042
-0.940016 7.50995
-2.34287 4.73949
0.0346473 7.36505
-4.26768 7.0364
-1.71925 7.91254
2.05435 6.65446
0.64489 7.21044
-3.93748 7.5764
1.80846 6.77248
1.55951 6.88263
0.151049 4.77566
-0.187616 4.10979
-3.17991 7.36676
-3.78326 7.20687
-1.01264 4.16423
-3.68972 7.64778
-2.98094 7.80277
-1.25941 4.14903
-2.03258 7.52475
-2.63151 7.46524
0.595247 7.59956
-1.05132 7.51861
-2.1424 7.89868
0.514714 7.24763
-3.19296 7.35796
-0.8434 4.9138
-1.78735 7.53512
-0.0656391 4.08805
-2.04837 7.90371
-3.63369 7.25176
0.945953 7.11553
-0.307698 7.79631
-3.2571 7.75093
-0.65383 4.16042
-4.28882 7.02805
-3.43974 7.71064
-0.814908 4.16586
-1.57782 4.10725
-3.13625 7.3762
-1.16404 4.9161
1.91185 7.1362
-1.33859 4.90854
-0.592576 4.15662
-0.944353 4.92128
-2.02089 7.90643
-3.07283 7.78685
0.362549 7.2882
-1.12047 4.91702
-1.57084 4.88876
-0.656436 7.84935
-3.91096 7.16571
-3.622 7.6657
-3.35174 7.32716
-3.57654 7.67736
-0.666753 4.161
-3.98233 7.5625
-1.07432 4.16182
-2.39251 7.88258
0.193387 4.7653
0.860061 7.14388
-0.774517 7.86319
-3.88955 7.17277
-0.517171 7.46234
0.432519 4.69978
-0.135994 7.76834
0.0371738 4.80168
-0.962009 7.51179
-0.0780344 4.09041
-2.12175 7.51898
-1.32424 4.9094
0.278205 4.74342
-1.88394 7.90983
-1.03289 4.91771
-0.456807 4.14529
-0.538188 4.89266
0.194457 7.69994
-3.23378 7.75573
-1.94321 7.52948
-0.465808 4.88489
-0.138772 4.10151
-1.51689 4.11722
0.073366 7.72532
-2.28253 7.88907
-0.703685 4.1627
-1.96598 7.52836
0.312352 7.6724
-2.93943 7.41526
-1.0037 4.91759
-4.05869 7.11476
-2.88839 7.81815
-2.47682 7.48532
-4.22619 7.0525
-2.60958 7.85665
0.292098 4.73969
0.903039 7.12982
0.548003 7.61239
-2.35674 4.73583
-0.20753 7.41268
-0.509138 4.88967
-0.224131 4.11561
-2.84198 7.8253
-1.43129 4.12963
1.09532 7.06377
0.76019 7.55271
1.67708 7.23376
-2.46985 7.87228
1.53673 7.289
-3.2885 7.34208
-3.735 7.63542
-4.20463 7.48897
1.18049 7.03285
-3.531 7.68874
-2.00133 7.90581
0.972193 7.48777
-2.2125 7.89419
-0.443615 7.82015
-1.94569 4.83278
-0.285214 4.12463
-0.901405 4.1663
2.09512 6.63398
0.217762 7.69462
-2.03118 4.81572
-4.03163 7.12545
1.00989 7.09376
-0.0900265 4.09267
-0.383485 4.13729
0.449761 7.26533
2.12244 7.04317
-3.97423 7.14434
-0.850779 7.50184
-1.53036 7.91147
1.79892 7.18542
-0.901738 4.91584
-0.741514 4.90889
-1.2962 4.14549
-2.27259 4.75865
-1.95425 7.90763
-1.4679 4.12455
-3.37535 7.32106
-1.09599 7.52163
1.39558 7.34221
-2.23578 7.89249
0.536764 7.24149
1.66355 6.83773
-1.32083 4.14294
0.122636 4.78241
-1.1979 4.1542
-0.703808 7.85511
-0.33566 4.86826
-2.74163 7.44891
-1.87669 7.53227
-3.89255 7.59003
-0.114522 7.39598
-1.2 7.89899
-2.38482 4.72749
-1.17668 7.8976
2.02874 7.08521
2.0756 7.06431
-1.10536 7.89293
-1.10566 4.91724
0.147148 7.71052
-0.806186 7.4974
0.012427 7.36975
1.87008 6.74378
0.838864 7.15072
-2.216 4.77323
-1.6092 7.53765
-3.27973 7.74619
-1.51976 7.53734
-0.765402 4.16481
0.332728 4.72474
0.925467 7.12248
-1.58645 7.53768
-3.04876 7.39426
1.88805 7.14639
-1.26593 4.91244
1.06058 7.46547
-2.82616 7.43216
-2.07718 7.522
-0.234797 4.85304
-0.770669 4.91054
-0.0974322 7.39199
0.807395 7.53871
-1.50483 4.11908
-0.668888 4.90404
-2.21084 7.51215
-1.48034 4.12275
-0.372913 7.80924
-1.65391 7.53741
-1.01851 4.91767
-0.523874 4.89121
-4.30932 7.01988
-0.531007 4.152
1.28623 6.99302
-1.40945 4.92029
-2.67955 7.84806
-2.16631 7.5157
-1.49844 4.89612
0.689711 7.57312
-1.74249 7.91236
-0.479729 4.88766
-3.34926 7.73069
-1.43848 4.1299
-0.71706 7.48775
0.901777 7.50993
-1.62484 7.91256
-2.27726 7.50635
1.22296 7.01704
0.558162 7.23547
1.32531 7.36783
0.854591 7.52445
2.09868 7.05393
-1.36525 7.90692
0.390278 4.71216
-0.864438 4.16633
-0.895389 7.50602
-2.36617 7.49766
-0.436803 4.88148
2.35565 6.93404
-0.102382 4.09497
-2.71989 7.45227
0.207832 4.76185
-3.11898 7.77829
0.0525119 7.7309
-0.989313 4.91747
-2.32173 7.50214
0.747245 7.17561
-2.46426 7.48524
-0.930927 4.91656
-0.0537136 4.08572
-0.584186 7.47144
0.430201 7.64321
-4.07478 7.53092
-0.160156 7.77277
-0.555699 4.15396
-0.358891 4.13433
-0.869252 7.87307
-0.617294 4.15823
-3.32562 7.73637
-1.47083 7.54748
-0.422521 4.87974
-1.11801 7.52303
-1.7588 4.86446
-1.5902 4.1051
-0.538354 7.83382
1.34934 6.96849
0.446245 4.69555
1.2657 7.00093
1.11365 7.44148
-0.753188 4.16447
-2.67572 7.45889
-3.93186 7.15872
-2.51659 7.86738
2.19232 7.01114
-1.24733 7.9016
-2.32941 7.88529
-2.99871 7.50813
-4.24713 7.04444
-2.31471 4.7473
-0.306751 4.86411
-3.48324 7.29337
-3.32531 7.65273
0.988802 7.101
-1.74543 7.53568
-1.27413 7.5311
-1.38705 7.53473
-0.727155 4.90801
1.5599 7.28004
-1.95982 4.83007
0.601554 7.22308
-1.67205 7.91269
0.318868 7.29926
-0.926169 4.16609
-0.163008 4.84094
-0.251762 7.42054
-0.490984 7.82712
-1.18537 4.15514
-0.494171 4.14881
-2.8298 7.4346
-0.11281 7.76392
-1.34545 4.14024
-1.62883 4.88206
-0.177183 4.84341
-1.07651 4.91735
-2.86485 7.82181
-2.79553 7.83217
0.221701 4.75817
-1.15267 7.8961
-0.514048 7.83052
-1.88825 4.84332
-1.06213 4.16237
-2.11678 4.79701
-1.12378 4.15921
-2.08829 4.80342
-2.21084 7.51215
-0.580402 4.15578
-0.567877 4.15487
-0.277866 4.85979
2.28588 6.96736
0.830534 7.53145
-2.0106 7.52601
-0.650597 7.47988
-0.00546856 4.81073
-0.939948 7.87973
-0.00926692 7.37427
-3.71945 7.22646
-3.21112 7.76033
-1.25156 4.91308
-3.54771 7.27595
-1.67206 4.87664
1.89098 6.73391
-0.0340787 4.8166
-3.61252 7.25783
0.382929 7.65511
-4.14281 7.08412
0.359636 7.66088
-1.83069 4.85317
-0.872738 7.50394
-3.80245 7.61644
-1.701 4.87273
-2.37098 4.7315
-3.95337 7.15146
-2.74903 7.83875
0.253574 7.31533
1.72407 7.21476
-0.296028 7.42816
-0.654542 4.90296
1.74665 6.8007
-1.40673 4.13285
1.30142 7.37641
-0.0481863 4.81943
-1.45301 7.53643
-0.163182 4.10572
-4.1383 7.51171
-1.93105 7.90842
-1.91699 4.83814
-1.78766 4.86006
0.0801517 4.79217
0.00518482 7.74068
1.77104 7.1955
-2.75903 7.84284
1.07429 7.07124
-1.54135 4.11333
-2.53961 7.86486
-3.5907 7.26401
1.43364 6.93483
1.99333 6.68462
0.249974 4.75087
-1.28406 4.1467
-1.44029 4.90127
0.493289 7.25353
-1.80187 4.85783
-0.0316159 7.37886
-1.45505 4.90002
0.348386 4.72416
1.76708 6.79144
-0.839672 4.16617
-1.68675 4.87466
0.384635 7.28249
-0.691914 7.84903
-0.0194287 4.81394
-2.70249 7.84506
-1.35337 4.90761
-0.777946 4.16514
-1.29509 4.911
1.20142 7.02509
-2.63294 7.85394
-2.34363 7.49997
1.7479 7.20502
-3.78021 7.62277
1.05264 7.07888
-1.57761 7.91216
-0.378863 4.87413
-0.799831 4.91201
1.65393 7.24303
0.0998331 7.72084
-2.00258 4.81864
1.06651 7.45717
0.70947 7.19113
0.795793 7.16443
1.60148 6.86473
-0.420279 7.81661
0.170457 7.70534
-0.0768453 4.82505
-2.87381 7.42704
-3.394 7.72117
-1.29464 7.90394
-4.24895 7.47338
-1.08201 7.89128
-0.551436 4.15176
-1.6953 7.91265
-0.790145 4.16541
-0.325551 7.80159
-0.802708 4.16566
-0.263644 4.8576
-2.78574 7.44189
-0.711758 4.90934
-1.50708 7.91104
1.86493 7.15622
-0.889203 4.16634
-3.37145 7.72626
-0.163329 7.40457
-3.8259 7.19342
-1.13485 4.91676
-3.74053 7.22006
-2.30082 4.75109
-1.17703 4.92434
-3.00385 7.7991
0.144304 7.34095
-1.90241 4.84086
1.44265 7.32473
-1.71567 4.8707
-1.02942 7.51692
-0.396249 7.8129
-1.81001 7.5345
2.07504 6.6441
2.26216 6.97856
-1.43032 7.53598
0.418285 4.70393
-0.756278 4.16098
-0.148424 4.83835
-1.24432 4.15102
1.81799 7.17598
0.452579 7.63688
-1.56448 7.53763
-1.92134 7.53045
-1.83202 7.53383
-1.54188 4.89106
-3.86847 7.1797
-1.77309 4.8608
1.42789 7.33334
-2.18825 7.51398
-0.0294201 4.08089
0.73136 7.18445
-2.25825 4.7624
-1.37005 4.13739
-0.205977 4.84831
-1.20759 4.9148
-1.63123 7.53757
-0.987888 4.16495
-0.829001 4.91332
-0.17522 4.10774
-4.1008 7.09957
1.95866 7.11594
-4.00439 7.55554
0.165033 4.77228
1.7256 6.81017
-2.16554 7.89726
-0.309754 4.128
-3.82534 7.60985
1.58011 6.87387
-2.30632 7.88719
1.70514 6.81932
0.474157 4.68701
-0.672926 7.48253
-2.44612 7.87466
-0.960119 4.9171
-1.04823 4.16327
1.93219 6.71427
-0.297661 4.12636
-1.21006 4.15325
-0.207505 7.78136
1.16078 7.42554
-1.39463 4.13439
-0.463783 7.45598
-0.183483 7.77704
-0.384658 7.44263
-0.0627217 4.8223
-3.00409 7.40319
2.05183 7.07495
-0.727159 7.85784
-0.751179 7.86059
-2.07423 4.80652
-0.561627 7.46844
1.47567 6.91765
-1.00666 7.51533
1.34851 7.35944
0.571972 7.60591
-0.605115 4.15745
-0.114387 4.09716
-2.37626 7.88124
-1.31795 7.90499
-1.40828 7.53549
-1.56578 4.10929
-0.469509 4.14649
-1.2074 7.52804
-1.83681 7.91095
0.306391 4.7358
0.209772 7.32579
-1.03466 7.8877
-1.55361 4.11127
-0.125583 4.81958
-0.199663 4.11174
-2.13081 4.79392
-2.85151 7.43091
0.0291924 7.73575
-0.728434 4.16366
-0.278191 7.79367
1.13794 7.04842
-4.07944 7.10731
-2.18764 4.78026
-3.59894 7.67165
-1.90715 7.90917
-1.55433 7.91186
-0.950931 4.16574
-3.22352 7.35706
1.184 7.41759
-1.67593 7.53719
0.688169 7.19756
-3.91461 7.58342
-0.153074 4.10348
-1.16073 4.15687
-1.98847 4.82444
-0.334313 4.13124
-0.406511 7.44604
-1.03739 4.16337
-3.16508 7.76945
-2.15924 4.78711
-2.91123 7.81452
-0.761613 7.4927
-4.12151 7.09199
1.13687 7.43366
-2.11856 7.90006
-0.639772 4.9018
-2.17366 4.78365
-1.48412 4.89745
-0.481658 4.14765
-0.567254 4.89549
-0.494832 4.88813
-0.916615 7.8776
1.58357 7.27075
1.62187 6.85591
-1.46937 4.89878
-1.22939 7.52911
-0.642019 4.15969
1.51287 7.29816
-1.35768 4.13881
-1.59984 4.88549
-0.395608 4.13869
-3.02663 7.79512
0.165923 7.33601
1.98186 7.10585
-1.09128 4.91742
-4.16021 7.50428
1.2075 7.40933
