16.28 8.25
11.29 24.51
29.49 21.46
15.99 35.64
18.84 27.54
18.63 32.73
10.06 12.94
25.03 24.62
12.35 18.54
25.97 21.57
15.35 19.57
8.36 24.31
17.04 21.68
28.14 15.54
11.79 17.05
5.72 36.87
3.66 32.73
19.53 22.76
16.1 8.06
26.34 21.84
23.32 28.97
23.81 16.61
22 28.16
3.93 27.6
23.07 24.47
3.58 9.51
23.5 19.22
10.06 6.39
22.53 21.37
17.44 37.9
23.83 19.63
24.01 13.04
3.01 8.95
5.74 16.49
3.19 13.04
23.42 10.72
29.01 26.67
7.74 23.15
15.97 16.19
16.75 13.59
20.69 22.39
28.8 32.22
22.67 20.99
22.85 5.54
9.06 22.41
14.27 39.99
25.94 9.45
20.01 15.06
28.21 11.49
4.67 27.18
27.62 5.53
5.21 27.67
15.73 4.39
24.09 12.36
11.72 11.64
27.51 4.23
4.72 11.56
9.7 21.91
15.57 20.46
4.66 21.56
9.69 34.1
12.06 28.95
14.21 11.49
16.7 18.59
15.64 26.27
22.87 38.56
20.94 10.75
17.68 20.31
12.17 9.61
19.82 16.78
16.57 10.67
17.99 17.05
11.48 11.42
3.15 29.92
21.41 8.62
6.1 15.55
16.3 11.11
18.04 20.95
11.83 7.7
14.59 23.7
4.53 15.46
21.06 16.42
15.6 18.55
24.38 5.05
22.74 19.61
28.24 26.53
27.56 16.93
22.2 23.1
6.63 25.94
21.3 26.2
17.62 22.97
24.69 14.08
6.56 9.11
8.87 12.06
13.12 35.71
17.76 10.25
13.02 22.44
13.06 23.24
15.21 21.29
27.33 4.37
18.3 10.05
21.32 17.99
14.13 24.39
12.91 32.41
