4.91993 -6.00849
2.59994 -6.87293
-0.0658615 -10.9078
2.61977 -6.86956
4.63608 -6.17272
1.8713 -6.95506
0.307806 -6.86987
3.54925 -10.5619
3.35409 -6.70037
3.37399 -6.69465
1.91207 -11.1614
3.019 -10.615
0.670975 -6.92096
1.0567 -6.95344
2.41868 -6.90087
1.52546 -10.6187
1.23965 -6.96298
1.95278 -6.94982
-0.107842 -10.383
4.25225 -6.36531
0.63043 -6.9162
1.91204 -6.95256
2.92753 -11.1549
1.54552 -6.96633
0.706973 -11.0488
1.55238 -11.1414
1.83777 -10.6352
2.07426 -6.94017
0.738941 -11.0534
3.52959 -6.64669
1.99345 -10.64
4.19661 -6.3906
0.914172 -6.9446
2.61725 -10.6365
0.442775 -10.4906
3.48724 -10.5695
2.02358 -10.6408
1.27757 -10.5991
-0.198725 -10.3624
4.10634 -6.44974
0.408375 -6.88564
2.09489 -6.93833
0.267566 -6.86304
0.566066 -10.5108
0.225071 -6.86169
3.64172 -10.5499
5.04151 -5.93197
0.752147 -6.92978
0.469141 -6.89491
2.49234 -10.6401
2.697 -11.1651
1.15319 -10.587
2.57951 -6.87633
4.473 -6.2585
4.00861 -6.47143
1.56562 -6.96617
0.731713 -6.92711
2.03451 -6.93583
3.33477 -6.70608
1.32128 -6.96515
2.23673 -6.92386
3.7036 -10.5413
0.781914 -10.5426
1.46387 -6.96674
3.02719 -5.77753
2.77284 -10.6298
1.05775 -11.0969
2.78038 -6.84004
2.08825 -11.1744
2.23894 -11.1697
2.27414 -10.643
2.5336 -11.1689
2.80364 -10.6282
1.03635 -6.95324
1.94436 -11.1627
1.55743 -10.6208
5.00691 -5.9543
2.80011 -6.83613
3.54932 -6.6403
0.642129 -11.039
1.43278 -10.612
1.93211 -6.95124
0.720047 -10.5339
2.93965 -6.80671
3.03883 -6.78382
0.350919 -10.4747
1.13797 -6.95883
0.126615 -10.948
1.28047 -6.96416
3.82721 -10.5232
1.21955 -6.96224
5.11039 -5.88688
3.49118 -6.66397
1.78976 -6.95933
2.33662 -10.6426
2.30495 -10.6428
4.41831 -6.28594
4.90265 -6.01905
-0.350078 -10.3263
0.711548 -6.92549
4.34465 -6.32187
3.27032 -10.593
2.25671 -6.92158
0.650996 -6.91864
2.21612 -6.9265
4.83218 -6.06136
3.19726 -6.74406
1.16139 -11.1065
2.681 -6.82714
2.50129 -11.1694
0.589909 -6.91121
1.80612 -10.6339
0.853451 -6.93947
0.136564 -10.4343
0.0142087 -10.4093
4.0464 -6.45575
0.792771 -6.93385
1.57438 -11.1467
-0.00178255 -10.9216
2.47899 -6.89214
4.215 -6.38231
1.6198 -10.6246
1.33981 -10.6045
3.83767 -6.53891
1.58634 -6.96576
0.228071 -10.4521
3.08364 -10.6097
0.596472 -10.5155
4.49153 -6.24905
0.868851 -11.0714
3.81882 -6.546
2.17334 -11.1688
1.62716 -6.96495
3.2167 -6.73889
3.91399 -6.50947
3.41314 -6.68298
1.35649 -11.1255
0.936342 -10.5627
1.84654 -11.1586
3.88893 -10.5135
0.965942 -11.0839
2.83523 -10.6265
-0.320206 -10.3336
1.45476 -11.1339
5.16143 -5.85263
3.3946 -10.5801
4.32644 -6.33057
2.76258 -11.1629
0.373105 -10.4934
1.58816 -10.6227
3.85763 -10.5185
1.22663 -11.1132
0.843831 -10.5509
3.39329 -6.68894
-0.410645 -10.3113
0.388399 -6.88285
1.25878 -11.1164
1.38265 -6.96417
3.07853 -6.7743
1.40293 -6.96642
2.92 -6.81104
0.416123 -11.0021
1.09105 -10.5805
2.0867 -10.6418
1.97284 -6.94838
2.99065 -10.6167
4.02779 -6.46351
0.287066 -10.9789
3.51042 -6.65283
0.0753494 -10.422
-0.168747 -10.3693
0.812793 -6.93576
2.07548 -11.1667
0.627798 -10.5203
4.9549 -5.98687
3.36309 -10.5835
0.998375 -10.5701
0.448646 -6.89194
1.65005 -11.148
3.11817 -6.76446
3.29548 -6.71726
4.17764 -6.39908
2.46802 -11.1697
2.05423 -6.94192
0.569962 -6.90866
0.428752 -6.889
1.17876 -6.96065
-0.380816 -10.3187
2.14105 -11.1682
0.577343 -11.0289
1.97762 -11.1639
3.95202 -6.49439
1.26036 -6.96359
0.674069 -11.0439
2.7928 -10.6209
1.78103 -11.1555
3.79608 -10.5279
1.68327 -11.15
2.37824 -6.90641
5.02446 -5.94293
4.2894 -6.34806
3.98095 -10.4984
3.0246 -11.1502
2.3991 -10.6419
1.48697 -11.1365
2.42988 -10.6414
0.541662 -11.0242
0.348084 -6.87647
4.70791 -6.13299
2.51934 -6.88598
0.319735 -10.4691
2.65999 -6.86255
3.4324 -6.67714
0.534677 -10.5058
3.15774 -6.75439
4.1592 -6.40725
4.38154 -6.30402
2.20663 -11.1693
2.15555 -6.93251
1.49509 -10.6166
3.57977 -10.558
4.1217 -6.42366
1.68808 -6.9633
3.28527 -11.1313
2.21166 -10.6429
0.35156 -10.9907
3.01926 -6.78852
2.73029 -11.164
1.25352 -10.5957
1.30117 -6.96469
0.489052 -6.89774
0.447957 -11.0076
1.3894 -11.1285
0.754445 -10.5382
4.5095 -6.23982
2.97948 -6.79774
4.67205 -6.15297
1.37049 -10.6071
2.52188 -10.6396
3.25612 -6.7282
-0.259508 -10.3482
1.07711 -6.95566
5.19546 -5.8294
1.87928 -11.1599
2.19615 -6.92831
2.37012 -11.1703
0.900885 -11.0756
1.65053 -10.6264
3.26763 -6.085
3.25308 -11.134
2.82812 -11.1603
2.91089 -11.0451
2.71994 -6.8516
1.64727 -6.96447
3.21984 -11.1366
1.81045 -6.95834
5.21267 -5.81753
0.222642 -10.9668
0.0940141 -10.9414
3.58814 -6.62753
0.836005 -11.067
4.30766 -6.33947
4.00277 -10.4961
4.40872 -6.32922
1.77534 -10.6326
4.74365 -6.11277
1.44375 -6.96669
1.74876 -11.1538
4.54589 -6.2209
2.85983 -6.82524
0.105499 -10.4281
1.30824 -10.6018
1.12257 -10.5839
3.68456 -6.59464
2.35887 -6.89358
4.56334 -6.20991
1.09719 -6.95676
3.74207 -6.57421
2.43859 -6.89805
4.58216 -6.20175
0.260351 -10.4579
3.61121 -10.5539
1.90022 -10.6374
0.658233 -10.5249
1.89135 -6.95404
1.32407 -11.1226
1.70883 -6.95867
0.867397 -6.96321
3.05685 -11.1482
1.21536 -10.5932
0.0442742 -10.4156
3.70356 -6.58796
2.11492 -6.93647
3.23671 -6.73349
0.38336 -10.9963
1.71293 -10.6297
2.79583 -11.1616
0.772158 -6.93181
3.51331 -10.567
2.29725 -6.91677
0.933884 -11.0799
0.16675 -10.4403
2.88009 -6.81965
3.66495 -6.60123
2.5548 -10.6385
3.85707 -6.53152
4.45498 -6.26761
3.56845 -6.63404
0.610464 -6.91377
1.12831 -11.1029
1.72888 -6.96189
4.14019 -6.41562
4.98975 -5.96502
2.71044 -10.6328
3.64594 -6.60802
-0.228512 -10.3553
1.74898 -6.9611
2.45909 -6.89508
0.504391 -10.5009
0.318898 -10.9847
1.3621 -6.96591
3.60723 -6.62115
0.934828 -6.94619
1.06045 -10.5772
0.0623769 -10.935
3.20813 -10.599
4.76121 -6.10273
3.05296 -10.6121
1.93099 -10.6383
3.80084 -6.56261
0.158291 -10.9543
3.97064 -6.48644
1.19353 -11.1099
1.42304 -6.96658
0.874354 -10.5549
1.71553 -11.1519
0.995612 -6.95059
0.80387 -11.0626
1.02878 -10.5736
2.76005 -6.844
0.89413 -6.94295
1.0962 -11.0993
0.381222 -10.48
-0.0468559 -10.3963
5.05903 -5.92062
1.75801 -10.6297
0.512618 -11.0184
5.17871 -5.84087
0.328235 -6.87325
2.86596 -10.6248
3.1877 -11.1391
2.01354 -6.94527
2.70016 -6.85529
1.76967 -6.96023
1.60645 -6.96539
2.99139 -11.1521
4.59998 -6.19222
1.86854 -10.6363
0.545607 -6.91721
3.33248 -10.5868
1.03105 -11.0918
1.83054 -6.95732
4.72555 -6.12313
3.05898 -6.77905
2.4357 -11.17
2.3674 -10.6423
2.13553 -6.93449
3.87588 -6.5243
2.30453 -11.1702
5.12514 -5.86979
0.812417 -10.5467
2.49136 -10.7789
4.27038 -6.35601
2.14918 -10.6426
0.609251 -11.0339
4.88482 -6.02987
1.11788 -6.95784
3.12229 -11.1438
2.27221 -11.17
-0.137859 -10.3763
4.79676 -6.08216
2.59917 -11.1676
2.8976 -10.6228
1.50469 -6.96665
3.89522 -6.51681
2.92832 -10.6209
2.55966 -6.87958
4.0841 -6.43982
5.14462 -5.86399
3.11523 -10.6071
2.05592 -10.6413
3.1459 -10.6045
2.53919 -6.88353
2.66474 -11.166
2.84012 -6.82801
0.954886 -6.9477
5.07602 -5.90954
3.47145 -6.66511
3.98995 -6.47907
2.58557 -10.6375
3.91932 -10.5086
3.78048 -6.56023
2.95913 -11.1539
2.39817 -6.9037
3.09865 -6.76934
3.30106 -10.59
0.289462 -10.4636
2.33776 -6.91171
1.61782 -11.1459
2.89363 -11.1573
0.0283284 -10.9284
3.17737 -6.75187
0.247759 -6.85958
0.207583 -6.85241
3.42518 -10.5767
4.61831 -6.18236
1.42099 -6.59253
2.64801 -10.6353
4.84862 -6.04798
0.287977 -6.86653
0.975545 -6.9492
2.1184 -10.6422
4.77926 -6.09232
1.4216 -11.1312
2.40329 -11.1699
2.89976 -6.81544
2.74029 -6.84779
4.4364 -6.27698
2.27728 -6.91917
2.26966 -10.6389
2.00991 -11.1649
3.76543 -10.5324
0.529491 -6.90332
3.72311 -6.58101
-0.0646483 -10.3995
4.86748 -6.04032
