-6.55388 5.57638
4.75027 4.61108
-0.0627217 4.8223
-6.92287 5.81284
-0.479729 4.88766
1.93496 7.12625
-5.83917 6.17398
3.02258 6.09389
3.30478 6.42225
5.56431 4.6775
-4.53438 7.36536
3.28666 5.91196
4.21041 5.58687
3.45322 5.79012
2.76736 2.27208
-1.43129 4.12963
4.96052 5.23468
-2.56545 7.47422
-5.4647 6.91356
1.92971 3.15524
-2.93441 4.52957
-5.7475 6.74226
1.03159 7.08624
3.24806 2.71608
-0.494171 4.14881
0.292098 4.73969
-5.98403 6.58512
-1.15267 7.8961
5.82908 4.40341
-6.79677 5.33268
-7.19216 5.53733
2.91691 3.11752
2.1649 3.81265
1.315 3.57476
-1.98797 7.52723
1.37875 3.53772
-4.33731 7.44136
-2.53509 3.81641
6.06402 4.14127
1.70149 4.13064
-3.21112 7.76033
5.62187 4.61965
-1.79606 4.06362
2.07261 3.88166
3.80541 6.10632
-3.5534 7.6832
-2.4688 4.70221
-2.55776 3.80616
1.01936 7.4726
-3.56931 4.1937
0.460409 3.95254
4.53519 5.58148
0.681443 3.87457
1.23111 7.40126
2.75214 6.26659
0.0998331 7.72084
-2.81841 7.82883
2.92427 2.03934
3.09788 6.54328
0.900147 3.78482
0.330468 3.99244
-4.77986 6.81138
-0.148424 4.83835
2.82843 2.18536
5.77351 4.46269
1.2657 7.00093
2.87858 3.15887
-3.75729 7.62922
-0.975691 4.16525
3.03118 1.86
-0.251762 7.42054
0.100388 7.3508
1.4632 4.26864
-5.19578 7.06094
1.66679 3.35254
-2.48255 4.69789
-5.62514 6.81985
2.80138 2.22424
-0.753188 4.16447
-2.71747 4.61705
-3.35174 7.32716
0.952882 4.51362
1.93159 3.98146
-1.96395 4.02139
-6.53206 6.16625
-1.36525 7.90692
-0.234797 4.85304
0.864141 3.80015
-3.18774 7.76501
4.81518 4.54011
3.77811 5.53547
-1.55433 7.91186
2.98429 6.11916
-0.407818 4.8779
2.69252 3.35329
-0.858177 4.91446
2.41722 6.46286
2.65809 1.9456
0.247208 4.01576
4.52028 4.85612
-3.74053 7.22006
-5.50561 6.88984
3.19313 5.97794
-3.93748 7.5764
-1.32083 4.14294
-2.43251 3.86068
-2.52116 7.47991
-5.217 7.04984
-1.28406 4.1467
-2.44085 4.71081
3.41735 2.46448
-1.41254 7.90857
2.38121 2.73821
-1.74809 4.07418
4.1631 5.85926
-6.7658 5.961
4.66459 5.47947
-4.81482 7.24586
-2.53823 4.68
3.52467 2.23892
-2.27259 4.75865
-4.40301 7.41673
1.97661 3.11686
0.77678 4.58241
-1.16404 4.9161
-0.306751 4.86411
1.62699 4.17551
4.51382 5.59805
-2.11678 4.79701
4.87661 5.30579
5.20733 5.01708
-2.13081 4.79392
3.62412 6.22461
-6.30108 5.80648
-0.372913 7.80924
0.187508 4.03141
-2.8534 4.56373
1.45063 4.27548
3.41909 6.35304
-0.396249 7.8129
2.86871 6.19382
-0.605115 4.15745
4.6216 5.51368
-1.98847 4.82444
3.30805 1.84343
-1.88394 7.90983
-7.17544 5.55529
2.68254 3.36314
2.69369 6.3023
5.32644 3.9084
-2.90747 4.54113
3.76021 6.13624
2.43026 2.68561
0.595247 7.59956
-1.1485 4.15769
1.473 3.48041
3.27661 2.67025
-4.46849 7.39148
0.654166 4.62791
2.92646 3.10683
-5.23757 7.03899
5.19122 4.0876
1.1095 3.68519
2.47436 3.55772
2.62535 1.92668
1.91074 3.17047
2.72552 2.32915
-0.728434 4.16366
3.6844 2.00303
-1.07432 4.16182
2.90735 6.16913
4.81354 5.35833
2.39893 3.62341
-1.92822 4.03103
-1.45301 7.53643
0.0310115 4.06826
-1.24733 7.9016
0.514714 7.24763
-6.85343 5.87941
-3.82534 7.60985
3.44721 2.418
1.67406 3.34669
5.40526 3.79922
-4.12151 7.09199
0.858559 4.55191
-3.84754 7.60338
0.565712 3.917
-0.24862 4.11933
1.55951 6.88263
-2.09465 3.98309
2.59563 6.36074
-4.24895 7.47338
-3.17328 4.41796
-0.160156 7.77277
3.54447 5.72092
-2.65591 7.85108
-6.45417 5.66983
-0.592576 4.15662
5.84793 4.38318
-1.02942 7.51692
-2.08298 3.98671
1.4897 7.30699
5.42762 4.81129
-1.09599 7.52163
0.784138 7.54564
0.223285 4.02214
-4.3923 6.98606
-0.901405 4.1663
1.73826 4.10788
-2.22404 3.9403
-0.277866 4.85979
-2.78563 4.59093
-2.88047 4.55252
1.95539 3.96508
-1.69955 4.08446
-2.63294 7.85394
-4.68614 7.30239
2.82995 6.21832
5.31334 3.92621
3.77299 1.82071
-3.48167 4.24787
-2.40952 3.87013
-0.125583 4.81958
4.97833 4.35133
1.25715 4.37549
-1.48034 4.12275
2.73274 3.31307
-2.36338 3.88859
-0.585725 7.84026
-4.51222 7.37422
3.17399 5.99123
2.53808 3.5003
3.51924 2.30114
1.41233 4.29591
-2.35674 4.73583
1.32624 4.34721
-6.23179 5.86576
2.63905 2.44142
-1.83069 4.85317
5.50693 3.65269
4.02945 5.95376
1.16553 4.41948
-3.27973 7.74619
2.47032 2.64141
-5.78432 6.21357
-5.36212 6.9715
2.20222 3.77202
1.39153 6.95177
-4.5569 6.91519
1.61463 4.18272
2.19633 6.58201
-4.43145 7.40198
-2.82616 7.43216
5.22814 4.99835
0.103493 4.05194
-6.40315 6.27224
-1.09906 4.16059
3.71492 6.16592
1.09532 7.06377
0.538086 3.92825
-2.59149 3.79058
0.170457 7.70534
1.72731 4.11648
-4.36059 7.00128
-2.85151 7.43091
-1.58645 7.53768
-0.191787 4.84592
-2.9745 4.51199
-1.13485 4.91676
5.99285 4.22275
5.29974 3.94457
-5.52314 6.39139
0.0912559 4.05479
-7.00831 5.72849
2.35515 3.66045
-5.74738 6.23978
-1.94078 4.02747
-3.00385 7.7991
-1.87669 7.53227
-2.1044 7.51938
1.12033 3.6797
5.58114 3.54132
5.09345 4.21135
4.20947 5.15887
-0.20753 7.41268
5.28827 4.94281
2.39767 2.72076
0.640158 4.63272
-1.98667 4.02579
-4.78469 7.25135
-0.567877 4.15487
3.48993 5.76249
-3.04109 4.48178
0.263888 4.74722
3.02752 2.98962
-3.64437 7.65986
3.42493 2.4527
5.37921 3.83572
-4.83657 7.23603
3.05368 1.81961
0.0941856 4.78899
-5.42821 6.45185
5.90264 4.32339
-2.60237 3.78554
3.47132 5.77653
3.98803 5.35805
1.43123 3.50619
0.518948 3.93314
1.79892 7.18542
-1.21006 4.15325
2.73284 6.27851
3.04249 1.83983
0.207832 4.76185
-4.47488 6.95117
2.14551 7.03266
5.48175 3.68961
1.71364 4.12316
4.22561 5.13984
2.93636 6.63403
-0.307698 7.79631
1.1789 4.4132
2.09512 6.63398
0.872321 4.54648
1.33632 3.56253
-2.69748 7.45566
-0.260591 4.12112
5.23226 4.03425
4.07384 5.28239
0.139449 4.04337
4.98108 5.21703
-0.141573 7.40048
-1.1627 7.52566
-6.10048 6.5028
2.98266 6.60835
-1.00666 7.51533
-6.17962 5.90937
-1.62484 7.91256
-0.829001 4.91332
-6.1618 5.92407
0.903039 7.12982
2.63505 6.33745
2.80802 2.21475
-5.17692 6.60189
3.48537 6.31181
0.689711 7.57312
0.939623 4.51912
2.17116 7.02158
-0.751179 7.86059
2.25526 3.74208
0.556581 4.65884
-4.35902 7.4333
-5.1539 7.08259
4.22601 5.14346
1.34851 7.35944
-5.27922 7.01677
-1.00045 4.1646
5.00221 5.19882
-1.43032 7.53598
-2.16554 7.89726
-1.83202 7.53383
-4.85768 7.22639
1.04323 3.718
0.404493 4.70801
2.33976 2.7814
4.2927 5.08058
3.05916 1.80963
-0.73966 7.4903
2.72167 3.32244
4.85583 5.32318
2.35749 6.49587
-1.26963 7.90313
-3.69471 7.23442
3.84831 1.64891
-6.74782 5.97742
5.14641 5.07201
0.925021 7.50268
1.65393 7.24303
1.33615 3.55991
1.58629 3.40739
-2.98094 7.80277
-0.456807 4.14529
-4.07944 7.10731
3.85594 1.74767
-6.69464 6.02535
-4.99979 6.69935
3.50797 5.74882
-0.761613 7.4927
-0.876638 4.16635
2.98208 1.94313
-3.71401 7.64021
-1.54135 4.11333
3.60196 2.1588
-3.5695 7.26994
2.84786 2.15665
1.79537 3.25969
1.07305 4.46177
3.93615 5.40289
-0.463783 7.45598
-0.0974322 7.39199
3.02563 1.86985
-4.1383 7.51171
4.45598 4.92114
1.184 7.41759
-2.74163 7.44891
0.70947 7.19113
-3.88955 7.17277
1.22296 7.01704
0.543515 4.66506
0.384635 7.28249
-3.44388 4.2704
4.19242 5.17466
2.50199 2.60561
5.18727 5.03526
-2.52453 4.68447
-6.65242 5.48036
0.901777 7.50993
0.601554 7.22308
4.99082 4.33573
1.81799 7.17598
2.6622 3.38307
0.830534 7.53145
-3.58195 4.18566
4.67745 4.69149
2.76968 2.26357
2.09868 7.05393
0.536764 7.24149
1.35576 3.90259
4.00742 5.96907
-0.642019 4.15969
-1.78766 4.86006
-2.24431 4.76602
-1.67593 7.53719
-6.32836 6.33153
4.6428 5.49685
2.97294 3.054
0.0793641 4.05752
-5.68766 6.77997
0.658328 3.88333
2.44641 2.66793
2.48053 2.63075
3.03677 2.97912
-0.561692 7.83703
2.99137 3.03266
4.49563 4.87898
0.241831 7.6891
-2.42074 3.86558
2.03423 6.66446
0.695202 4.61337
-3.71945 7.22646
3.70883 1.95458
3.24206 1.85437
-5.52572 6.87806
2.5791 2.51518
4.55745 5.56454
3.05477 2.9575
5.32843 4.90539
2.35647 2.76413
-4.57721 6.90621
0.763489 4.58842
-3.02663 7.79512
1.30142 7.37641
-2.37098 4.7315
2.82138 3.22137
0.127618 4.04623
-1.29509 4.911
1.24428 4.3818
-2.14192 3.96803
2.96695 1.97006
2.60929 2.47843
2.77434 6.72184
2.07504 6.6441
3.57455 2.2064
-1.51689 4.11722
-3.394 7.72117
-3.67661 7.23924
-0.887359 4.91543
4.36138 5.714
-1.95982 4.83007
-1.38705 7.53473
1.87187 4.02176
0.761774 3.84298
2.97796 1.89685
3.23567 2.7264
4.49178 5.61505
1.26155 3.60479
3.0414 6.08136
3.64686 2.07502
0.318766 3.99583
-1.83681 7.91095
3.7489 1.85701
-5.56642 6.85394
-2.52357 3.82155
-3.07098 7.38978
-6.27209 6.37512
-2.02089 7.90643
-4.09375 7.5266
-2.70249 7.84506
-1.97607 4.01804
2.27767 3.7241
3.0082 1.90023
-2.73098 4.61197
1.47612 4.26156
-1.95217 4.02461
2.95487 1.98996
2.26216 6.97856
0.332728 4.72474
-0.296028 7.42816
2.78221 3.26242
1.47567 6.91765
-4.94038 6.73058
-0.395608 4.13869
-0.839672 4.16617
5.52545 4.71603
-5.72912 6.2526
1.89098 6.73391
3.82765 6.09149
3.59462 2.17084
-0.774517 7.86319
-0.901738 4.91584
2.17653 2.94115
2.2377 2.88313
-5.69196 6.27843
-0.292517 4.862
-0.0768453 4.82505
-2.58727 7.47133
-4.16347 7.07641
-0.509138 4.88967
-0.656436 7.84935
2.24624 2.87486
-0.864438 4.16633
-3.04876 7.39426
0.750481 3.84753
1.39986 3.52515
-1.57761 7.91216
-2.28253 7.88907
2.25729 6.54993
0.452579 7.63688
-6.10912 5.96696
-0.102382 4.09497
-2.18825 7.51398
4.76984 4.59072
0.0190804 4.07083
2.61188 6.80667
-2.51042 4.68904
2.50619 3.52926
-3.55702 4.20146
4.73923 4.62445
1.58964 4.19741
2.35565 6.93404
-0.851161 4.16643
0.515728 4.67398
-3.49447 4.24013
-4.20463 7.48897
-2.21084 7.51215
1.79923 4.06926
2.59425 2.49684
-0.698016 4.90611
-1.92134 7.53045
-4.49069 7.38276
-3.2885 7.34208
-2.17366 4.78365
1.13794 7.04842
1.84775 4.03772
3.70678 5.59339
-2.49669 4.69343
1.70677 3.32439
0.886773 3.79028
2.86717 6.67192
-2.84003 4.56919
-0.517171 7.46234
-6.00383 6.57136
-3.20144 7.362
1.72663 3.31016
-0.71706 7.48775
-6.61976 5.5126
0.477466 7.63104
-4.67888 6.85961
-5.9659 6.07946
-2.89548 7.42322
-7.27354 5.44821
2.12244 7.04317
-3.16508 7.76945
3.58121 2.19468
2.4862 2.62355
3.15135 2.83737
-1.71925 7.91254
2.02874 7.08521
3.56093 2.23017
1.14226 3.66848
3.81683 1.72289
3.19011 6.49
2.63916 6.33896
-5.03944 6.67811
-1.76643 7.91211
1.80846 6.77248
-3.26448 4.37084
2.67436 6.31395
4.63087 4.74116
-2.25825 4.7624
3.05169 6.56956
3.88348 5.44774
0.75002 4.59342
-2.51659 7.86738
3.95333 5.38811
-0.163008 4.84094
-0.770669 4.91054
-0.273131 4.12291
-2.35198 3.89304
-0.580402 4.15578
-0.297661 4.12636
-5.70745 6.76759
-0.37101 4.1358
3.07512 6.55626
-5.19779 6.58959
-6.30983 6.34598
1.5962 3.40074
-7.20835 5.51983
5.79191 4.44316
-6.19688 5.89504
3.76007 5.55023
0.312352 7.6724
-5.42365 6.93701
4.69319 4.67454
3.17448 1.86543
-0.0181342 7.74541
4.31746 5.74672
2.85029 3.1905
-1.29681 7.532
4.84532 4.50604
0.987734 3.74446
5.02269 5.18107
2.4529 3.57665
-4.63818 6.8785
-6.13897 6.47483
-0.617294 4.15823
0.073366 7.72532
0.413241 3.96752
-1.68675 4.87466
-0.444861 4.14403
1.42115 3.51239
0.911574 4.55319
0.0371738 4.80168
-2.0106 7.52601
1.84976 6.75331
-6.51988 5.60894
-3.23378 7.75573
5.49455 3.67089
-5.31281 6.52252
-6.06182 6.5305
-0.889203 4.16634
3.09039 2.91403
0.0516491 4.79852
-4.1008 7.09957
-2.31965 3.90464
2.11419 2.99815
-4.71948 6.84046
-3.64369 4.14554
0.945953 7.11553
3.19391 2.78211
-1.67205 7.91269
-5.09839 6.64593
0.180458 4.03969
2.35253 2.76971
-1.71151 4.08201
-6.36584 6.30202
2.62118 3.42263
-6.45851 6.22732
1.30447 3.58075
2.37709 3.64198
-1.50483 4.11908
-0.869252 7.87307
3.72669 1.91832
-1.62883 4.88206
1.9577 3.14354
0.931864 3.77018
5.04372 5.16275
0.542353 3.92514
1.39941 4.30292
3.09185 1.74868
2.67554 2.39493
1.82443 3.23776
2.51907 3.19784
1.41289 6.94321
5.25949 3.99836
-1.40945 4.92029
3.66579 2.03907
3.34229 5.87189
-3.5264 7.28179
-0.163182 4.10572
0.885643 4.54113
1.15254 4.42555
2.69706 2.36691
5.46703 4.77321
0.401596 3.97114
-2.67955 7.84806
4.77109 5.39327
3.83096 5.4918
3.14259 2.84856
3.00247 1.91012
0.0656978 4.79541
3.17693 2.80433
-1.67206 4.87664
3.40223 2.48763
-3.43974 7.71064
-1.84431 4.05227
-5.40879 6.46397
-1.91699 4.83814
1.57691 4.20478
-0.695117 7.48522
1.91185 7.1362
-0.539726 7.46547
4.35912 5.01677
1.45215 3.49336
4.25944 5.1121
0.875632 3.79516
-0.114522 7.39598
-6.71716 5.41519
-0.987307 7.88386
-1.08887 7.88229
-4.64282 7.32076
-6.78322 5.945
4.89823 5.28791
-2.99871 7.50813
0.979745 4.50233
-5.56097 6.36669
-2.07095 3.9904
0.163496 4.03745
0.988802 7.101
2.13177 2.98216
2.51695 3.51954
-0.960119 4.9171
-3.46922 4.25535
-6.23419 6.40399
1.32853 6.97664
-4.97976 6.71906
-2.46985 7.87228
-2.05975 4.80966
-5.54638 6.86586
-2.8298 7.4346
2.14097 2.97392
2.5716 2.52419
-0.393545 4.87608
-5.8862 6.65172
-0.361503 4.84108
-0.561627 7.46844
-2.07154 7.90258
1.65689 3.35942
-1.88022 4.04342
3.00545 6.59561
3.49803 2.33627
0.382929 7.65511
0.211485 4.02523
-4.27059 7.46574
-1.74543 7.53568
-5.87572 6.14716
1.99074 3.94041
-0.0421479 7.75021
5.36837 4.86778
-4.03163 7.12545
-2.75833 4.60154
-0.138772 4.10151
2.41402 2.70322
0.474157 4.68701
1.95866 7.11594
-2.79922 4.58659
-2.56599 4.67078
-4.45397 6.96012
0.00518482 7.74068
-2.13136 3.97103
1.8959 4.00569
1.24386 7.00917
-0.678941 4.1616
2.23911 6.98938
1.29361 3.58689
3.15538 6.00409
2.53319 2.56958
3.21167 5.965
-1.49844 4.89612
-0.727155 4.90801
1.06538 3.70718
-3.09419 4.45677
2.44229 3.58595
-2.5937 4.66139
2.33258 6.9451
-3.05458 4.4755
-6.73299 5.399
-1.48315 7.9105
3.79559 5.5211
4.61561 4.75732
-5.57956 6.35442
1.92047 3.99
1.18593 3.64568
1.89168 3.18562
1.39558 7.34221
5.10735 4.19403
-4.86036 6.7715
-5.32074 6.99427
-3.531 7.68874
-0.153074 4.10348
-1.25941 4.14903
0.838864 7.15072
1.15394 3.65736
1.94859 3.13991
-2.12175 7.51898
-1.66291 4.09172
-3.37145 7.72626
0.188177 7.33086
4.40754 4.96927
-0.383485 4.13729
-2.91123 7.81452
5.16657 5.05392
2.40236 6.9114
5.13551 4.15867
-4.66418 7.31174
-2.88839 7.81815
0.976676 3.74961
-3.97423 7.14434
-5.29871 7.00692
3.02892 6.58243
2.43133 3.59549
-2.70355 4.62221
1.99527 3.10131
3.01865 3.00066
-1.85615 4.0494
0.966518 4.50791
-2.03549 4.00103
1.06651 7.45717
-2.86485 7.82181
-2.28229 3.91941
0.234414 7.32029
1.55534 3.42778
0.0291924 7.73575
0.558162 7.23547
0.948954 7.49515
0.0525119 7.7309
4.72408 4.64102
-2.2125 7.89419
-6.84386 5.28259
5.07899 4.22926
0.318868 7.29926
-4.59736 6.89713
1.81154 4.06128
-0.490984 7.82712
2.05435 6.65446
1.11365 7.44148
-6.81236 5.31621
2.93069 2.02917
-4.11571 7.5193
-2.74486 4.6067
-4.7506 7.27444
-3.68972 7.64778
-0.567254 4.89549
6.09919 4.10029
3.82747 1.69827
-1.30951 4.90983
-2.36617 7.49766
0.831414 4.56255
-1.62659 4.09858
-1.05132 7.51861
-0.0481863 4.81943
-0.185751 7.40871
0.221701 4.75817
-3.32531 7.65273
-2.11856 7.90006
2.3331 3.67881
-2.62135 4.65183
4.57847 5.54769
-4.28882 7.02805
2.07797 3.03032
2.00269 3.93196
5.73597 4.50219
-2.34287 4.73949
3.48365 2.35974
0.73136 7.18445
1.76278 4.09248
-1.81402 4.06445
-0.89206 7.87549
-1.45982 7.90994
-4.88098 6.76088
-5.61717 6.32935
1.88372 4.01386
2.06113 3.89004
2.09613 3.01428
0.297329 7.30463
2.59027 3.4519
3.93699 5.39498
-6.87059 5.86314
-2.00258 4.81864
-1.76533 7.53566
-1.93113 4.83552
-0.531007 4.152
1.74665 6.8007
2.86091 2.13718
-6.03796 6.02357
2.17616 3.80402
-2.71989 7.45227
-6.58692 5.5446
1.67674 4.14572
3.3794 5.84482
-5.13318 7.0932
5.03627 4.28162
-0.00546856 4.81073
1.58357 7.27075
2.22028 2.90267
-3.48324 7.29337
3.6531 5.6362
-6.66801 5.45245
2.87384 2.11766
2.31735 6.51772
-0.691914 7.84903
-5.84668 6.67797
3.82224 1.7104
0.359636 7.66088
1.80498 3.25248
-0.163329 7.40457
-2.51236 3.82652
3.77853 1.80865
-0.917374 7.50799
3.44231 6.33878
-6.68488 5.44789
1.13147 3.67402
-5.98442 6.06519
3.2928 2.64761
3.3406 2.57929
-1.51976 7.53734
1.03229 3.72329
-2.04717 3.99758
-2.82626 4.57477
-1.12935 7.89458
5.0757 5.12526
-1.78966 7.9118
-1.64619 7.9134
0.0801517 4.79217
-4.30932 7.01988
-0.348891 7.80539
5.8108 4.42302
0.012427 7.36975
2.31464 2.80704
2.04138 3.06215
-5.82715 6.69081
-1.57782 4.10725
4.47034 5.63152
1.91125 6.72428
3.75013 1.86959
3.35068 6.39466
-1.78735 7.53512
-5.85773 6.16041
-2.43246 7.49047
4.70844 4.65804
-2.91779 7.41922
-0.469509 4.14649
0.449761 7.26533
-2.04568 4.81267
-5.64739 6.80489
0.147148 7.71052
-0.523874 4.89121
0.646921 3.8876
-1.38216 4.13593
0.773389 3.83827
3.35626 2.55638
-2.32173 7.50214
3.46913 2.38316
1.78722 4.07696
-3.76221 7.2134
-0.765402 4.16481
-3.41721 7.71587
2.255 2.86633
-1.67526 4.08931
-1.20759 4.9148
0.354218 3.98547
3.09711 1.73863
-4.05869 7.11476
-3.95337 7.15146
5.71374 4.52146
1.43364 6.93483
1.77104 7.1955
4.42357 4.95342
2.65375 2.42284
-1.07651 4.91735
0.925467 7.12248
4.58387 4.7905
2.79222 3.25205
-4.4469 7.39989
0.389594 3.97482
-1.55361 4.11127
-1.32424 4.9094
2.88018 2.10802
1.62187 6.85591
-2.37626 7.88124
1.56573 3.42096
2.29769 2.82411
3.72083 1.9303
1.20501 4.4005
-1.57084 4.88876
1.67708 7.23376
-5.80708 6.70385
2.22031 2.89984
-0.408096 4.1401
-0.0533297 7.38326
4.20755 5.82768
-1.01851 4.91767
-6.44028 6.24221
-3.36734 4.31455
-4.61808 6.88771
2.4639 3.56712
4.27341 5.77922
-2.56891 3.80105
0.356787 3.98792
-1.86012 7.9104
0.294942 4.0026
-7.25834 5.46297
-4.41267 6.97757
-1.36356 7.53429
0.693155 3.87007
-1.08201 7.89128
-0.650597 7.47988
-4.43364 6.96874
0.151049 4.77566
3.28228 6.43571
1.30921 4.34954
5.95686 4.26324
1.07429 7.07124
0.807482 3.82422
3.13405 2.85941
0.727521 3.85667
3.91772 6.03075
1.88805 7.14639
-2.2708 3.92361
-0.916615 7.8776
2.70432 2.35735
3.81153 1.73502
-2.44382 3.85597
1.29642 4.35599
-6.62272 6.0887
2.19232 7.01114
1.35757 3.55018
-1.95425 7.90763
-6.42041 5.70066
-3.33196 7.3317
5.66015 4.58067
-2.17709 3.9564
-3.34161 4.32877
1.48865 4.25466
0.818018 4.56773
-6.07362 5.99539
5.64132 4.5999
0.209772 7.32579
2.94888 1.99974
-0.340327 7.43552
-0.450887 7.45277
-1.31795 7.90499
2.88834 6.18132
5.40231 4.82949
-4.35086 7.0031
-2.38648 3.87943
1.01004 3.73393
-5.17515 7.07166
-1.6092 7.53765
-2.69003 4.62722
5.53189 3.61566
1.03328 4.47932
2.28919 3.71506
-6.31805 5.79173
5.17874 4.12286
3.36393 2.54508
3.96261 6.00003
1.9077 3.99772
-1.73575 4.07693
1.23998 3.61664
3.39472 2.49902
-2.57971 4.66667
-4.49516 6.94241
0.942936 3.76515
-0.205977 4.84831
3.54717 2.25388
0.795793 7.16443
-1.5275 4.8933
-5.38989 6.47567
-2.93943 7.41526
-2.16549 3.96027
-1.58555 4.88712
0.424901 3.9638
2.40956 1.98144
-4.70744 7.29323
-6.49537 6.19691
-7.05888 5.67726
2.93879 6.15092
2.94588 6.14425
6.00878 4.20216
1.00654 4.49089
3.71712 1.77279
-2.42307 7.8769
1.09962 4.44984
-6.77924 5.35166
-0.798548 7.8658
0.179423 4.76876
-0.224131 4.11561
-3.95959 7.56959
0.278205 4.74342
-4.04912 7.54121
3.69669 1.97883
-3.54771 7.27595
-6.81842 5.91233
0.571972 7.60591
-1.77189 4.06907
2.70494 6.75846
3.06476 1.79935
0.73693 7.55951
2.30891 6.95642
-0.814908 4.16586
4.20665 5.29732
-0.672926 7.48253
-2.48957 3.83648
1.62648 3.3803
-1.94321 7.52948
-5.86675 6.66469
-1.47504 7.53679
-6.02033 6.03737
5.10536 5.10856
2.0143 3.92374
1.32531 7.36783
3.69065 1.99075
3.37646 1.83195
2.6005 3.44226
-0.711758 4.90934
-2.30082 4.75109
3.73848 1.89397
3.87273 6.06123
-5.94173 6.61687
-1.22939 7.52911
2.63168 3.41266
4.14198 5.22094
-1.40828 7.53549
1.96738 3.12449
2.83469 2.17607
2.54318 6.84188
2.15328 3.8215
2.45433 2.6592
-2.31471 4.7473
-2.32941 7.88529
-7.09251 5.64264
2.17637 6.59239
-2.2865 4.75495
-1.68723 4.08694
2.18772 3.7951
-4.24713 7.04444
-2.14371 7.5174
1.38916 3.53154
-0.974501 4.91731
6.02857 4.18209
0.0231077 4.80471
-2.98333 7.40704
-4.90043 6.75117
-0.33566 4.86826
5.20482 4.07002
-0.756304 4.90974
3.8328 1.68576
-3.19296 7.35796
2.09583 3.86458
-3.63369 7.25176
3.79544 1.77169
3.51053 6.29645
-1.25156 4.91308
2.14198 3.83007
-3.93186 7.15872
-7.1423 5.59059
0.253574 7.31533
-1.62925 4.10054
3.54031 2.26553
-0.939948 7.87973
2.52738 3.51007
2.71135 2.34806
3.32396 5.88517
5.30808 4.9244
-1.03466 7.8877
2.97302 1.95996
0.972193 7.48777
2.91179 2.05906
0.796156 3.8289
-5.37032 6.48771
-6.56857 6.13533
-0.609064 7.84333
2.77415 2.26264
1.73639 3.30311
2.9076 3.12788
-0.183483 7.77704
-0.0780344 4.09041
0.472001 3.94877
1.16078 7.42554
2.9056 2.06876
1.46243 3.48699
3.11548 2.89462
-3.22617 4.39493
2.28588 6.96736
4.38298 5.69781
2.32296 2.7986
-0.802708 4.16566
1.87253 3.20066
2.81483 2.20496
2.54845 3.49078
1.60199 4.19021
-0.0656391 4.08805
-2.15354 3.96422
-2.60733 4.6567
-2.00133 7.90581
2.88862 3.14884
1.05448 3.71252
-3.00409 7.40319
-1.34195 7.906
-1.04823 4.16327
-2.94766 4.52381
2.94521 3.08571
1.06058 7.46547
-5.216 6.57949
2.05072 3.0541
5.46926 3.70776
-0.963975 7.88186
2.37307 2.74679
0.66622 7.20413
-0.506326 4.1499
1.86307 3.20804
-0.177183 4.84341
3.14402 6.51676
-3.34926 7.73069
2.28064 2.84111
1.53827 6.8916
3.52637 2.28917
2.47203 6.87716
2.02295 3.07792
2.24418 3.7509
2.03776 3.90695
-1.17703 4.92434
2.95439 3.07526
2.84835 1.91696
2.44904 6.88852
-4.59939 7.33886
-6.38695 5.72473
-2.18764 4.78026
-1.35768 4.13881
-2.74903 7.83875
0.436847 3.9601
2.99074 1.93014
-2.95757 7.80695
2.56529 6.83042
2.57619 6.37213
3.91848 5.41801
-1.17668 7.8976
3.78421 1.79622
4.32579 5.0489
1.36097 4.32305
3.43235 2.44127
-1.18537 4.15514
-1.56448 7.53763
4.37487 5.00133
-4.79364 7.25537
1.77483 4.08485
0.165033 4.77228
-1.44029 4.90127
-4.55586 7.35668
2.16755 2.94949
-1.31884 7.53282
1.37075 6.96004
5.50623 4.73495
0.115369 4.04914
3.51227 2.31275
-5.07896 6.65661
3.07952 6.05579
0.76019 7.55271
1.51402 4.24054
-5.00652 7.15619
-4.18276 7.49654
-3.06767 4.46936
-3.8259 7.19342
-5.8211 6.18711
-0.551436 4.15176
-0.0340787 4.8166
-0.555699 4.15396
-3.44 7.30468
-0.799831 4.91201
-7.02506 5.71164
1.50882 3.45636
5.86599 4.36348
5.05042 4.26437
5.48637 4.75438
1.58011 6.87387
3.57946 1.79712
-5.38247 6.96018
1.61651 3.38707
-1.72991 4.86868
-0.362164 7.43905
-6.15787 6.46096
5.43053 3.7632
1.12611 4.43777
-1.56578 4.10929
-0.691494 4.16217
-6.40323 5.71619
4.33912 5.73063
-3.63586 4.16637
-3.1862 4.41144
-3.78021 7.62277
0.626565 4.63739
-1.49241 4.12096
-2.16631 7.5157
-3.01482 4.49586
-0.0900265 4.09267
-4.96002 6.72034
0.993036 4.49614
-2.45364 4.69513
-2.216 4.77323
2.51647 6.40672
-0.325551 7.80159
-1.47083 7.54748
-6.76497 5.36595
-6.82836 5.29918
0.704508 3.86568
3.86618 5.46232
-1.1979 4.1542
-1.80187 4.85783
5.60543 3.504
0.105386 4.77903
-2.78574 7.44189
3.09907 2.90327
-3.61252 7.25783
4.48822 4.8887
1.33513 4.33636
0.752662 7.1779
1.53673 7.289
-4.53624 6.92444
2.11895 3.84738
0.306391 4.7358
-3.2571 7.75093
4.10799 5.25175
-5.27407 6.54557
4.03953 5.31286
-5.67291 6.29157
5.35293 3.87212
-1.74249 7.91236
3.26858 2.68138
-1.88825 4.84332
-2.23552 3.93628
2.30606 2.81571
2.27201 2.84958
2.89002 6.65947
-0.278191 7.79367
4.93458 4.40303
-4.96352 7.17723
0.0552032 4.06296
0.0564287 7.3604
3.63487 5.6506
2.5868 2.50588
-2.38806 7.49535
1.50398 3.4609
-3.50688 4.23257
-2.0954 7.90133
3.59537 1.78347
-5.13772 6.62404
1.93219 6.71427
-0.207505 7.78136
3.64722 6.20978
1.3724 7.35073
2.74647 2.30081
-0.940016 7.50995
0.376462 4.71616
1.81485 3.24502
-2.24745 3.93203
-6.65877 6.05715
-3.22352 7.35706
0.722639 4.60347
-5.96478 6.59841
-2.03258 7.52475
-1.8165 4.85549
-0.930927 4.91656
-1.45582 4.12626
-6.71266 6.00871
0.234808 4.01894
-0.6061 7.47429
0.249974 4.75087
0.377928 3.97837
-2.08829 4.80342
5.9206 4.30358
2.3443 3.6695
-2.23277 7.5103
1.04642 4.47356
0.26506 7.68364
-4.62051 7.33027
0.784655 3.83366
2.37723 6.48503
3.67829 2.01494
1.20142 7.02509
1.86493 7.15622
4.30902 5.06499
2.91058 1.90784
3.81513 5.50528
3.2128 6.47673
-5.71029 6.26574
2.43645 6.45195
-1.11801 7.52303
5.55723 3.58298
2.93571 3.09643
0.193387 4.7653
-0.596336 4.89815
2.72045 1.93633
6.11642 4.08005
-3.43311 4.28463
0.909348 3.78029
-2.11831 3.97563
-0.538188 4.89266
1.08747 3.69624
-4.14281 7.08412
3.47651 2.37129
-5.48492 6.90185
-0.610685 4.89934
-0.777946 4.16514
-1.90715 7.90917
-0.334313 4.13124
-5.48517 6.41584
3.64555 2.04999
2.53289 1.96388
1.07758 3.70139
-5.72779 6.75477
1.57581 3.41431
-2.49288 7.8699
-5.94834 6.09276
3.92474 1.735
2.42066 3.60473
0.524723 7.61861
-0.872738 7.50394
2.5561 6.38383
-1.37005 4.13739
-5.2352 6.56836
-3.02718 7.39854
-3.00121 3.99926
5.34814 4.88688
2.1588 2.95758
-0.114387 4.09716
5.51964 3.6339
3.23679 5.94846
-7.15915 5.57267
2.60297 2.48663
1.90139 3.17793
-6.97418 5.76251
1.88225 3.19304
0.282848 4.00599
-0.821885 7.86827
1.54523 3.43438
1.95233 6.70456
-1.75997 4.0717
1.19186 4.40706
-3.3967 7.31572
2.82141 2.19543
0.341035 7.29368
0.0420989 4.06558
0.99614 7.48011
-1.43848 4.1299
-2.21084 7.51215
3.06359 2.94682
0.406911 7.64911
1.64668 3.36647
0.598935 4.64677
0.495497 3.94102
-0.436803 4.88148
2.77188 6.25451
1.7479 7.20502
3.30087 2.63608
-2.87381 7.42704
3.58803 2.18259
5.39207 3.81775
3.59871 5.67895
4.44003 4.93706
-0.494832 4.88813
-0.0316159 7.37886
4.14057 5.87538
-1.12378 4.15921
1.38674 4.3096
2.78782 2.24347
-0.790145 4.16541
-0.963162 4.16551
-1.46937 4.89878
-1.2521 7.53015
-3.26707 7.34709
2.19417 2.92463
4.80026 4.55685
-6.93986 5.79629
3.07017 1.78935
-1.39463 4.13439
-0.756278 4.16098
1.27039 4.36896
3.1025 1.72828
-1.29464 7.90394
2.71909 2.338
2.9789 1.95013
-0.810746 7.50041
-1.90241 4.84086
-2.25942 7.89083
1.70514 6.81932
0.548003 7.61239
0.62373 3.89618
3.62103 2.12303
-0.135994 7.76834
2.66098 2.41363
-0.703685 4.1627
-6.00213 6.05151
0.348386 4.72416
2.4957 6.86539
-2.15924 4.78711
-0.378863 4.87413
3.25882 6.44961
5.06494 4.24657
3.06048 6.06855
2.38387 3.63
2.53659 6.39513
1.72407 7.21476
-0.741514 4.90889
2.81081 6.23031
4.56781 4.8072
-2.62508 3.77467
1.95786 3.13233
5.06411 5.14492
-0.406511 7.44604
-0.0194287 4.81394
3.22748 2.73744
-6.1196 6.48883
2.78511 1.9266
-3.4854 7.69983
3.01407 1.89004
1.71656 3.31739
3.25219 2.70393
1.60692 7.26166
2.64548 2.42376
2.11377 6.62421
3.53327 2.27753
2.70277 3.34312
3.08107 1.76903
-0.962009 7.51179
-2.75903 7.84284
4.18496 5.84355
-2.3288 3.90198
5.59313 3.52294
-6.2907 6.3608
2.80185 3.24194
-2.38482 4.72749
-2.01709 4.81864
-1.6953 7.91265
3.55615 6.2678
-1.0037 4.91759
-3.59894 7.67165
1.13687 7.43366
2.00994 3.90351
1.11998 4.45244
3.39653 6.36684
-5.34114 6.98309
1.05264 7.07888
1.51763 6.90025
1.65191 4.16068
-0.538354 7.83382
-3.30316 4.35007
2.08644 3.02826
1.28322 4.36259
1.75613 3.28874
-1.701 4.87273
-3.09254 7.38536
2.76036 2.28176
3.49208 2.34802
-2.50567 3.82784
-1.1732 4.15602
1.96708 3.95697
0.881873 7.13678
1.66355 6.83773
0.845193 4.55717
4.05696 5.29742
2.89294 2.08841
-1.03739 4.16337
-0.384658 7.44263
3.6079 2.14696
-0.950931 4.16574
2.3222 3.68781
2.23676 6.56079
-0.8434 4.9138
-4.80032 6.80136
-1.09128 4.91742
-2.14524 4.79042
-5.04886 7.13547
-2.39905 4.72333
1.42506 4.28927
-7.04224 5.69423
0.965365 3.75486
-3.13625 7.3762
2.10504 3.00635
-0.309754 4.128
2.55629 2.54244
0.271094 4.00925
4.72848 5.42801
1.77579 3.27426
-1.6578 4.87845
2.03231 3.06993
-0.584186 7.47144
4.66212 4.70792
1.87008 6.74378
0.362549 7.2882
-2.65285 7.46228
-3.21238 4.39808
-3.24498 7.35218
-0.350769 4.13235
2.77249 3.27247
3.70317 1.96655
3.46484 6.32486
3.21901 2.7488
-1.10536 7.89293
-3.91461 7.58342
0.736137 4.59854
-1.8202 4.05802
-0.263644 4.8576
-1.12047 4.91702
-4.26768 7.0364
-3.98233 7.5625
-3.61899 4.16176
-6.14445 5.93829
2.21685 6.57127
3.07264 2.9358
-5.02801 7.14571
2.2771 6.53936
5.69818 4.54152
2.611 3.43231
-3.23847 4.38455
1.68894 4.13831
-3.32562 7.73637
0.85297 3.80497
-3.622 7.6657
-1.94569 4.83278
-2.23578 7.89249
3.78249 6.12152
-1.19322 4.91527
-5.50684 6.40116
3.61708 5.66459
0.790783 4.57815
3.11751 6.03004
-2.54627 3.81138
-1.48412 4.89745
-4.00439 7.55554
2.39753 6.47381
-0.422521 4.87974
-0.443615 7.82015
-0.727159 7.85784
-1.35337 4.90761
-4.98561 7.16629
2.46245 2.65018
-1.34545 4.14024
3.74251 5.56452
1.63674 3.37329
0.667707 4.62312
3.80068 1.75959
1.97909 3.94859
3.44308 1.82066
1.18049 7.03285
1.21811 4.3945
5.17717 4.10567
-0.187616 4.10979
-0.199663 4.11174
-6.4217 6.25703
-6.70081 5.43181
-0.514048 7.83052
4.09607 5.90699
-3.86847 7.1797
0.432519 4.69978
3.62745 2.11122
2.84078 3.20071
-0.134257 4.83581
-1.78416 4.06633
-4.87939 7.21641
-1.7588 4.86446
2.86006 3.17997
2.26349 2.85803
-2.67323 4.60896
1.56452 4.21192
2.45711 6.44049
-2.96128 4.51783
-2.49868 7.48269
0.600491 3.90463
-1.03289 4.91771
3.76163 1.84517
-0.420279 7.81661
0.642483 7.58647
3.46193 2.39467
-0.654542 4.90296
-4.20535 7.06055
3.30505 5.89878
-6.26652 5.83624
-5.11836 6.63485
2.71269 3.33323
2.71357 6.29026
4.68572 5.46254
-2.54299 7.47714
-2.34023 3.89759
-6.28357 5.82161
-1.2962 4.14549
-0.248782 4.85589
1.74648 3.2958
5.44375 3.74453
-6.3474 6.31659
-1.06213 4.16237
-2.39251 7.88258
-0.105536 4.83051
0.577203 3.91295
1.49377 3.46737
2.55682 3.47975
1.76708 6.79144
1.34934 6.96849
-0.364591 4.87225
-4.94309 7.1866
-1.85949 4.84834
5.36624 3.86351
5.97515 4.24272
-1.72064 7.53656
3.3248 2.60213
5.93903 4.28314
3.00968 3.01124
4.34203 5.03324
-3.41845 4.28529
-4.22619 7.0525
-5.91211 6.12008
2.12305 2.99017
-4.29318 7.45751
-1.01264 4.16423
-1.23474 4.15122
3.83796 1.67361
-2.58629 7.85954
-3.00126 4.5
2.96101 1.97987
5.28651 3.96235
-5.35142 6.49922
-1.93105 7.90842
-6.35235 5.76161
4.8344 5.34104
-6.10097 5.97048
0.406181 7.27688
2.20282 2.91648
-2.3751 3.88396
-6.19611 6.4326
6.08139 4.1211
1.50153 4.24752
-3.17991 7.36676
-1.81001 7.5345
2.75353 2.29115
0.589023 3.90874
0.375614 7.27729
3.6709 5.62209
1.51287 7.29816
1.529 4.23547
0.571251 4.65599
2.68136 6.77078
-7.24105 5.48414
-2.01168 4.00797
-1.55654 4.8903
-0.668888 4.90404
0.144304 7.34095
1.00989 7.09376
-5.60698 6.82955
1.28623 6.99302
-1.65094 4.09402
3.6017 6.23892
1.78424 6.78302
-5.5418 6.37925
5.54533 4.69652
-0.989313 4.91747
-6.60489 6.10415
1.42789 7.33334
-3.45638 4.26301
0.502019 4.67832
-0.0294201 4.08089
-3.39294 4.3
1.82353 4.05355
-0.00515473 4.07593
-4.92013 6.74105
-1.63123 7.53757
-6.02301 6.55794
2.52535 2.57872
0.165923 7.33601
1.53931 4.22629
-0.65383 4.16042
1.52464 3.44769
-4.0165 7.12968
-3.91096 7.16571
4.96394 4.36843
-4.75996 6.82104
2.68999 2.37617
-1.27155 4.1479
-6.12656 5.95285
-3.5907 7.26401
-3.735 7.63542
-5.80787 6.19516
-1.89241 4.04033
-2.41286 4.71924
-1.2074 7.52804
-6.24719 6.39946
2.05972 3.04628
-6.66847 5.46435
-1.2 7.89899
2.54087 2.56061
-1.40673 4.13285
1.99333 6.68462
3.5786 6.2536
2.36629 3.65109
-6.90533 5.82982
0.860061 7.14388
-3.15995 4.42463
1.44265 7.32473
1.44756 6.92805
2.49571 3.53868
1.32403 3.66642
-4.82017 6.79157
-5.7874 6.71667
-4.07478 7.53092
3.28484 2.65878
-3.12063 4.444
0.483927 3.94486
-1.50708 7.91104
4.07411 5.92249
4.86064 4.48862
-4.73941 6.83094
2.62423 2.45996
1.98533 3.10939
4.17581 5.18998
-3.80245 7.61644
2.4969 6.41792
3.37391 2.53387
-2.67572 7.45889
-3.57654 7.67736
-2.27726 7.50635
3.58084 5.69284
-0.420227 4.14143
-1.36773 4.90667
-3.37535 7.32106
-6.04272 6.54405
2.75268 3.29282
-2.45544 3.85108
-2.63151 7.46524
0.493289 7.25353
-6.58648 6.12002
-1.60221 4.10299
0.612554 4.64217
-5.44705 6.44003
5.38798 4.84918
0.670061 3.8789
-6.38647 5.73125
-2.53961 7.86486
1.28304 3.59283
-0.625432 4.90064
3.83958 1.66114
-0.358891 4.13433
-0.850779 7.50184
5.60293 4.63879
-2.30632 7.88719
1.32582 3.56857
-3.5942 4.17781
5.27283 3.98063
2.84364 6.68467
0.217762 7.69462
3.63402 2.09905
2.01384 3.08566
3.01975 1.88014
-3.32897 4.33595
3.78537 1.76051
3.64037 2.08722
-4.67858 6.8641
1.41023 3.51892
3.07431 1.78074
3.34833 2.56801
-3.29041 4.35697
-3.65583 4.13751
-2.29894 7.50437
2.34538 6.5103
3.9847 5.98482
2.73958 2.31018
-1.08687 4.16121
4.94907 4.386
2.63482 6.79489
3.24923 5.93857
-0.00926692 7.37427
-3.54423 4.20911
1.70092 7.22415
-3.89255 7.59003
3.37328 6.38098
3.40992 2.4759
3.30887 2.6249
-5.92556 6.6252
2.86952 3.16971
-1.07333 7.52013
-3.11898 7.77829
-2.79553 7.83217
2.50972 2.59675
-6.64103 6.07273
0.64489 7.21044
-3.13361 4.43757
3.00317 6.10673
-7.12594 5.60778
2.05183 7.07495
-1.33859 4.90854
-0.495293 7.45925
-1.86838 4.04638
-2.03118 4.81572
-5.05889 6.66758
3.78968 1.78414
-1.27413 7.5311
-1.4679 4.12455
5.67947 4.56083
-4.16021 7.50428
-6.57067 5.56029
2.38957 2.72937
2.3315 2.78988
3.16834 2.8152
-6.88825 5.84625
-1.06209 4.91765
3.7444 1.88161
2.93663 2.01956
-0.465808 4.88489
3.10922 1.87599
-1.59984 4.88549
-5.66725 6.79265
1.2075 7.40933
5.21762 4.05299
1.5599 7.28004
0.199326 4.02838
-2.20059 3.94842
-3.532 4.2171
-1.10566 4.91724
0.688169 7.19756
-2.04837 7.90371
-3.78326 7.20687
2.0756 7.06431
-0.987888 4.16495
4.42673 5.66477
-3.14699 4.43107
0.0346473 7.36505
3.21076 2.75981
1.83278 3.23097
-2.05925 3.99394
4.09199 5.26632
-3.07283 7.78685
-6.73031 5.9933
-3.2513 4.37782
1.37368 4.31644
-2.61401 3.77996
1.15334 3.66275
-0.703808 7.85511
-1.45505 4.90002
2.56941 3.47139
-2.07423 4.80652
-0.926169 4.16609
0.912665 4.5302
4.87526 4.47184
1.27822 7.38467
-0.0654696 7.7548
0.446245 4.69555
2.22161 3.76872
2.8673 2.12757
2.40588 2.71194
-1.2224 4.91426
-2.66252 4.63722
2.64175 3.4029
4.11866 5.89099
-6.43707 5.6855
-2.30557 3.91077
-0.285214 4.12463
2.76245 3.28281
-2.92075 4.53541
-6.53972 6.17058
4.59943 4.77425
-1.15046 7.53004
0.807395 7.53871
-0.895389 7.50602
2.72786 6.74643
0.418285 4.70393
0.194457 7.69994
4.47235 4.90471
-0.666753 4.161
5.2479 4.98004
-1.77309 4.8608
-1.90424 4.0373
-1.23677 4.9137
1.10271 7.05903
3.93985 6.01564
-6.24849 5.85176
-0.968145 4.15849
3.73724 6.15133
1.7256 6.81017
1.16413 3.65714
2.8543 2.14706
1.98186 7.10585
-2.25896 3.9279
-1.98784 4.01475
3.84993 6.07689
1.20766 3.63412
-1.75684 4.5856
0.954322 3.75995
1.08655 4.45574
-2.34363 7.49997
5.0074 4.31654
-6.99176 5.74402
-0.639772 4.9018
1.60148 6.86473
2.29999 3.70601
-2.81286 4.58015
-4.31493 7.44959
-1.96598 7.52836
4.55217 4.82338
2.51766 2.58761
2.82077 6.697
-3.02796 4.48784
-0.872554 4.91496
2.26664 3.73297
0.00678964 4.07343
1.22933 3.62243
-5.8942 6.13345
4.83049 4.52284
-5.25494 6.55683
0.430201 7.64321
0.306678 3.99928
3.15983 2.82648
1.68682 3.33851
1.48325 3.474
3.37939 2.52208
-6.47723 6.21193
4.29512 5.76324
3.65315 2.06317
3.08139 2.92508
0.390278 4.71216
-1.53036 7.91147
-1.5902 4.1051
1.25144 3.61049
-2.44612 7.87466
3.90126 5.43268
-2.2297 4.7639
-5.65464 6.30402
-3.38034 4.30719
-1.54188 4.89106
3.66956 6.19538
-2.63495 4.64705
-6.53754 5.59194
-2.84198 7.8253
-1.65391 7.53741
5.16347 4.12319
0.52983 4.66948
0.122636 4.78241
-2.60958 7.85665
-0.0537136 4.08572
2.0844 3.87301
-0.318057 7.43182
3.11663 2.88138
2.64632 2.43226
0.719912 3.86052
-2.1424 7.89868
-2.47682 7.48532
4.15867 5.20571
-6.47074 5.65455
3.00041 3.02212
2.63154 2.45083
5.55663 3.57854
-0.230835 7.78549
0.612121 3.90038
-3.05008 7.79096
5.41802 3.78119
1.84379 3.22295
2.13579 6.61329
0.619249 7.59296
-0.481658 4.14765
2.19893 3.78642
2.51867 6.85391
-1.71567 4.8707
2.97777 3.06997
-4.90044 7.20664
2.10792 3.85612
-5.09108 7.11447
4.22924 5.8115
-1.24432 4.15102
4.90502 4.4375
-1.26593 4.91244
-6.17729 6.44661
0.854591 7.52445
2.84963 6.20592
4.02257 5.32782
-0.806186 7.4974
2.18523 2.93303
3.23616 6.463
-2.46426 7.48524
1.21835 3.62837
4.70742 5.44504
-3.27727 4.36403
-3.41868 7.31015
-0.944353 4.92128
3.36099 5.85826
1.05994 4.4676
2.91813 2.04906
-3.3547 4.32165
3.11319 6.53225
-0.11281 7.76392
0.581435 7.22904
-1.42595 4.90241
3.41638 5.81756
3.73269 1.90597
-0.17522 4.10774
3.20223 2.77113
0.747245 7.17561
0.320264 4.732
-6.50423 5.62336
-2.07718 7.522
4.91865 5.27033
-1.16073 4.15687
2.65843 6.78269
2.88095 2.10387
-1.39685 4.90463
3.13618 6.01727
2.91389 6.6465
-2.46672 3.8463
3.52959 5.73292
0.830254 3.81465
0.507408 3.93704
