-2.53285 0.134182
-2.99139 -0.409164
-2.27228 -1.2238
-2.43178 0.586758
-1.74433 -2.0115
-1.47097 -2.27853
-1.95123 -2.49625
-2.38606 -0.945497
-1.69109 -2.06848
-3.72331 -3.4166
-3.85837 -3.23185
-2.53533 -0.234596
-3.01108 -0.16611
-4.35571 -2.38663
-1.6791 -2.08097
-4.40908 -2.27268
-2.99705 0.274278
-4.68129 -3.61244
-4.23211 -2.62819
-2.43265 -0.800542
-2.99971 0.248416
-2.54039 -0.000944854
-2.50447 -1.79094
-2.22905 -2.18456
-2.94102 -0.708282
-2.43551 -1.89999
-1.58064 -2.17872
-2.33145 -1.08911
-1.87578 -2.57793
-2.99925 -0.336779
-1.56798 -2.19071
-2.91317 -0.826356
-2.51528 0.270962
-2.19819 -1.37132
-2.1605 -1.44366
-2.32914 -1.09543
-1.78726 -2.6521
-2.579 -1.66274
-2.54123 -0.0833891
-1.74983 -2.00537
-2.26525 -1.23868
-4.37582 -2.34428
-2.31575 -1.12664
-2.3093 -1.14166
-4.39301 -4.02057
-3.00175 -0.309815
-2.90613 -0.85348
-2.48619 0.413715
-4.88161 -3.28849
-2.50639 -0.478839
-2.61831 -0.916883
-2.48964 0.399589
-2.52974 0.161714
-2.5256 -0.341157
-4.1149 -2.83591
-4.24044 -2.61314
-2.05731 -2.38511
-2.48145 -0.608966
-2.86442 -0.998316
-2.78313 -1.24987
-2.47703 0.448792
-1.52961 -2.22629
-3.01045 0.0999942
-4.69192 -3.59617
-2.69447 -1.43634
-4.5075 -3.86554
-2.01543 -2.43005
-3.01356 0.209862
-2.9903 -0.418091
-4.36218 -2.37293
-4.39586 -2.30144
-1.61186 -2.1486
-2.86719 -0.989396
-2.27736 -1.21416
-3.01236 -0.130284
-4.27704 -2.54342
-2.54046 -0.128653
-1.77943 -2.6591
-2.08012 -1.57291
-3.0127 -0.0149139
-4.42212 -2.24388
-2.5089 -0.463492
-3.01084 0.0913214
-2.96269 -0.599408
-2.73013 -1.39292
-1.79087 -1.95739
-2.1024 -1.53741
-3.00632 0.170162
-2.3908 0.680252
-2.3189 -1.11923
-2.62543 -1.57634
-2.79917 -1.18727
-3.00569 0.178773
-2.22081 -1.3306
-1.80238 -2.63812
-2.8529 -1.0345
-2.94295 -0.69932
-1.62427 -2.13642
-1.37035 -2.36264
-2.54107 -0.0984597
-2.48629 -0.58612
-2.9844 -0.463292
-2.54103 -0.0308978
-3.82048 -3.28514
-2.52077 0.234804
-1.86179 -1.87512
-1.94409 -2.50343
-4.72294 -3.54818
-2.7786 -1.24105
-3.68384 -3.47253
-2.44134 -1.88223
-4.01193 -3.00258
-2.98052 -0.490646
-2.394 -0.922556
-2.23545 -2.17652
-2.38876 -0.937774
-3.01358 -0.0679066
-2.13191 -2.3014
-1.64929 -2.11159
-4.41634 -3.98967
-2.53748 0.0659389
-2.90848 -0.844529
-3.89551 -3.17835
-2.54091 -0.0235125
-3.94117 -3.11101
-2.49135 0.392403
-2.95 -0.59367
-4.2168 -2.65634
-2.4245 -1.91667
-2.53323 0.125017
-2.53048 0.154474
-2.98313 -0.472495
-2.51289 0.285413
-3.48514 -3.71104
-2.47628 -0.632208
-2.40217 -1.94988
-1.84799 -2.59647
-2.54017 0.00641671
-1.69699 -2.0623
-2.46733 -0.670494
-4.44128 -2.20082
-4.14598 -2.78211
-4.35793 -4.06654
-4.5189 -3.84963
-1.98569 -1.71282
-2.10506 -2.33209
-2.50247 -0.501753
-4.55215 -3.80269
-1.81786 -1.92789
-2.08912 -1.55869
-2.8777 -0.961872
-2.53445 0.110249
-2.84403 -1.06147
-2.52895 0.169163
-2.74572 -1.32125
-3.00291 0.213655
-2.43485 -0.792989
-1.91478 -1.8083
-2.61179 -1.6023
-2.21373 -1.34198
-3.0137 -0.0323024
-4.33407 -4.09717
-2.51693 -0.409932
-2.5218 0.22742
-2.82548 -1.11559
-2.49465 -0.541951
-1.82896 -1.91477
-2.71072 -1.401
-2.9244 -0.781039
-3.00472 -0.273733
-4.34838 -2.40153
-2.46358 -0.685849
-2.46745 -0.666332
-2.45782 -0.708763
-2.38758 0.686757
-4.26955 -2.55779
-4.71277 -3.56405
-2.45384 -0.724109
-2.85871 -1.01641
-2.53727 -0.204192
-2.53869 0.0435984
-2.03865 -1.63633
-2.5348 -0.242081
-2.28491 -2.11288
-1.39073 -2.34614
-1.52325 -2.23208
-2.59316 -1.63696
-2.4469 0.545692
-3.01291 0.0296585
-1.76139 -1.99255
-2.41887 -1.92511
-4.80346 -3.41862
-2.51247 -0.440594
-2.3738 -1.99102
-2.12513 -2.30921
-2.37566 -0.975104
-4.78398 -3.4512
-1.5932 -2.1667
-2.94679 -0.681127
-1.55526 -2.20263
-2.43697 0.573037
-2.53965 0.0213495
-2.10687 -1.53016
-4.28428 -2.52945
-2.93293 -0.744665
-4.54126 -3.81822
-2.4409 -1.89176
-2.50379 -0.494189
-2.68206 -1.46265
-2.52383 -0.356451
-1.64265 -2.11812
-2.77146 -1.25893
-4.45083 -3.94336
-2.48304 -0.601483
-3.49575 -3.69867
-4.32193 -4.11268
-1.58717 -2.16636
-1.90963 -1.81495
-2.52731 0.183784
-2.44201 0.559388
-4.76382 -3.4836
-2.24735 -1.27568
-1.96084 -1.74713
-1.45118 -2.29561
-4.46068 -3.92707
-3.68325 -3.46875
-2.8499 -1.04341
-2.0245 -1.65723
-2.96594 -0.581225
-2.25813 -1.25355
-2.53769 -0.196711
-3.51722 -3.67345
-2.52492 -1.75693
-2.4617 -0.693413
-2.53238 -0.27256
-2.46706 0.483609
-3.64257 -3.52056
-2.36688 -0.998574
-4.62832 -3.69205
-2.47456 -0.639776
-2.95051 -0.662935
-2.47803 -0.624415
-1.86711 -1.86857
-2.50514 -0.486356
-2.46282 0.497504
-4.57419 -3.77112
-4.09709 -2.86501
-2.3465 -2.01302
-2.81909 -1.1336
-2.95765 -0.626554
-2.54059 -0.00853747
-1.85092 -1.88838
-1.48414 -2.26701
-1.91487 -2.5324
-2.54123 -0.0534471
-2.23638 -1.29777
-2.51548 -0.418493
-3.0137 -0.0500934
-2.04282 -1.62979
-2.01492 -1.67119
-3.63246 -3.53326
-4.27062 -4.17199
-3.0107 -0.174947
-4.4477 -2.18617
-2.27921 -1.20889
-2.83795 -1.07952
-3.74287 -3.3906
-2.58851 -1.64548
-2.8835 -0.935032
-2.42351 -0.831147
-2.66508 -1.4978
-2.53385 0.117746
-1.54983 -2.20796
-2.48895 -1.81622
-2.34364 -1.05892
-2.97534 -0.526628
-2.43342 -0.79205
-2.13846 -2.2938
-3.8395 -3.25854
-2.53017 -0.295858
-2.34659 -1.05148
-2.20455 -2.21617
-2.53792 0.0584754
-2.23947 -2.13874
-1.58684 -2.1728
-2.99471 -0.381821
-2.13706 -1.48
-1.7785 -1.97332
-2.48444 0.420675
-2.49973 -0.517108
-2.0915 -2.34735
-2.53635 -0.219387
-4.99246 -3.0908
-3.96798 -3.07053
-3.01311 0.0206764
-4.70221 -3.58035
-1.76705 -1.98622
-2.20217 -1.36389
-4.00333 -3.01604
-3.00095 -0.318713
-1.78986 -1.96038
-2.50223 0.342676
-2.42098 0.613499
-1.63035 -2.13039
-2.43443 0.579744
-2.26175 -1.24601
-2.4969 -0.532466
-2.54121 -0.0459029
-3.98573 -3.04332
-1.99006 -2.46078
-3.00693 0.161287
-1.7382 -2.01813
-3.01371 -0.0413253
-2.63899 -1.55006
-4.86241 -3.32127
-2.30276 -1.15666
-2.07104 -1.58709
-4.95621 -3.15661
-4.4737 -3.91221
-2.88609 -0.926096
-1.87257 -1.86181
-2.2546 -1.26086
-3.00666 -0.24684
-1.90762 -2.53949
-2.67362 -1.48024
-2.52294 -0.363966
-2.52277 0.220244
-4.75351 -3.53627
-4.28596 -4.15817
-2.8159 -1.14246
-4.81371 -3.40267
-2.48212 0.418049
-2.52806 -0.318343
-2.17835 -1.40773
-3.61182 -3.55899
-2.0365 -2.40751
-2.06187 -1.60123
-3.53853 -3.64813
-1.96567 -2.48163
-1.66702 -2.09341
-2.19089 -2.23159
-2.54059 0.0172502
-2.33886 -2.04014
-2.51131 -0.448151
-2.45392 0.525158
-2.96908 -0.563046
-2.09988 -2.34023
-2.38421 0.693502
-3.0127 0.0383753
-2.86153 -1.0075
-4.91942 -3.2227
-1.99551 -1.69898
-2.54129 -0.0609274
-4.16203 -2.75422
-2.41338 -1.9333
-3.8676 -3.21867
-1.95857 -2.48884
-2.18637 -1.39315
-2.52727 -0.325871
-2.53876 -0.17412
-3.00735 -0.23768
-2.4691 0.47698
-3.00539 -0.264853
-2.206 -1.35666
-2.84096 -1.07063
-2.75322 -1.30343
-1.69368 -2.06243
-3.66299 -3.4947
-2.41402 -0.861726
-1.49076 -2.26117
-2.4258 -0.823609
-4.49639 -3.88097
-2.17024 -1.42229
-3.00862 0.12627
-2.40167 -0.899784
-1.51028 -2.24378
-2.52885 -0.310595
-2.51167 0.292521
-2.47513 0.455694
-2.50074 0.349927
-2.45974 -0.701201
-2.46068 0.504334
-2.49297 0.385416
-2.47313 0.462791
-4.85288 -3.3374
-2.99248 -0.399974
-2.11119 -1.5231
-1.72649 -2.03084
-3.01352 -0.00578693
-2.18432 -2.23953
-4.15901 -2.74306
-3.00136 0.231051
-2.74161 -1.33001
-2.91088 -0.83531
-2.42916 0.593322
-3.00056 0.239611
-1.93548 -1.78117
-2.53831 0.0511486
-4.3101 -4.12772
-2.15797 -1.44396
-2.08479 -2.35485
-1.54247 -2.21449
-1.99068 -1.7058
-3.01284 -0.1124
-2.3506 -2.02382
-2.60253 -1.61965
-2.26656 -2.13681
-1.81016 -2.6314
-4.08038 -2.89266
-4.77378 -3.46765
-3.71321 -3.42986
-1.90431 -1.82179
-1.44633 -2.30028
-2.87817 -0.953163
-2.39407 0.673539
-2.53301 -0.265051
-3.79179 -3.32472
-2.63001 -1.5675
-2.00526 -1.6851
-2.39656 -0.915033
-1.37709 -2.35721
-1.85629 -1.88186
-3.00957 0.117578
-2.53975 -0.151231
-2.45177 -1.87502
-2.02257 -2.42249
-2.12852 -1.4944
-4.61771 -3.70772
-2.16486 -2.26281
-2.44561 -0.754787
-2.37946 -1.98291
-2.14123 -1.47289
-2.93703 -0.726474
-2.15171 -2.27833
-2.14516 -2.28595
-2.09873 -1.5512
-2.45193 -0.731505
-3.00783 -0.228842
-2.28606 -1.19396
-2.73433 -1.3478
-2.5381 -0.189011
-1.67298 -2.08729
-2.99835 -0.34595
-2.06653 -1.59406
-2.99902 -0.301796
-3.01177 -0.148188
-3.00966 -0.157677
-2.52816 0.176389
-2.378 -0.968201
-2.98563 -0.454352
-2.88872 -0.916893
-4.12171 -2.82363
-1.8809 -1.85043
-2.54076 -0.0159127
-1.89284 -2.55384
-4.26223 -2.57173
-2.25415 -2.15278
-2.90128 -0.871644
-2.92223 -0.789998
-1.92952 -2.51795
-2.14964 -1.45844
-2.97644 -0.517752
-2.07785 -2.36255
-2.44353 -0.76234
-2.32211 -1.11159
-2.93084 -0.753631
-2.80934 -1.16045
-2.22281 -2.19235
-2.67721 -1.47127
-2.39136 -0.930271
-2.22136 -1.32727
-2.20993 -1.34921
-1.88853 -1.84185
-2.99352 -0.391051
-2.2326 -1.30526
-2.53191 0.139759
-2.50644 0.321291
-2.78562 -1.22314
-2.26883 -1.23113
-2.76062 -1.2856
-4.9836 -3.10717
-4.94714 -3.17343
-2.7187 -1.38329
-3.0001 -0.327876
-3.00985 -0.192895
-2.53104 -0.287811
-4.34151 -2.41561
-3.00859 0.135134
-1.81237 -1.93433
-4.04648 -2.94775
-2.81259 -1.15159
-1.94571 -1.76755
-1.70888 -2.04972
-2.41881 -0.846441
-1.65487 -2.10579
-3.87708 -3.20508
-2.73811 -1.33904
-2.40669 -0.884523
-3.78196 -3.33812
-2.48796 0.406558
-2.51412 0.278086
-2.4839 -1.82457
-2.1199 -1.50877
-4.08863 -2.87904
-3.81105 -3.29822
-3.57008 -3.61017
-4.42777 -3.97441
-2.29613 -1.17164
-3.59102 -3.58463
-3.01326 -0.0945191
-2.47843 -1.83311
-1.98081 -1.71962
-2.54025 -0.136101
-3.77238 -3.35113
-2.29946 -1.16409
-2.50599 0.295294
-1.8235 -1.92124
-2.53502 0.102964
-2.64334 -1.54145
-4.29295 -2.50324
-2.72656 -1.36556
-2.75688 -1.29465
-2.0005 -1.69192
-1.57423 -2.18481
-2.4925 -0.555396
-2.95413 -0.644744
-2.24798 -2.16062
-2.89632 -0.889802
-4.03797 -2.96134
-1.47766 -2.2727
-1.53614 -2.22031
-2.51902 -0.394611
-2.52197 -0.371754
-2.45623 0.518164
-2.4153 0.626954
-2.7304 -1.35681
-2.56938 -1.67997
-2.46781 -1.84995
-2.17436 -1.41491
-3.00938 -0.202007
-3.01304 -0.103596
-2.47971 -0.616846
-3.01218 0.0560494
-1.42444 -2.31827
-4.40921 -2.267
-1.87786 -1.85523
-1.33939 -2.38818
-3.95006 -3.09766
-2.44773 -0.747007
-2.07109 -2.37001
-2.35251 -1.03635
-2.3809 0.699918
-3.75281 -3.37745
-2.14552 -1.46556
-2.00847 -2.43737
-2.89379 -0.898752
-2.66943 -1.4889
-3.95917 -3.0839
-2.78905 -1.21431
-2.96104 -0.60837
-2.66083 -1.50645
-2.02948 -2.41513
-2.51875 0.250202
-2.3972 0.667007
-2.49938 -1.79929
-2.40341 0.653709
-1.43125 -2.31255
-4.40258 -2.28686
-2.59793 -1.62818
-2.53847 -0.181536
-2.32522 -1.10418
-2.52002 -0.387065
-2.84698 -1.05257
-3.01327 0.0119477
-2.53903 0.0362604
-2.95934 -0.617594
-2.47099 -0.655136
-2.11533 -1.51615
-2.34959 -1.04383
-2.42994 -1.90846
-2.034 -1.64324
-3.58025 -3.59761
-1.78427 -1.96676
-4.64971 -3.66018
-2.51757 0.256479
-4.15728 -3.80325
-2.54984 -1.71432
-3.73308 -3.4037
-2.51974 0.241965
-2.49618 0.371205
-3.622 -3.54633
-1.96474 -1.74125
-1.99429 -2.45219
-2.43923 -0.777668
-4.79384 -3.4352
-4.87218 -3.30465
-3.88623 -3.19187
-2.99553 -0.37295
-2.52741 -1.74786
-1.4043 -2.33501
-2.54496 -1.72276
-2.04803 -1.62228
-2.49398 -0.547826
-2.65214 -1.52397
-3.90471 -3.16499
-2.38526 -1.97455
-3.01261 -0.121471
-2.53364 -0.257321
-2.19431 -1.37853
-2.24165 -2.1687
-1.90013 -2.54678
-2.53962 -0.214403
-4.63827 -3.67567
-3.54898 -3.63563
-2.79255 -1.20521
-2.51992 -1.76532
-2.79592 -1.19637
-4.90196 -3.27356
-3.65296 -3.50744
-1.73244 -2.0244
-4.83339 -3.37007
-2.53916 -0.166376
-4.92862 -3.20646
-4.24726 -2.59999
-2.97985 -0.447112
-2.99772 0.265627
-2.35834 -1.02121
-4.34581 -4.08208
-2.5097 -1.78233
-2.45844 0.511355
-2.48165 -0.839812
-2.40913 -0.877001
-2.5296 -0.303072
-2.50109 -0.509543
-2.99745 -0.354859
-2.40649 0.644511
-2.54256 -0.0995655
-2.51475 -1.77395
-4.59605 -3.73947
-2.9792 -0.499591
-3.01367 -0.0235448
-4.3344 -2.43009
-4.06351 -2.92024
-2.46254 -1.85824
-1.34282 -2.3845
-2.98802 -0.436217
-2.54127 -0.0759708
-1.84055 -2.60341
-1.41781 -2.32381
-2.36973 -0.990875
-2.91665 -0.816967
-1.43784 -2.30697
-2.95588 -0.635782
-2.45164 0.53195
-3.00751 0.152662
-2.62095 -1.58492
-1.85563 -2.58931
-2.41162 -0.869253
-4.32746 -2.44414
-2.27888 -2.12079
-2.60587 -1.6107
-2.87273 -0.971284
-3.01002 0.108918
-1.80115 -1.94738
-2.40944 0.640357
-2.36225 -2.00744
-4.15415 -2.76797
-1.7207 -2.03709
-4.3695 -4.05138
-1.59939 -2.16073
-3.70336 -3.44272
-4.13801 -2.79583
-2.30364 -2.08871
-2.97059 -0.554091
-1.35662 -2.3736
-2.17792 -2.24722
-2.02919 -1.65034
-4.17792 -2.72627
-4.31323 -2.47263
-2.76792 -1.26774
-4.2092 -2.67019
-1.98003 -2.46694
-3.01028 -0.18405
-4.90061 -3.25563
-2.41235 0.633757
-2.49926 0.356958
-2.32702 -2.05642
-2.33759 -1.07403
-3.00889 -0.21086
-2.54001 -0.143775
-2.41812 0.620331
-2.21007 -2.20813
-2.92872 -0.762853
-2.47116 0.469672
-3.83535 -3.26682
-2.04344 -2.40016
-1.83467 -1.90801
-2.19724 -2.22386
-2.80268 -1.17842
-2.53705 0.0733291
-2.43037 -0.808303
-2.51364 -0.432815
-2.54129 -0.0683368
-1.36339 -2.36821
-1.46446 -2.28419
-2.48785 -0.578551
-2.22891 -1.31253
-2.91776 -0.808179
-2.43955 0.566118
-3.00329 -0.291767
-2.05732 -1.60819
-2.6904 -1.44503
-4.26164 -4.18851
-4.22459 -2.64207
-2.29283 -1.17901
-2.39086 -1.96642
-1.77287 -1.97968
-2.83177 -1.09756
-3.00605 -0.255713
-3.00435 0.196229
-4.435 -2.21504
-2.70677 -1.40972
-1.38394 -2.35164
-4.84302 -3.35398
-2.84582 -0.0667824
-2.07567 -1.57988
-1.6366 -2.12418
-2.16621 -1.42945
-2.51475 -0.42526
-2.54081 -0.113548
-2.87001 -0.980209
-3.00504 0.187638
-2.46549 -0.678064
-1.95586 -1.75388
-2.52647 0.191036
-1.83998 -1.9016
-2.2911 -2.10472
-4.29884 -2.50107
-4.38248 -2.33015
-4.74347 -3.51593
-1.86302 -2.58233
-1.92012 -1.80139
-4.38929 -2.31559
-2.49774 0.36464
-2.55966 -1.69716
-2.50911 0.306923
-2.44922 0.533852
-2.18228 -1.40051
-2.97356 -0.535919
-2.55483 -1.70562
-2.70265 -1.41868
-2.29708 -2.09678
-1.97297 -2.47419
-1.49724 -2.25543
-2.37248 -0.983395
-4.52992 -3.83416
-2.9266 -0.771813
-1.68502 -2.07482
-2.39683 -1.95809
-3.8013 -3.31167
-1.79483 -2.64529
-2.42813 -0.815845
-2.42372 0.606852
-4.10525 -2.85137
-4.43949 -3.95867
-2.53609 0.088159
-2.53499 -1.73986
-3.97958 -3.05413
-3.92302 -3.13803
-2.32115 -2.06442
-1.83287 -2.61053
-2.24368 -1.28307
-2.38342 -0.952994
-2.53381 -0.322785
-1.89912 -1.82842
-2.44977 -0.739451
-4.96547 -3.14033
-1.92219 -2.52501
-2.56466 -1.68846
-4.29167 -2.51508
-2.47321 -1.84141
-2.09804 -1.54444
-4.02076 -2.9887
-2.89126 -0.907953
-3.52836 -3.66888
-2.4808 0.434753
-2.13274 -1.48731
-2.52467 0.205654
-2.94928 -0.671782
-2.52102 -0.379297
-2.82235 -1.12446
-4.60675 -3.72384
-2.48944 -0.570757
-2.51038 0.299811
-3.01157 0.0736983
-1.95072 -1.76082
-2.63443 -1.55891
-2.34482 -2.03187
-2.50365 0.335626
-2.24002 -1.29048
-3.5597 -3.62273
-4.67091 -3.62822
-2.76422 -1.2768
-2.28941 -1.1866
-2.99886 0.25696
-3.01247 0.0473541
-4.93804 -3.18971
-2.94491 -0.69009
-2.8329 -1.10623
-2.97211 -0.544871
-2.39155 -0.920146
-2.53422 -0.249817
-4.19364 -2.69826
-3.01336 -0.0857409
-2.98186 -0.481437
-1.87797 -2.56812
-1.8254 -2.61744
-2.33304 -2.04817
-2.49096 -0.563188
-2.41663 -0.853663
-1.92517 -1.79476
-2.36408 -1.00605
-2.11853 -2.31677
-2.34058 -1.06659
-4.02929 -2.9752
-2.30916 -2.08063
-1.97087 -1.73339
-2.54065 -0.120981
-2.69863 -1.42739
-4.17008 -2.74008
