-4.49516 6.94241
-8.36727 2.77836
-9.06628 1.96594
-2.69748 7.45566
-7.44311 4.54629
-5.72779 6.75477
-9.13227 1.65891
-8.73376 3.04922
-4.98561 7.16629
-6.00383 6.57136
-6.7658 5.961
-8.94714 2.41797
-6.30108 5.80648
-2.46985 7.87228
-8.56078 2.17166
-7.05829 5.04153
-3.4854 7.69983
-8.53731 3.51622
-4.68614 7.30239
-7.79156 4.80332
-5.94834 6.09276
-9.03563 2.09247
-5.17515 7.07166
-4.40301 7.41673
-8.09073 4.35392
-2.91779 7.41922
-6.06182 6.5305
-7.27354 5.44821
-5.69196 6.27843
-4.96352 7.17723
-7.34717 4.67833
-8.74274 3.02573
-1.98797 7.52723
-7.58843 4.33356
-2.49288 7.8699
-2.70249 7.84506
-3.89255 7.59003
-3.13625 7.3762
-4.43145 7.40198
-7.63962 4.25458
-3.21112 7.76033
-7.15915 5.57267
-8.09788 3.42457
-3.80245 7.61644
-2.21084 7.51215
-6.19611 6.4326
-6.47074 5.65455
-2.49868 7.48269
-1.92134 7.53045
-8.47724 2.45469
-2.07718 7.522
-2.53961 7.86486
-9.11157 1.76118
-2.32941 7.88529
-1.67205 7.91269
-7.56248 4.37274
-8.14974 3.31007
-7.58614 5.07666
-6.38695 5.72473
-1.76643 7.91211
-8.36081 3.87678
-6.68488 5.44789
-8.51324 2.33745
-4.24713 7.04444
-3.5907 7.26401
-7.8227 3.95232
-8.44711 2.54808
-8.37536 2.75629
-7.81105 3.97257
-2.60958 7.85665
-4.7506 7.27444
-8.01235 4.47785
-8.61689 1.95606
-6.23179 5.86576
-8.51614 3.56202
-3.09254 7.38536
-8.89444 2.59053
-6.69464 6.02535
-4.67858 6.8641
-7.01331 5.09395
-8.79594 2.88187
-7.89001 4.66264
-8.8787 2.63959
-7.61414 4.29417
-8.5674 2.14749
-4.09375 7.5266
-8.24214 4.09574
-6.96786 5.14588
-7.6753 4.96117
-3.57654 7.67736
-7.32165 5.39413
-2.65591 7.85108
-7.57079 5.09609
-7.3887 4.62184
-6.92287 5.81284
-3.5534 7.6832
-6.64103 6.07273
-6.32836 6.33153
-5.50684 6.40116
-8.43952 2.57103
-5.17692 6.60189
-7.67514 4.20961
-6.90626 5.21469
-4.47488 6.95117
-1.72064 7.53656
-5.7475 6.74226
-4.0165 7.12968
-6.17962 5.90937
-8.12977 4.28885
-6.79677 5.33268
-8.58024 2.09966
-5.27407 6.54557
-7.1909 4.88077
-4.70744 7.29323
-4.29318 7.45751
-3.5695 7.26994
-8.85467 2.71254
-8.20654 3.1835
-5.4647 6.91356
-3.91461 7.58342
-8.20502 4.16092
-3.00409 7.40319
-7.95849 4.56064
-1.64619 7.9134
-8.81311 2.83359
-1.78966 7.9118
-8.18734 3.22777
-3.19296 7.35796
-8.63855 3.29407
-3.97423 7.14434
-4.78469 7.25135
-9.08333 1.88686
-5.8862 6.65172
-7.55582 5.1149
-6.13897 6.47483
-8.04602 3.53225
-5.85773 6.16041
-9.00313 2.21815
-4.61808 6.88771
-3.44 7.30468
-4.43364 6.96874
-8.08776 3.44594
-4.64282 7.32076
-5.80708 6.70385
-9.04814 2.04181
-7.76284 4.84311
-8.46992 2.47776
-6.40315 6.27224
-6.45417 5.66983
-8.44009 3.72054
-3.33196 7.3317
-4.18276 7.49654
-5.19578 7.06094
-6.61976 5.5126
-2.44612 7.87466
-2.14371 7.5174
-5.02801 7.14571
-5.19779 6.58959
-4.81482 7.24586
-5.34114 6.98309
-7.16186 4.91674
-3.735 7.63542
-4.20535 7.06055
-5.37032 6.48771
-3.75729 7.62922
-7.53631 4.41173
-4.1008 7.09957
-6.58692 5.5446
-4.07478 7.53092
-6.24719 6.39946
-8.75192 3.00151
-4.66418 7.31174
-4.16021 7.50428
-6.07362 5.99539
-2.34363 7.49997
-5.71029 6.26574
-5.98403 6.58512
-4.35086 7.0031
-7.08818 5.00612
-8.02477 3.57513
-5.07896 6.65661
-5.52572 6.87806
-2.56545 7.47422
-6.73031 5.9933
-7.97733 4.51111
-7.00831 5.72849
-2.67955 7.84806
-5.62514 6.81985
-8.47264 3.65762
-8.69662 3.14413
-3.23378 7.75573
-2.27726 7.50635
-7.17657 4.89862
-2.46426 7.48524
-7.52333 4.43086
-8.55821 3.47024
-8.50626 2.3607
-8.39188 2.70982
-2.00133 7.90581
-7.05888 5.67726
-1.83681 7.91095
-7.99259 3.63882
-3.41868 7.31015
-5.7874 6.71667
-9.0097 2.19338
-2.21084 7.51215
-3.18774 7.76501
-8.25415 4.07432
-3.04876 7.39426
-8.97572 2.31835
-3.2885 7.34208
-2.52116 7.47991
-8.14234 4.26787
-7.33789 5.37564
-8.9545 2.39276
-7.73885 4.09485
-1.57761 7.91216
-4.59736 6.89713
-8.52035 2.31348
-3.32531 7.65273
-7.20835 5.51983
-4.83657 7.23603
-4.05869 7.11476
-5.42365 6.93701
-8.93242 2.4676
-2.84198 7.8253
-7.60146 4.31343
-5.56642 6.85394
-7.71429 4.13525
-7.60099 5.05774
-7.07348 5.02359
-5.38247 6.96018
-2.91123 7.81452
-8.90989 2.54131
-7.29102 4.7528
-6.27209 6.37512
-2.63151 7.46524
-2.98333 7.40704
-7.38535 5.32087
-7.9486 3.72352
-3.11898 7.77829
-8.59888 2.02801
-7.82004 4.76331
-6.10912 5.96696
-6.76497 5.36595
-8.65836 3.23838
-1.93105 7.90842
-7.67722 4.19512
-3.00385 7.7991
-4.62051 7.33027
-6.97418 5.76251
-5.25494 6.55683
-3.91096 7.16571
-5.52314 6.39139
-5.66725 6.79265
-6.14445 5.93829
-8.98244 2.29221
-4.59939 7.33886
-6.78322 5.945
-4.90043 6.75117
-5.68766 6.77997
-8.27834 4.03069
-5.5418 6.37925
-5.50561 6.88984
-8.31397 3.9652
-7.86211 4.70319
-8.4066 3.7876
-2.12175 7.51898
-6.82836 5.29918
-8.83821 2.76122
-1.87669 7.53227
-2.0954 7.90133
-5.57956 6.35442
-5.87572 6.14716
-4.33731 7.44136
-5.78432 6.21357
-7.25809 4.79804
-2.02089 7.90643
-7.41688 5.28388
-8.60914 3.35485
-8.10407 4.33127
-5.8211 6.18711
-2.88839 7.81815
-7.66073 4.98036
-4.53624 6.92444
-8.99629 2.24362
-7.70212 4.15504
-3.22352 7.35706
-4.12151 7.09199
-5.65464 6.30402
-3.37145 7.72626
-2.87381 7.42704
-6.60489 6.10415
-4.30932 7.01988
-7.02566 5.08086
-4.24895 7.47338
-3.20144 7.362
-7.35361 5.35762
-7.99879 4.4989
-6.71266 6.00871
-4.57721 6.90621
-7.73389 4.88268
-6.24849 5.85176
-4.45397 6.96012
-4.86036 6.7715
-7.91512 3.78625
-5.84668 6.67797
-6.53206 6.16625
-5.86675 6.66469
-3.78021 7.62277
-6.42041 5.70066
-2.32173 7.50214
-9.07805 1.91495
-1.94321 7.52948
-7.93761 3.74427
-5.32074 6.99427
-7.90359 3.80755
-8.43538 2.57272
-4.87939 7.21641
-6.50423 5.62336
-3.71401 7.64021
-8.54088 2.24275
-8.45486 2.52447
-2.23578 7.89249
-5.80787 6.19516
-3.48324 7.29337
-8.49469 3.60764
-4.85768 7.22639
-9.04184 2.0676
-2.43246 7.49047
-5.35142 6.49922
-7.76315 4.05428
-6.40323 5.71619
-3.531 7.68874
-8.55428 2.19519
-6.28357 5.82161
-2.58727 7.47133
-8.03892 4.43614
-3.71945 7.22646
-6.4217 6.25703
-8.96158 2.36823
-3.02663 7.79512
-8.50561 3.58452
-7.25834 5.46297
-8.55266 2.17676
-8.40011 2.68644
-4.97976 6.71906
-8.49886 2.3856
-2.04837 7.90371
-8.24416 3.09446
-8.98957 2.26832
-7.11785 4.97051
-5.38989 6.47567
-2.51659 7.86738
-8.00328 3.61784
-2.89548 7.42322
-5.04886 7.13547
-2.23277 7.5103
-7.98554 4.51935
-8.02547 4.45733
-6.23419 6.40399
-7.97072 3.68126
-2.74163 7.44891
-4.75996 6.82104
-6.17729 6.44661
-3.622 7.6657
-2.78574 7.44189
-3.88955 7.17277
-8.93992 2.44243
-9.1007 1.81256
-6.04272 6.54405
-8.78735 2.92359
-3.41721 7.71587
-6.3474 6.31659
-7.75159 4.8493
-3.37535 7.32106
-7.77702 4.82352
-5.94173 6.61687
-3.93186 7.15872
-4.27059 7.46574
-2.98094 7.80277
-8.57884 3.42408
-8.27156 3.02757
-8.67763 3.19134
-4.49069 7.38276
-1.88394 7.90983
-7.30535 4.73398
-7.04224 5.69423
-2.39251 7.88258
-8.28988 4.01146
-8.82999 2.78515
-8.59459 2.46452
-9.06037 1.99102
-1.74249 7.91236
-2.42307 7.8769
-8.38382 2.73248
-4.3923 6.98606
-8.34206 2.84656
-8.07723 3.46803
-5.70745 6.76759
-3.84754 7.60338
-7.62672 4.27469
-8.17778 3.24952
-8.13835 3.33739
-5.74738 6.23978
-5.42821 6.45185
-3.43974 7.71064
-6.31805 5.79173
-7.79956 3.99188
-8.32483 2.89205
-9.08952 1.86382
-6.47723 6.21193
-8.11676 4.3104
-3.74053 7.22006
-3.82534 7.60985
-8.58646 2.07604
-6.1618 5.92407
-4.20463 7.48897
-9.10609 1.78726
-8.01421 3.5962
-5.48492 6.90185
-6.77924 5.35166
-8.11824 3.38107
-4.67888 6.85961
-5.83917 6.17398
-7.02506 5.71164
-4.28882 7.02805
-6.19688 5.89504
-3.07098 7.38978
-6.62272 6.0887
-2.18825 7.51398
-2.58629 7.85954
-4.90044 7.20664
-6.95231 5.16342
-8.34936 3.89863
-5.48517 6.41584
-6.58648 6.12002
-7.85409 3.92252
-7.5099 4.45053
-6.49537 6.19691
-7.8694 3.86966
-6.66847 5.46435
-6.56857 6.13533
-3.34926 7.73069
-6.66801 5.45245
-4.00439 7.55554
-8.60471 2.00626
-7.87575 4.68385
-7.47522 4.50587
-3.16508 7.76945
-8.21757 4.13907
-4.35902 7.4333
-6.2907 6.3608
-3.78326 7.20687
-8.40803 2.6637
-6.38647 5.73125
-2.1044 7.51938
-4.53438 7.36536
-2.86485 7.82181
-7.17544 5.55529
-2.29894 7.50437
-1.81001 7.5345
-7.83398 4.74352
-2.74903 7.83875
-5.05889 6.66758
-7.83464 3.93143
-7.72678 4.11476
-5.56097 6.36669
-3.95959 7.56959
-5.1539 7.08259
-3.95337 7.15146
-7.37492 4.64079
-2.95757 7.80695
-7.75121 4.07429
-6.51988 5.60894
-7.14732 4.93467
-2.0106 7.52601
-8.48403 3.63004
-3.67661 7.23924
-8.33335 2.86966
-6.65242 5.48036
-5.217 7.04984
-6.87516 5.24875
-7.78722 4.01352
-2.82616 7.43216
-5.36212 6.9715
-3.61252 7.25783
-6.57067 5.56029
-6.53972 6.17058
-8.25327 3.07242
-7.24105 5.48414
-4.22619 7.0525
-7.92623 3.76559
-3.59894 7.67165
-6.55388 5.57638
-8.42391 2.61744
-8.86263 2.68773
-7.40244 4.60303
-5.9659 6.07946
-5.96478 6.59841
-8.71533 3.09676
-5.82715 6.69081
-7.90366 4.64259
-5.98442 6.06519
-3.394 7.72117
-8.64877 3.26148
-2.67572 7.45889
-1.6953 7.91265
-3.63369 7.25176
-5.44705 6.44003
-8.88672 2.61472
-8.38383 3.83228
-3.17991 7.36676
-6.36584 6.30202
-2.99871 7.50813
-4.82017 6.79157
-7.1423 5.59059
-6.10097 5.97048
-6.43707 5.6855
-7.49452 5.1907
-8.87084 2.66371
-4.99979 6.69935
-1.86012 7.9104
-3.69471 7.23442
-1.74543 7.53568
-8.05192 4.41552
-7.27706 4.771
-8.61102 1.97984
-8.39509 3.81019
-8.89677 2.26022
-3.93748 7.5764
-6.30983 6.34598
-3.35174 7.32716
-4.5569 6.91519
-4.26768 7.0364
-6.02033 6.03737
-8.57376 2.12394
-2.37626 7.88124
-5.8942 6.13345
-4.11571 7.5193
-2.16631 7.5157
-3.02718 7.39854
-8.22548 3.13906
-7.44819 5.24667
-6.99176 5.74402
-6.70081 5.43181
-3.76221 7.2134
-6.93716 5.1804
-7.19216 5.53733
-7.46354 5.22825
-5.09108 7.11447
-8.41771 3.76551
-8.77849 2.92999
-7.51179 5.16518
-8.23466 3.11737
-6.10048 6.5028
-6.00213 6.05151
-1.95425 7.90763
-5.91211 6.12008
-1.76533 7.53566
-3.5264 7.28179
-8.32595 3.94285
-8.62909 3.30825
-1.67593 7.53719
-7.0435 5.05888
-2.2125 7.89419
-2.30632 7.88719
-6.12656 5.95285
-2.07154 7.90258
-2.79553 7.83217
-4.88098 6.76088
-6.03796 6.02357
-8.16767 4.22514
-7.98249 3.65745
-4.4469 7.39989
-8.4291 3.74272
-3.98233 7.5625
-4.04912 7.54121
-8.46231 2.50147
-8.16788 3.27187
-6.45851 6.22732
-8.1582 3.29354
-8.07811 4.3735
-9.13734 1.63254
-6.65877 6.05715
-2.28253 7.88907
-5.23757 7.03899
-8.72445 3.07295
-6.81842 5.91233
-6.1196 6.48883
-4.94038 6.73058
-5.72912 6.2526
-7.47007 4.50802
-9.12723 1.68424
-6.93986 5.79629
-8.6873 3.16741
-4.92013 6.74105
-8.26258 3.04969
-2.03258 7.52475
-4.36059 7.00128
-8.19275 4.1822
-7.9312 4.60172
-8.30734 2.93738
-9.11681 1.73581
-2.71989 7.45227
-6.02301 6.55794
-4.80032 6.80136
-3.26707 7.34709
-2.16554 7.89726
-8.06702 3.48918
-8.35044 2.82409
-3.54771 7.27595
-3.68972 7.64778
-7.91766 4.62188
-1.83202 7.53383
-2.38806 7.49535
-2.54299 7.47714
-7.54036 5.1342
-6.92157 5.19773
-6.87059 5.86314
-7.21984 4.8444
-8.80444 2.85812
-4.71948 6.84046
-7.49681 4.46954
-7.89238 3.82805
-4.41267 6.97757
-2.81841 7.82883
-8.5272 2.29017
-5.31281 6.52252
-2.8298 7.4346
-5.11836 6.63485
-5.13318 7.0932
-5.61717 6.32935
-5.03944 6.67811
-3.05008 7.79096
-6.90533 5.82982
-9.09507 1.83858
-6.85343 5.87941
-7.20561 4.86235
-6.35235 5.76161
-3.32562 7.73637
-6.53754 5.59194
-3.2571 7.75093
-4.03163 7.12545
-8.22971 4.11775
-7.24856 4.80781
-8.31599 2.91506
-8.30086 2.94909
-2.65285 7.46228
-4.46849 7.39148
-7.12594 5.60778
-5.00652 7.15619
-7.40086 5.30283
-4.31493 7.44959
-1.78735 7.53512
-3.64437 7.65986
-2.11856 7.90006
-9.02281 2.14299
-4.07944 7.10731
-4.51222 7.37422
-8.56842 3.44732
-8.10824 3.40252
-3.8259 7.19342
-6.88825 5.84625
-8.30227 3.98686
-8.92505 2.49194
-5.216 6.57949
-5.60698 6.82955
-6.73299 5.399
-2.75903 7.84284
-8.66817 3.21453
-5.67291 6.29157
-4.55586 7.35668
-4.16347 7.07641
-1.71925 7.91254
-8.46219 3.67538
-7.84617 3.91109
-1.96598 7.52836
-7.09251 5.64264
-5.13772 6.62404
-7.33343 4.69675
-5.09839 6.64593
-6.98291 5.1288
-5.64739 6.80489
-7.70471 4.92204
-2.25942 7.89083
-7.41592 4.58436
-7.63097 5.01916
-4.94309 7.1866
-7.69025 4.94134
-3.27973 7.74619
-7.64557 5.00039
-4.73941 6.83094
-1.90715 7.90917
-4.96002 6.72034
-6.26652 5.83624
-5.27922 7.01677
-5.2352 6.56836
-6.15787 6.46096
-4.63818 6.8785
-5.54638 6.86586
-8.52691 3.53881
-7.30582 5.41204
-6.81236 5.31621
-2.85151 7.43091
-5.29871 7.00692
-5.40879 6.46397
-8.76076 2.97794
-5.92556 6.6252
-6.71716 5.41519
-2.63294 7.85394
-6.44028 6.24221
-7.31921 4.71567
-7.80562 4.78364
-3.07283 7.78685
-2.93943 7.41526
-8.49189 2.40777
-8.82146 2.80974
-7.52528 5.15291
-8.28958 2.98256
-4.1383 7.51171
-6.84386 5.28259
-4.77986 6.81138
-4.14281 7.08412
-3.86847 7.1797
-2.36617 7.49766
-3.3967 7.31572
-7.54962 4.39198
-2.47682 7.48532
-8.58891 3.40128
-7.43233 5.26558
-3.24498 7.35218
-7.42974 4.56507
-2.1424 7.89868
-8.59921 3.37775
-4.79364 7.25537
-1.62484 7.91256
-7.65209 4.235
-6.74782 5.97742
-9.0542 2.0168
-8.33752 3.92109
-7.28947 5.43041
