20.85 8.08
24.91 23.15
21.02 16.24
25.9 4.44
24.82 21.56
15.94 7.99
17.48 6.33
26.63 28.37
12.69 10.63
16.76 26.54
11.87 26.07
4.3 20.02
20.74 5.81
21.83 38.71
8.13 4.88
15.11 36.49
12.99 38.65
4.49 23.07
14.61 18.06
26.71 18.94
5.49 11.64
29.09 31.07
25.62 8.08
24.35 4.75
11.74 23.64
8.58 36.24
5.74 18.84
16.68 13.51
3.78 23.91
11.59 27.42
5.46 26.58
9.25 19.66
19.65 5.14
6.07 13.32
5.69 37.76
26.51 37.34
18.49 24.35
14.98 13.01
18.06 26.88
11.26 8.11
14.35 7.38
3.75 17.25
17.6 23.91
28.42 11.09
27.67 15.45
12.78 15.02
14.04 29.09
13.6 10.73
17.97 23.51
5.08 32.91
11.63 9.43
9.04 5.02
14.64 23.68
20.58 35.08
23.49 33.3
18.36 27.66
7.04 15.75
24.62 19.96
6.1 12.58
20.13 22.17
12.4 11.42
15.21 24.03
25.62 16.16
15.31 30.45
4.71 21.37
15.01 35.31
12.41 16.34
13.5 21.29
13.64 14.57
15.65 6.53
12.96 34.56
25.58 7.01
15.23 14.29
17.68 6.09
15.98 24.98
26.11 13.1
18.5 9.5
29.49 9.78
12.43 35.16
22.71 11.85
25.01 38.98
23.56 23.44
17.37 15.35
16.48 10.05
24.2 39.99
24.91 11.62
6.9 34.72
13.25 6.44
10.95 17.86
8.11 15.12
9.52 13.67
23.88 18.68
3.79 38.24
15.09 13.15
24.45 16.82
12.99 38.32
12.37 16.87
23.53 30.12
14.99 17.81
18.63 10.94
20.18 7.24
25.26 15.91
27.07 16.99
