21.55 33
12.83 26.14
12.59 12.94
21.61 28.07
27.73 17.04
25.96 10.51
19.41 10.83
3.9 32.75
7.23 20.43
26.39 21.18
20.27 15.87
9.79 9.24
28.22 4.3
24.38 17.62
15.79 14.56
14.53 18.47
28.71 29.91
8.83 10.52
4.43 19.16
10.28 25.9
25.28 23.38
10.09 10.62
15.07 24.59
23.32 17.38
7.15 9.53
21.64 25.84
28.98 16.2
12.3 21.08
29.01 16.53
12.91 25.86
6.86 17.84
29.48 19.33
6.03 19.73
27.48 15.56
6.78 12.56
14.92 38.94
12.4 7.33
3.05 6.68
3.63 9.89
26.17 36.13
7.56 36.11
29.71 19.41
26.04 10.91
24.5 16.57
24.89 5
24.9 12.51
9.67 6.13
22.18 30.41
13.15 10.84
3.84 22.81
3.89 8.2
18.04 7.29
21.31 20.97
8.99 27.06
25.68 27.91
7.03 8.27
15.61 24.5
9.4 35.48
14.31 23.83
20.94 7.65
14.78 18.88
29.63 37.53
12.51 26.25
14.06 33.28
26.43 4.76
5.96 24.26
20.33 18.08
15.06 22.76
15.65 36.27
18.23 8.65
16.2 14.33
14.92 7.09
20.94 14.28
7.45 22.77
23.73 5.89
13.94 7.97
18.39 25.81
17.4 38.26
23.27 14.89
15.28 19.38
9.56 32.6
17.65 19.48
28.71 25.07
22.81 39.17
6.72 29.41
28.5 13.33
9.52 16.99
14.16 18.77
15.48 28.6
24.93 9.9
8.96 20.59
23.33 20.52
14.64 21.91
26.14 22.31
26.56 33.77
18.62 23.4
23.15 36.84
8.88 7.73
6.94 31.19
15.84 6.21
7.49 39.2
16.45 23.59
20.11 27.68
3.49 23.27
25.94 10.02
6.05 19.98
12.78 28.17
