11.1263 -4.92465
9.52656 -8.37378
10.3723 -7.44791
11.0265 -6.4979
11.2233 -2.05319
9.98745 -7.90094
11.1855 -1.95817
11.4132 -3.70297
9.63003 -7.41721
11.2246 -4.62517
7.64174 -2.50923
11.7106 -2.80429
11.3401 -4.16882
9.978 -7.88809
11.1718 -6.23976
7.48899 -2.94012
7.20239 -3.56674
6.87779 -4.11615
11.4301 -3.04084
8.99885 -8.05404
10.9627 -1.61107
7.65656 -2.33801
11.8579 -4.04683
10.1613 -7.70469
10.4926 -7.29487
8.71747 -8.30539
7.56575 -2.68345
11.4382 -2.21737
7.66057 -2.44546
11.3692 -2.56294
9.83002 -8.07007
8.67323 -9.09935
10.4969 -6.23011
7.72038 -2.23419
11.3203 -4.26065
10.8141 -1.29751
10.8675 -1.51732
11.3487 -2.46757
11.4269 -3.54641
11.3061 -4.32197
8.47569 -8.50568
9.66848 -8.2352
11.8183 -4.40153
10.4333 -7.37021
7.7424 -2.14858
7.10008 -3.75399
11.2393 -1.92769
7.62127 -2.57109
9.08498 -8.77048
9.57418 -8.32792
11.829 -3.29663
11.1564 -6.26832
11.3525 -4.1071
11.4258 -2.97719
11.4246 -3.57741
10.2921 -6.549
9.75927 -7.25438
7.00288 -3.91911
8.88288 -8.16015
11.0332 -1.6423
11.0925 -6.38364
10.0972 -7.77782
10.8993 -5.47847
10.1839 -6.70516
9.40649 -8.48661
11.6657 -5.06519
9.47862 -8.4193
11.1872 -4.74556
8.6695 -8.34624
11.76 -2.96802
11.2835 -4.4132
7.18234 -3.60463
7.42352 -3.10014
11.2988 -4.35212
6.95812 -3.99148
9.85248 -8.04646
8.85975 -8.18088
9.30878 -8.57561
11.1472 -4.86519
10.5532 -7.21201
11.6996 -2.77195
11.5789 -2.47774
7.03569 -3.86464
11.6563 -5.09592
10.5725 -7.18577
11.5126 -2.34732
8.88165 -8.93744
11.0247 -5.19089
11.4099 -3.74442
9.91859 -7.05892
9.20336 -7.85768
11.1398 -1.80526
11.7845 -4.59232
11.8497 -3.46026
11.8654 -3.88513
10.7313 -5.81776
10.0534 -7.82746
7.57242 -2.71585
11.0811 -1.73738
7.25138 -3.47166
9.29987 -7.76649
9.00934 -8.83367
7.24175 -3.49047
11.2508 -4.53484
11.4922 -5.55736
11.4138 -2.84974
8.40143 -8.56447
7.36278 -3.23843
11.8602 -3.59132
11.4307 -3.48342
11.2754 -4.44401
9.11054 -8.74883
10.9928 -1.64209
10.5923 -7.15868
11.3069 -2.28729
10.2263 -7.62702
8.64576 -8.36623
11.7779 -4.62463
10.8997 -1.54833
11.6265 -5.18767
11.5398 -5.43534
11.3849 -3.92108
10.6688 -7.05179
11.806 -3.16521
9.25948 -8.61958
11.858 -3.55811
7.38912 -3.17955
10.0535 -6.8838
10.9066 -6.69486
11.4231 -2.94498
11.2153 -4.65578
11.862 -3.62359
11.4163 -3.67209
9.33655 -7.72297
11.8599 -4.0139
10.0153 -6.93438
11.2178 -6.1523
10.5776 -6.09485
11.8662 -3.81961
11.6367 -5.15817
11.7967 -4.5285
7.47294 -2.98048
7.73153 -2.19145
10.6253 -6.01175
11.2579 -2.14934
11.8646 -3.68901
11.5265 -5.12427
7.64774 -2.48747
9.73801 -8.16512
11.5953 -5.28207
8.76517 -8.26422
11.455 -5.64786
10.688 -7.02446
11.3641 -4.04523
10.7749 -5.73395
10.0913 -6.83301
7.60762 -2.6127
10.4638 -6.28405
11.8502 -4.14354
11.7769 -3.03375
11.5511 -5.4052
10.4135 -6.36409
7.37154 -3.21903
10.6094 -6.03967
11.4204 -2.91349
11.7019 -4.93993
11.394 -3.85879
9.59386 -7.44577
9.69151 -8.21215
10.7015 -5.87361
11.2629 -6.06448
9.71514 -8.18833
10.8725 -5.53574
11.5628 -2.44462
11.4965 -2.31758
11.1087 -1.76865
7.60079 -2.63315
11.4388 -3.25026
9.24806 -7.8131
11.3165 -2.33981
11.052 -1.70524
9.1353 -8.72771
10.2472 -7.60199
9.33368 -8.55316
11.6842 -5.00265
11.4323 -3.45191
7.15197 -3.66089
10.3514 -7.47409
10.1406 -7.72787
8.5974 -8.40658
11.8238 -3.2633
11.3465 -4.13752
11.7879 -3.1038
11.2353 -2.08551
11.7511 -2.93565
10.8171 -5.65025
8.90702 -8.91711
10.2564 -6.60133
11.3982 -3.82806
9.60498 -8.28741
11.8425 -3.39464
11.8232 -4.36877
10.9416 -6.63881
7.2705 -3.43311
11.4186 -2.18544
7.69134 -2.34021
11.1962 -4.71851
11.5164 -5.49646
7.28015 -3.41354
10.976 -6.58248
11.7188 -4.87703
11.4675 -5.61804
10.1836 -7.67761
11.2641 -1.96022
7.61458 -2.59161
11.3184 -5.97013
11.8556 -4.07878
10.562 -6.12144
10.8354 -6.80613
9.04489 -8.01089
11.1709 -1.9238
10.4332 -6.33049
11.4293 -5.7082
7.44988 -3.01433
6.92412 -4.04503
8.6999 -9.07913
11.8437 -4.20819
11.1404 -6.29767
11.3333 -2.40369
10.5297 -6.17591
11.8617 -3.9819
11.1576 -4.83491
11.8338 -3.32899
11.2478 -6.09428
10.7256 -6.9701
11.4765 -2.28228
7.05739 -3.82793
10.8712 -6.75063
7.1604 -3.64053
10.1658 -6.73057
9.15869 -7.90149
11.3749 -3.98322
7.07885 -3.79104
9.43019 -8.46487
10.9638 -5.33472
11.4355 -3.16797
11.4356 -3.35712
8.49988 -8.48625
7.12107 -3.71677
9.67724 -7.35068
11.4579 -2.25029
7.63464 -2.52934
11.4101 -2.81832
10.8452 -5.59279
7.59368 -2.65417
10.4807 -6.25672
7.30816 -3.35571
9.9964 -6.95907
9.77926 -7.23048
11.2774 -6.03548
11.7688 -3.00136
7.6541 -2.46679
7.32662 -3.31677
11.5847 -5.31247
8.62125 -8.38675
9.03427 -8.8131
9.21416 -8.65444
11.8024 -4.497
11.3813 -2.62681
10.8582 -1.3599
7.52815 -2.83914
11.3485 -5.88787
9.71842 -7.30268
11.7349 -4.81396
7.69719 -2.31929
11.094 -5.01318
9.87914 -7.10841
11.3407 -2.43449
10.2024 -6.67893
7.53555 -2.81815
10.9384 -5.39253
8.82994 -8.97845
10.4473 -6.31054
11.0152 -1.61015
11.01 -6.52588
11.2675 -4.47411
9.81959 -7.18173
8.32712 -8.62215
8.8126 -8.22271
9.50976 -7.53871
11.594 -2.50993
11.2911 -4.38313
7.71478 -2.2552
8.45073 -8.52559
10.6913 -5.88757
11.1675 -4.80547
11.3898 -5.79785
11.3921 -2.69067
11.8556 -3.52582
8.92962 -8.11782
10.5332 -7.23896
10.5939 -6.06672
9.84039 -7.15576
10.9888 -5.27667
11.3895 -3.89041
7.28945 -3.39449
7.55782 -2.75699
10.836 -1.32823
9.4238 -7.63159
9.89781 -7.99828
11.1247 -6.32611
10.8892 -6.72237
7.33561 -3.29753
11.1145 -1.79987
7.75299 -2.10561
10.8175 -6.83336
10.3792 -6.41737
10.331 -7.49958
11.8133 -4.43296
11.8528 -3.49257
8.85545 -8.95829
9.18122 -7.87953
8.3769 -8.58367
11.2685 -2.18069
11.0603 -5.10119
7.48112 -2.96003
8.78876 -8.24358
9.4451 -7.60888
11.3252 -2.37221
11.1084 -6.35534
9.55167 -7.49286
7.34482 -3.27768
11.3077 -2.30835
8.42642 -8.54484
10.8792 -1.39071
11.3063 -5.97644
11.7268 -4.84598
11.0232 -1.6741
9.53077 -7.51594
8.93308 -8.89608
7.11045 -3.73567
11.3799 -3.9524
9.22607 -7.8351
11.6232 -2.57533
10.3926 -7.42234
9.40179 -7.65489
10.9598 -1.51615
10.1489 -6.753
11.0132 -5.21839
10.7606 -5.76167
10.4737 -7.31778
10.8341 -1.48587
10.8591 -5.56388
7.17238 -3.62324
10.3094 -6.52329
11.3111 -2.02438
7.08938 -3.77285
11.3755 -2.59534
7.74766 -2.12743
11.8659 -3.85174
11.6759 -2.70635
7.7032 -2.29777
7.70894 -2.27681
11.3347 -5.91715
11.4421 -5.67747
9.29246 -7.76819
11.6465 -5.12752
9.50298 -8.39625
9.89919 -7.08334
11.7221 -2.83882
7.50477 -2.89961
11.0597 -6.4409
10.1287 -6.78193
9.45489 -8.4416
10.0348 -6.90871
10.7163 -5.84611
7.13133 -3.69836
11.7574 -4.71948
11.0831 -1.73653
9.927 -7.07596
7.19254 -3.58543
7.44852 -3.04048
10.781 -6.88843
11.3627 -2.53146
10.6299 -1.30941
10.9586 -6.61082
9.38033 -7.67744
11.6505 -2.64081
7.26107 -3.45208
10.9514 -5.36325
11.2331 -6.12316
8.77797 -9.01911
11.4362 -3.32595
8.5684 -8.4319
11.4173 -2.88209
11.037 -5.1599
11.2466 -2.11691
10.0093 -7.87673
11.5626 -5.37401
11.4367 -3.26263
11.7317 -2.86995
10.9928 -6.55463
10.744 -6.94322
7.7581 -2.08439
11.4345 -3.13573
10.8536 -6.778
11.609 -2.54304
10.7311 -1.39321
11.3266 -4.23533
6.9067 -4.11992
9.57311 -7.46901
9.23508 -8.64113
10.9204 -1.45336
11.7714 -4.65598
9.18533 -8.6846
7.52029 -2.85895
7.02492 -3.88266
9.28452 -8.59732
11.2334 -4.5954
11.0716 -5.07219
11.4801 -5.58729
10.5136 -7.26505
10.0727 -6.85806
9.62149 -8.28173
8.80605 -8.99475
11.403 -5.76832
11.853 -4.11164
10.9256 -5.42097
11.6164 -5.22022
10.8007 -1.45521
9.06008 -8.79143
11.8386 -3.36294
7.39784 -3.16019
9.35778 -8.53128
8.95832 -8.87557
11.05 -1.67328
10.6406 -5.98457
11.3338 -4.19916
11.8183 -3.23093
9.35814 -7.7006
6.98062 -3.95538
10.0317 -7.85179
9.69754 -7.32712
8.54877 -8.44658
6.9354 -4.0274
9.78418 -8.11776
9.02225 -8.03218
7.73813 -2.17126
11.7103 -4.90906
10.4133 -7.39593
7.31393 -3.33313
11.1629 -1.83229
10.768 -1.23529
8.97608 -8.07516
7.58674 -2.67457
10.5836 -1.27022
11.2888 -2.2445
11.4337 -3.42032
10.7066 -6.99771
11.2027 -6.18158
9.73859 -7.27893
10.6499 -7.07852
11.764 -4.68432
10.9785 -1.54715
11.7425 -4.78282
8.83587 -8.20214
11.8322 -4.30445
6.94695 -4.0092
11.5468 -2.41248
7.40644 -3.13992
7.01377 -3.90117
11.8363 -4.27271
10.2893 -7.55094
11.4193 -3.64025
11.2147 -1.89615
11.4361 -3.19922
10.3622 -6.44352
6.9908 -3.93656
9.06813 -7.98888
11.8278 -4.3371
11.1158 -4.92935
11.422 -3.6093
10.8315 -5.6208
11.3626 -5.85762
11.0742 -6.42437
9.8065 -8.09509
11.0486 -5.131
7.49703 -2.91958
9.85957 -7.13268
11.8644 -3.91687
11.5736 -5.34371
6.91247 -4.06316
11.3335 -2.05622
11.2112 -2.02181
11.3761 -5.8282
11.8663 -3.78652
7.22219 -3.52869
7.66679 -2.42472
11.8593 -3.64212
10.2203 -6.65339
10.6713 -5.92921
9.87552 -8.02206
11.1158 -4.95396
7.54297 -2.798
11.406 -2.76006
9.13607 -7.92364
11.4333 -3.10443
7.67921 -2.38253
9.64469 -8.25883
11.137 -4.89453
10.7657 -1.42371
10.6114 -7.1323
10.9201 -5.4222
11.4017 -2.75451
11.6878 -2.73866
6.90107 -4.08068
10.9973 -1.57909
10.8035 -5.67749
11.4347 -3.38919
11.3772 -2.12075
9.9428 -7.94977
11.1294 -1.83112
11.387 -2.65925
7.41489 -3.12034
11.7922 -3.09948
6.85428 -4.15144
7.46495 -3.00033
10.2047 -7.65273
10.8965 -1.41671
11.1348 -5.31813
10.3273 -6.4964
7.55054 -2.77721
10.3446 -6.47038
10.7458 -5.79016
10.6587 -1.33154
11.866 -3.75435
9.95767 -7.00914
9.09063 -7.96743
9.63571 -7.39838
8.94463 -8.10695
11.4318 -3.07218
7.3537 -3.25836
11.1583 -1.89461
8.72573 -9.05941
10.7978 -6.86729
10.9766 -5.3053
9.48809 -7.56257
11.7849 -3.06706
10.0757 -7.80232
11.7906 -4.5609
11.2875 -1.99186
11.2062 -4.68546
11.1443 -1.86332
11.4061 -3.76558
11.8456 -4.16881
7.43183 -3.08048
