-1.08432 -2.56836
-0.330662 -2.92701
0.449982 -3.63253
-0.879569 -3.26205
1.93211 -6.95124
0.900885 -11.0756
1.96897 -5.86854
0.312685 -3.61788
1.55743 -10.6208
1.8144 -5.88578
0.270515 -3.61233
0.0063652 -3.0176
-0.296534 -2.93798
0.16745 -6.84501
1.61782 -11.1459
-1.90383 -5.03575
1.03105 -11.0918
0.469858 -5.8622
1.68808 -6.9633
-1.36988 -2.97849
1.29679 -3.60744
-2.00602 -4.97384
0.010148 -5.78368
3.11817 -6.76446
2.93965 -6.80671
4.29121 -10.9989
0.138546 -3.0426
0.969451 -3.64101
-1.25619 -3.05284
2.58557 -10.6375
-0.711865 -2.77495
2.92832 -10.6209
-0.96401 -5.49356
-0.883658 -5.52418
1.54552 -6.96633
-0.716285 -3.33676
4.62248 -10.3689
4.45186 -10.9687
2.79802 -5.70116
-0.777675 -6.60123
1.52179 -5.90679
1.89135 -6.95404
-1.91833 -5.02713
3.48724 -10.5695
3.25612 -6.7282
3.08364 -10.6097
-0.579299 -3.3926
2.24234 -5.82756
1.02061 -5.90899
-0.80313 -3.29816
0.792771 -6.93385
-1.24717 -3.0585
2.4357 -11.17
1.37049 -10.6071
-1.1917 -6.44009
0.884777 -3.64473
0.682917 -3.64554
-0.427319 -6.7074
-1.60523 -2.80569
3.23671 -6.73349
1.15854 -5.91268
3.35479 -5.51192
-0.387989 -6.71813
-0.0741181 -5.76533
2.22493 -5.8306
3.07905 -5.61391
0.0142087 -10.4093
-0.886276 -2.68599
1.1283 -3.62856
-0.0218441 -3.56027
3.49118 -6.66397
2.53919 -6.88353
-1.23037 -2.46907
0.426629 -5.84689
0.781914 -10.5426
1.84885 -5.88231
-0.47509 -5.66084
-0.170881 -6.7732
0.958988 -3.64157
-1.01675 -2.6106
-0.851297 -5.53615
4.96313 -10.8557
4.65332 -10.3615
-2.33469 -5.87857
-1.68555 -2.74022
0.102879 -3.58541
-1.30997 -6.4024
-0.219416 -2.96126
-0.581636 -2.83317
2.00331 -5.86414
0.796196 -5.89611
-1.22052 -3.07503
-2.61722 -4.54454
0.0946755 -5.80084
-2.40323 -5.83613
3.05685 -11.1482
1.0119 -3.63838
2.07426 -6.94017
4.77123 -10.9014
-0.503649 -2.93358
-1.89616 -6.12714
1.90022 -5.87673
-0.940483 -2.65562
1.78976 -6.95933
0.706973 -11.0488
-2.42886 -4.68836
0.388399 -6.88285
4.53161 -10.3898
2.34801 -5.80698
1.09719 -6.95676
-1.86024 -6.14581
1.45252 -5.90977
4.61204 -10.9361
0.576963 -3.64148
0.147693 -6.84128
-0.96949 -6.53492
1.06045 -10.5772
-2.24859 -4.81609
-0.687733 -2.78625
2.63111 -5.74539
4.8356 -10.8864
2.37796 -5.80214
-1.75235 -6.20045
1.68327 -11.15
-0.465565 -2.87949
0.253613 -3.05967
0.843831 -10.5509
1.77534 -10.6326
0.218053 -3.60474
-1.16538 -2.51465
1.94436 -11.1627
0.799726 -3.64645
-2.28321 -5.90978
-1.09394 -3.14963
4.48447 -10.4032
-2.25215 -5.96147
0.89413 -6.94295
-2.57186 -5.72732
-0.888924 -3.25749
0.197038 -3.60149
2.4961 -5.77723
1.34869 -5.91248
-0.460168 -3.4363
-1.37866 -2.97252
-1.12125 -3.13407
3.54932 -6.6403
-0.789747 -2.73629
3.42518 -10.5767
-0.655243 -2.8011
-0.0723191 -2.99994
-0.925027 -2.66442
1.29702 -5.91315
-1.53937 -2.85677
3.31842 -11.1284
2.80364 -10.6282
0.32403 -3.61641
1.48697 -11.1365
0.995612 -6.95059
1.38265 -6.96417
-0.408725 -6.71418
-1.41347 -2.73003
-0.726144 -3.33251
-1.38394 -2.35164
-0.783889 -2.73979
0.51328 -3.63754
0.914172 -6.9446
-0.915946 -5.51203
-2.26285 -4.80632
2.51342 -5.7733
0.348084 -6.87647
1.41792 -5.91088
-1.06938 -2.5779
-0.0287231 -3.00998
-1.27106 -3.03911
2.23894 -11.1697
-0.936052 -3.23406
-0.753797 -5.57102
2.73029 -11.164
1.39108 -3.59198
-2.30023 -5.89953
1.181 -3.62284
-1.32211 -2.40065
0.332794 -5.84257
-0.0528047 -3.55335
-1.96767 -6.08922
-1.31784 -3.01322
-0.0111887 -3.01384
1.12257 -10.5839
3.27032 -10.593
-1.07697 -2.57307
-2.49676 -4.63779
1.22778 -5.91332
-2.09145 -6.02122
-0.191007 -6.76839
2.02358 -10.6408
3.97343 -11.0486
1.97284 -6.94838
0.0854904 -3.03326
3.20932 -5.56781
-0.253823 -2.95114
4.89477 -10.3007
0.260351 -10.4579
0.524043 -3.63829
2.14918 -10.6426
2.64767 -5.74125
-0.767938 -2.74776
-1.34742 -6.38663
0.107627 -6.83354
-2.43731 -5.81465
2.44577 -5.78814
-0.720146 -2.77104
-0.685771 -5.59356
2.09489 -6.93833
-1.78526 -5.10437
-0.44052 -2.88882
1.72888 -6.96189
-2.68807 -5.64857
0.316362 -3.06705
0.428801 -3.63061
1.03765 -5.90962
0.20051 -3.05233
0.165003 -3.04691
2.50129 -11.1694
1.3621 -6.96591
2.66469 -5.73694
4.37946 -10.423
-0.647208 -2.8047
-0.27264 -3.505
2.98029 -5.64644
-1.84475 -5.07037
-0.217324 -3.51196
-0.432569 -3.45039
-0.590451 -5.62541
0.936342 -10.5627
5.09027 -10.8234
-1.20159 -2.48954
-1.12193 -6.47797
1.13797 -6.95883
-0.16618 -3.52567
1.11756 -3.62963
0.836005 -11.067
2.12301 -5.84712
3.61121 -10.5539
1.25468 -3.6135
1.32128 -6.96515
0.179447 -5.81682
1.27946 -5.91327
2.681 -6.82714
-2.17892 -5.97132
0.147274 -3.04405
2.81493 -5.69637
-0.410115 -3.45335
2.697 -11.1651
4.38747 -10.9811
0.120842 -3.03959
1.08213 -5.9127
0.182749 -3.04967
-0.500857 -3.11585
-0.292254 -5.71205
0.670975 -6.92096
1.95278 -6.94982
-0.228512 -10.3553
-0.912264 -6.55532
-0.751941 -2.75565
2.79583 -11.1616
0.173978 -3.04827
3.49869 -5.45187
-0.727977 -2.76727
0.307119 -3.06613
0.725444 -3.64631
-2.14962 -4.88234
-0.389941 -2.90695
-0.85485 -6.57524
0.555493 -5.87284
1.91204 -6.95256
-0.0941903 -3.54367
4.13012 -11.0266
-1.15788 -2.51968
-1.36311 -5.32702
4.4944 -10.9553
-0.64808 -3.36533
-1.26521 -5.3674
-1.69551 -5.15404
-0.107842 -10.383
-0.0548461 -3.00404
0.675725 -5.88569
-1.02815 -5.46822
0.641274 -5.88225
-2.06649 -4.93662
0.418021 -3.62971
2.3991 -10.6419
-1.93197 -6.10827
-0.746276 -3.325
3.20813 -10.599
-0.349543 -3.47296
-1.13943 -5.42232
-0.945601 -3.22921
-1.81506 -5.08745
2.17406 -5.83907
1.42231 -3.58628
-0.480178 -3.42927
-1.32784 -5.33884
2.54718 -5.76557
-0.926765 -3.23874
1.40293 -6.96642
0.916501 -3.64357
-2.03872 -6.05055
-0.175163 -5.7417
-0.237785 -3.50626
-1.54696 -2.84978
-1.02444 -2.60591
3.89522 -6.51681
3.22582 -5.56171
-0.236634 -2.95625
3.15774 -6.75439
1.20211 -3.62033
0.16675 -10.4403
-1.5514 -6.2965
-0.994054 -2.62428
0.738941 -11.0534
-2.64369 -4.52342
2.07548 -11.1667
1.02236 -3.63761
-0.523839 -2.85688
2.21612 -6.9265
2.99139 -11.1521
-0.457686 -2.88254
2.59747 -5.75364
-1.32912 -6.39461
-2.00325 -6.06998
3.01328 -5.63581
0.333793 -3.62047
-0.230604 -6.75868
3.33891 -5.51825
2.61977 -6.86956
-1.13946 -3.12353
-0.988899 -6.52788
-1.42155 -2.94282
2.71473 -5.72392
0.133691 -5.80341
1.46956 -5.90915
-2.42004 -5.82557
3.64172 -10.5499
-0.17637 -2.97335
2.91415 -5.66708
0.610464 -6.91377
2.69823 -5.72827
-0.973613 -3.21481
1.74546 -5.89211
-1.51448 -6.31335
2.89976 -6.81544
-1.40314 -6.36273
1.24515 -5.91328
4.25702 -10.4479
3.64363 -11.0951
-0.107128 -2.99144
-2.5639 -4.58638
-0.423696 -2.89495
5.02675 -10.8397
-1.63526 -5.18643
0.812793 -6.93576
-0.151321 -6.77781
2.99065 -10.6167
-2.52378 -4.61726
-1.77055 -5.11265
-1.73392 -6.20956
-0.490526 -2.86996
-0.500088 -3.42204
1.35649 -11.1255
3.25308 -11.134
-0.659213 -2.79829
3.43488 -5.47908
0.136564 -10.4343
-0.207232 -3.51472
-1.83513 -5.07717
1.62489 -5.90118
-0.565138 -2.84007
0.196728 -5.81992
1.33981 -10.6045
-0.167843 -2.97567
-1.5132 -5.24942
1.22663 -11.1132
1.40139 -3.59013
1.26036 -6.96359
-1.10267 -6.48537
3.83767 -6.53891
-2.48795 -5.78226
0.545607 -6.91721
-1.97689 -4.99175
-0.319279 -3.48234
-1.59692 -2.81223
1.0567 -6.95344
1.99345 -10.64
-1.04588 -6.50685
-1.15505 -5.41567
2.47899 -6.89214
-0.248156 -3.50334
-1.68043 -5.16227
-1.42114 -5.29476
3.19726 -6.74406
0.307806 -6.86987
4.54785 -10.9495
0.536096 -5.87098
0.606844 -5.87862
-1.65355 -2.76671
2.53006 -5.76952
-1.05714 -3.17014
4.10402 -10.4769
3.41314 -6.68298
0.954886 -6.9477
-0.738968 -6.6139
-0.818866 -5.54795
3.45106 -5.47228
-2.60412 -4.5549
0.589909 -6.91121
1.42304 -6.96658
1.76967 -6.96023
-0.382607 -2.90586
-0.870642 -2.6945
2.8976 -10.6228
0.0676074 -6.82557
-0.623344 -5.61486
-1.6617 -2.76002
-0.964372 -3.21957
-0.466584 -6.69644
-1.32896 -2.39534
2.01354 -6.94527
-0.368591 -6.72335
0.52112 -5.86872
1.79806 -5.88708
-2.6164 -4.54108
-1.17111 -5.40879
-0.899575 -5.51821
-0.524482 -5.64597
-1.47747 -6.33001
3.16066 -5.58546
-2.6386 -5.68247
1.67641 -5.89762
-2.58884 -5.716
-1.19446 -2.49454
-0.705059 -5.58777
2.3674 -10.6423
2.07354 -5.85392
1.65943 -5.89884
4.59251 -10.3759
2.37012 -11.1703
-2.02074 -6.06043
-1.03189 -2.60133
-1.38477 -6.37067
1.17876 -6.96065
2.36122 -5.80546
1.28047 -6.96416
-0.541382 -5.64081
1.83054 -6.95732
0.319735 -10.4691
0.778458 -3.64657
-1.28004 -2.43263
-0.186562 -2.97087
0.672439 -3.64529
-0.210539 -6.76367
-1.53117 -2.86297
-1.02952 -3.1852
2.30453 -11.1702
2.27221 -11.17
-2.31773 -5.88892
3.32254 -5.52472
-1.21825 -5.38828
-0.35902 -5.69405
-1.74061 -5.12935
-0.176423 -3.52258
0.448646 -6.89194
-0.963457 -2.64235
-0.00755506 -5.78005
1.30117 -6.96469
0.534499 -3.63898
-0.323 -2.92968
0.24485 -3.05852
-1.45163 -5.27984
0.0276353 -6.81738
4.95512 -10.2845
-1.41158 -2.94752
-1.25169 -2.4536
-2.07312 -6.02997
-0.539664 -3.40763
1.10687 -5.91168
4.80451 -10.3242
0.95143 -5.90592
-0.86054 -3.27123
1.65005 -11.148
-1.66959 -2.7535
1.34915 -3.59919
-1.75537 -5.12114
0.608673 -3.64302
1.77994 -5.88905
3.4159 -11.1195
4.74019 -10.9082
0.267566 -6.86304
0.0299901 -3.57125
-1.37035 -2.36264
-2.12103 -4.90099
-0.270981 -2.94593
3.4324 -6.67714
-1.37709 -2.35721
-0.955887 -2.64675
0.867397 -6.96321
3.17676 -5.57967
2.52188 -10.6396
-0.329278 -3.47927
3.7036 -10.5413
-0.381587 -2.90985
-0.406836 -2.901
1.03312 -3.63688
-1.20892 -2.48437
2.29725 -6.91677
0.874354 -10.5549
1.3894 -11.1285
2.03451 -6.93583
-0.755072 -3.31984
-0.399894 -3.45673
1.04356 -3.63609
-2.03504 -4.95578
0.852736 -3.64559
3.57977 -10.558
-2.1069 -4.91012
0.344199 -3.6217
-0.420025 -3.45003
0.357634 -3.07621
1.28611 -3.60903
-0.288108 -2.94063
-0.831454 -2.71536
3.48115 -11.113
-0.802937 -5.55369
-0.392315 -5.68477
0.369532 -3.07249
-1.13154 -5.43494
3.1877 -11.1391
-0.408709 -5.68013
1.37012 -3.59565
0.627798 -10.5203
1.07226 -5.91075
-0.996118 -5.48098
4.1343 -10.4713
4.80413 -10.8937
-0.639526 -5.60959
-1.25391 -6.42555
4.86799 -10.8787
-0.225279 -5.7293
0.882293 -5.90205
1.12831 -11.1029
-0.812854 -3.29365
-0.556995 -2.84344
-0.258792 -5.72077
4.07282 -10.4825
0.367016 -5.84777
-0.111635 -3.55616
-0.259508 -10.3482
2.59994 -6.87293
0.11349 -3.58734
0.333777 -3.069
-1.57244 -2.83139
-2.73771 -5.61396
1.42099 -6.59253
-0.145607 -3.53096
1.19353 -11.1099
0.228071 -10.4521
-2.45406 -5.804
-2.24857 -5.93048
-0.573513 -2.83658
-0.882199 -6.54512
-1.60632 -6.27097
0.651179 -3.64465
1.52546 -10.6187
1.86581 -5.88052
2.08825 -11.1744
0.968634 -5.90672
2.76005 -6.844
-2.16402 -4.87285
0.428752 -6.889
-0.320206 -10.3336
-1.54385 -5.23392
-1.18669 -5.40206
-2.27667 -4.7968
2.8646 -5.68196
3.81882 -6.546
-2.62193 -5.69335
0.0327298 -3.02302
3.1459 -10.6045
0.0502154 -3.02654
2.61725 -10.6365
1.1761 -5.91292
-2.62332 -4.68605
0.757093 -3.64704
0.350919 -10.4747
-0.193661 -2.96857
2.96402 -5.65161
-1.56955 -6.28812
-2.36023 -4.73809
3.85707 -6.53152
2.45909 -6.89508
-1.29657 -5.35321
3.51331 -10.567
-1.49806 -5.257
1.45349 -3.58029
0.1238 -3.5892
4.35572 -10.9871
-1.17847 -6.45587
0.144743 -3.59286
0.731713 -6.92711
2.0867 -10.6418
1.05775 -11.0969
3.4668 -5.4656
1.35949 -3.5973
-0.529873 -3.41127
-0.672325 -5.59877
1.55577 -5.90524
2.27728 -6.91917
1.57438 -11.1467
-0.258211 -3.50045
-2.14392 -5.99148
2.88009 -6.81965
-1.22933 -3.0696
0.693701 -3.64579
-0.0373491 -3.00804
0.247628 -5.82876
3.83879 -11.0703
2.89363 -11.1573
-1.52876 -5.24158
0.271443 -3.06193
3.77379 -11.079
2.10565 -5.84974
4.31828 -10.4357
2.76431 -5.71064
0.569962 -6.90866
-2.38745 -4.71093
-2.16169 -5.98127
-1.08395 -6.49251
1.27574 -3.61054
0.023941 -3.02126
-0.667668 -3.35728
3.93571 -11.0567
-0.115766 -2.98929
-0.89396 -2.68176
0.0716925 -3.57953
-1.39592 -2.96066
-0.907872 -3.24817
-0.916253 -2.66907
-0.760063 -2.75166
5.01536 -10.2679
3.3506 -11.1256
-1.45919 -6.33814
-0.137859 -10.3763
0.934828 -6.94619
3.17737 -6.75187
1.46407 -3.57818
3.01926 -6.78852
-2.47128 -5.793
-1.77022 -6.19155
-1.07557 -3.15993
-0.313614 -2.93254
-2.02033 -4.96496
-0.0468559 -10.3963
-1.09921 -2.55875
-2.55534 -5.73826
0.354917 -3.62294
4.16199 -11.0213
-0.770329 -5.56523
0.298602 -5.83718
-0.898953 -3.25325
2.41189 -5.79524
-2.46961 -4.65818
3.76543 -10.5324
2.76258 -11.1629
0.873993 -3.64506
-1.14061 -6.47072
0.289275 -3.06408
3.0246 -11.1502
0.842257 -3.64584
-2.67177 -5.6598
1.03635 -6.95324
-0.695709 -2.78254
0.460422 -3.63344
-0.156048 -3.52829
1.38045 -3.59386
-2.78656 -5.5793
1.6198 -10.6246
-0.159052 -2.97804
0.291592 -3.61516
-1.58886 -2.81857
-1.51449 -2.8755
1.21955 -6.96224
4.323 -10.9931
0.948213 -3.64213
1.80612 -10.6339
-1.03865 -3.18025
3.85763 -10.5185
3.09865 -6.76934
2.86596 -10.6248
2.32723 -5.81205
-1.29149 -6.41009
2.49136 -10.7789
2.55966 -6.87958
1.43278 -10.612
4.40957 -10.4166
0.744684 -5.89195
3.24182 -5.55573
2.14105 -11.1682
3.79608 -10.5279
-0.490021 -3.42576
3.68456 -6.59464
-1.52272 -2.86934
3.11523 -10.6071
-1.62947 -2.78628
1.38331 -5.91179
1.43496 -5.91036
-1.43863 -2.93075
0.587366 -3.64226
3.37399 -6.69465
-1.40542 -5.30232
0.432062 -3.07758
1.25352 -10.5957
2.08878 -5.85225
-0.7067 -3.34087
-1.02734 -6.51421
2.25671 -6.92158
0.162673 -5.81375
-2.85154 -5.53231
3.0462 -5.62496
1.22322 -3.61768
-1.44702 -2.92477
-0.431989 -2.89194
0.812417 -10.5467
2.78159 -5.70576
-1.01191 -5.47472
-0.661332 -6.6386
-1.38717 -2.96669
0.481619 -3.63518
0.809461 -5.89796
-1.24467 -2.45872
1.74898 -6.9611
2.77284 -10.6298
-2.37386 -4.72833
-0.369771 -3.46653
-0.599049 -3.38492
0.239086 -3.60788
-1.18711 -2.49967
-1.30104 -2.41679
3.29548 -6.71726
-0.124927 -5.75367
0.754445 -10.5382
-1.13607 -2.53447
-1.27244 -6.41796
1.31781 -3.60423
-2.70481 -5.63696
1.16139 -11.1065
3.51042 -6.65283
3.56222 -5.42381
4.56161 -10.383
0.746712 -3.64651
1.60645 -6.96539
-1.58822 -6.27945
-0.298959 -3.48849
1.27757 -10.5991
2.39817 -6.9037
0.720047 -10.5339
-0.873827 -6.56873
-0.00106896 -3.56477
-0.564171 -6.66819
3.54637 -11.1061
-1.94766 -5.00951
-1.01542 -2.61899
-0.598093 -2.82619
-2.81912 -5.55589
1.75801 -10.6297
-0.559503 -3.40017
1.07711 -6.95566
-1.2659 -2.44315
-1.45564 -2.9186
3.41905 -5.4857
1.69395 -5.89629
-0.841456 -3.28031
3.54925 -10.5619
2.39517 -5.79867
4.51618 -10.956
0.0607349 -5.7941
-0.342104 -5.69868
-0.508194 -5.65092
-0.793657 -3.3025
3.52959 -6.64669
-0.815647 -2.72359
-1.716 -6.21837
2.20663 -11.1693
2.43859 -6.89805
2.37824 -6.90641
-1.062 -2.58257
0.650996 -6.91864
-2.36903 -5.85744
-0.186722 -3.52025
-1.5997 -5.20751
3.17009 -5.57415
-2.72103 -5.62564
3.48299 -5.45866
1.57331 -5.90429
-0.198725 -10.3624
0.405326 -3.07556
1.00306 -5.90829
0.207583 -6.85241
3.60723 -6.62115
0.752147 -6.92978
-0.549734 -3.40386
0.0753494 -10.422
3.70356 -6.58796
-2.34618 -4.74811
-0.642163 -6.64456
-1.08463 -3.15487
-0.27605 -5.71636
1.71553 -11.1519
-1.49773 -2.88794
3.87588 -6.5243
0.186692 -3.59985
-1.3354 -3.00173
3.54396 -5.43272
1.40034 -5.91137
-0.901859 -2.67739
0.76798 -3.64658
0.975545 -6.9492
3.74065 -11.0833
0.127361 -6.83738
-1.00927 -2.61513
-1.4044 -2.95479
-0.15051 -2.98031
-0.799792 -2.73173
5.18489 -10.7983
2.62159 -5.74567
1.83138 -5.88409
-1.11404 -2.54907
0.249432 -3.60944
2.27414 -10.643
-2.52171 -5.76034
-1.8425 -6.15495
-0.168747 -10.3693
4.04252 -10.4878
-0.62258 -2.8156
1.21536 -10.5932
-1.2589 -2.44831
3.64594 -6.60802
-1.31503 -2.4061
-0.509969 -3.41857
-0.950622 -6.5417
2.83523 -10.6265
0.4182 -5.85517
0.442775 -10.4906
5.01527 -10.8324
-1.64562 -2.77319
-1.71057 -5.14589
-0.638412 -3.36925
1.4216 -11.1312
-1.17571 -3.10217
3.5305 -5.43794
0.351649 -3.0708
2.66474 -11.166
1.71293 -10.6297
-0.786366 -5.55957
5.05807 -10.8317
-1.80642 -6.17334
-1.34393 -2.99596
-0.210922 -2.9637
0.289462 -10.4636
-1.91438 -6.11763
-0.796717 -6.59491
4.06538 -11.037
-0.657991 -3.36121
3.06239 -5.61954
-0.0809187 -2.99788
3.33477 -6.70608
0.145434 -5.81055
-1.33939 -2.38818
4.77449 -10.3317
0.262662 -3.06083
2.89498 -5.66885
-2.89967 -5.49682
-2.20646 -4.84462
3.61154 -11.0988
0.820992 -3.64621
-0.590649 -3.39063
-0.0112921 -3.5618
3.98095 -10.4984
2.59917 -11.1676
-2.17809 -4.86355
-0.65617 -5.60412
0.990681 -3.63976
-2.05615 -6.04092
1.25878 -11.1164
0.0508291 -3.57545
-1.16654 -3.10762
-1.29413 -2.42204
0.545268 -3.63966
1.95149 -5.87072
-1.24973 -5.37434
3.28527 -11.1313
0.534677 -10.5058
3.36309 -10.5835
2.02021 -5.86189
3.28904 -5.53814
2.97948 -6.79774
0.423235 -3.07694
3.30106 -10.59
0.227051 -3.05612
-0.869922 -3.26672
1.09105 -10.5805
0.629924 -3.6439
0.225485 -3.05827
2.33662 -10.6426
1.06476 -3.6344
4.16545 -10.4655
-1.47262 -2.90639
-2.45619 -4.66817
1.15319 -10.587
-0.854957 -2.70293
-2.59062 -4.56552
0.128655 -5.80739
-0.0198289 -3.01195
-0.0646483 -10.3995
1.71096 -5.89496
-1.87434 -5.05313
1.62716 -6.96495
-0.364657 -2.91566
-0.227708 -3.50908
-2.40142 -4.70841
0.555727 -3.64029
-0.0840138 -3.54612
-0.561533 -6.62581
-2.71915 -4.99484
-0.954861 -3.22448
-2.12663 -6.00134
-0.0521616 -6.80032
0.933884 -11.0799
4.58042 -10.9428
2.1184 -10.6422
-0.146924 -5.74589
-0.971265 -2.63779
-1.03896 -2.59681
-1.21623 -6.44081
-0.0933286 -6.79436
1.19316 -5.91311
0.596472 -10.5155
0.225071 -6.86169
-0.20875 -5.73344
-0.325663 -5.70314
0.281205 -3.61378
-2.13555 -4.89154
0.86527 -5.90098
2.71044 -10.6328
0.407631 -3.62857
0.566066 -10.5108
-0.482297 -2.87313
4.74392 -10.3394
0.191498 -3.051
0.0591557 -3.02828
1.31408 -5.91298
1.23361 -3.61633
-0.681053 -6.63242
-1.23839 -3.06398
1.93099 -10.6383
-1.10766 -5.43567
-0.228155 -2.95873
-0.82232 -3.28929
1.98589 -5.8664
-0.375434 -5.6895
-1.35662 -2.3736
0.504391 -10.5009
-0.0983551 -2.99363
4.22664 -11.0103
-2.38782 -4.71826
-1.30815 -2.41138
1.05432 -3.63525
2.51934 -6.88598
-1.55594 -2.84412
0.263425 -5.83165
2.71994 -6.8516
-0.687208 -3.34913
0.789248 -3.64652
0.247759 -6.85958
-0.491407 -5.65598
-0.0633134 -3.55094
2.74819 -5.71495
3.12797 -5.59703
0.853451 -6.93947
-0.972533 -3.19887
-1.0201 -3.19026
-2.51652 -5.78131
1.30715 -3.60588
-2.88367 -5.50846
-0.515638 -2.86014
2.92 -6.81104
1.83777 -10.6352
3.66495 -6.60123
-0.77439 -3.31122
-0.744043 -2.75951
-0.0735117 -3.54857
-0.0319383 -6.80473
-1.64298 -6.25363
-1.87848 -6.13636
0.00917646 -3.56693
2.41868 -6.90087
4.00058 -11.047
4.28759 -10.4418
-1.32647 -3.00754
-2.30464 -4.77737
1.32407 -11.1226
-1.57442 -5.21825
0.847739 -5.89982
-0.250141 -6.75392
3.47145 -6.66511
1.50415 -5.90774
2.21166 -10.6429
-0.569553 -3.39635
4.00277 -10.4961
-0.638933 -2.80839
1.46387 -6.96674
-0.373011 -2.91281
2.30495 -10.6428
3.56845 -6.63404
0.087376 -6.82939
1.84654 -11.1586
2.46802 -11.1697
2.70016 -6.85529
-0.992308 -3.20503
-1.20259 -3.08599
-0.700187 -6.62636
0.396223 -3.07482
-1.49304 -6.31757
-0.67151 -2.79372
0.772158 -6.93181
4.09728 -11.0319
-0.0897677 -2.99574
-1.67726 -2.74649
-1.93311 -5.01825
-0.603202 -6.65648
-1.26493 -3.04732
3.27426 -5.54345
-1.06014 -5.45529
3.58814 -6.62753
2.8978 -5.67205
-1.04827 -3.17536
-1.28113 -5.36022
-1.17995 -2.50463
2.17334 -11.1688
-2.6053 -5.70498
2.27642 -5.82149
-1.36339 -2.36821
-2.07815 -4.92855
0.28177 -5.83445
3.57848 -11.1026
-2.75387 -5.60256
-1.15076 -2.5246
0.916856 -5.90409
-0.931829 -5.50597
3.39329 -6.68894
4.25821 -11.0049
-2.19666 -5.96105
3.82721 -10.5232
0.176044 -3.59812
3.80582 -11.0748
1.97762 -11.1639
-0.308975 -3.48548
-0.614508 -2.81911
1.58634 -6.96576
-2.51114 -4.62707
0.863519 -3.64535
0.986014 -5.90756
1.14148 -5.9124
4.865 -10.3085
0.129562 -3.04109
-0.289684 -6.74395
2.33776 -6.91171
2.82812 -11.1603
0.868851 -11.0714
0.0442742 -10.4156
-0.347676 -2.92138
2.11492 -6.93647
-0.329167 -6.73375
2.5336 -11.1689
-1.28264 -3.03604
0.0440279 -5.79071
0.727185 -5.89044
-1.62501 -6.26229
-0.0912348 -5.76146
1.64727 -6.96447
-0.107846 -5.75764
1.93461 -5.87274
1.87928 -11.1599
0.155623 -3.59324
1.74876 -11.1538
0.619454 -3.64348
-0.348597 -6.72865
0.401268 -5.85278
2.42908 -5.79166
-0.737727 -5.57659
-2.04929 -4.94683
0.365329 -3.62411
-2.4834 -4.64785
0.452449 -5.85988
-0.525072 -6.67969
-0.242288 -5.725
3.35409 -6.70037
2.64801 -10.6353
1.15986 -3.62523
0.965942 -11.0839
3.51329 -11.1096
0.58989 -5.87676
0.761682 -5.89337
2.13987 -5.84451
1.21251 -3.61904
0.502826 -3.6368
3.38696 -5.49891
3.78048 -6.56023
0.836566 -3.62219
-1.1846 -3.09685
-1.12034 -2.54857
3.07853 -6.7743
2.05451 -5.85717
-1.39013 -5.30962
4.95371 -10.2904
0.998375 -10.5701
-0.11484 -3.53866
2.92753 -11.1549
-2.77674 -5.59573
1.19141 -3.62154
0.0268341 -5.78717
1.8713 -6.95506
-0.00228597 -3.01576
-0.839223 -2.71128
4.68325 -10.3543
0.0819667 -3.58153
1.90022 -10.6374
0.642129 -11.039
-0.909519 -2.67313
-1.88889 -5.04459
2.47962 -5.78082
-1.30027 -3.02467
-0.278603 -3.49453
-0.441928 -5.67058
-1.35903 -5.32431
1.26488 -3.61559
-1.34282 -2.3845
-0.133151 -2.98485
0.342843 -3.06993
1.43261 -3.59114
-1.10297 -3.14452
-1.12881 -2.53931
4.47063 -10.4034
1.91207 -11.1614
-0.507202 -2.86347
-1.67954 -6.2361
2.35887 -6.89358
-0.628444 -3.37327
2.15555 -6.93251
-1.04697 -2.59199
3.80084 -6.56261
-1.4809 -2.9003
-1.43639 -5.28738
-0.0122876 -6.80896
1.0962 -3.63346
3.02888 -5.63088
-0.11158 -6.78701
3.21984 -11.1366
-1.0439 -5.46187
0.376054 -3.62529
-1.30893 -3.01904
-1.07582 -5.44886
-0.735704 -3.32835
2.13553 -6.93449
4.83433 -10.3165
-1.0919 -2.56349
-0.305204 -2.93523
-0.783889 -3.30693
0.469141 -6.89491
2.85983 -6.82524
-0.557497 -5.63578
0.66441 -3.63383
-1.46727 -5.27227
-1.12509 -3.12355
3.30662 -5.53095
-0.946524 -5.49996
-0.847263 -2.70704
-1.58054 -2.82508
1.0962 -11.0993
5.15369 -10.8067
-2.33249 -4.7578
2.25913 -5.82459
2.2932 -5.81842
-0.485905 -6.69097
-0.82344 -2.71954
-0.0489646 -3.00602
0.381222 -10.48
-1.42203 -6.35451
3.03883 -6.78382
-1.01094 -3.19516
2.7928 -10.6209
2.93094 -5.66193
-0.590185 -2.8296
-2.35161 -5.86739
3.72311 -6.58101
-0.0717855 -6.79598
0.0925796 -3.5835
4.64458 -10.9292
0.658233 -10.5249
2.94724 -5.65687
2.49234 -10.6401
-2.23471 -4.82554
-2.57747 -4.57581
-0.630882 -2.81195
-0.618753 -3.37714
2.68122 -5.73269
3.19327 -5.57369
2.83134 -5.69166
-0.498991 -2.86668
-0.505783 -6.68527
1.35194 -5.9157
-0.0574845 -5.76905
0.529491 -6.90332
0.493676 -3.63049
-1.23004 -2.47118
2.05592 -10.6413
-1.27293 -2.43789
0.692793 -5.88729
2.00991 -11.1649
3.05898 -6.77905
0.209267 -3.05361
-2.29217 -4.78641
2.80011 -6.83613
-1.19386 -3.09146
-0.523999 -2.85489
3.2167 -6.73889
1.56562 -6.96617
1.65053 -10.6264
-1.31246 -5.34593
1.61495 -5.9084
-1.44035 -6.34647
0.711548 -6.92549
0.105499 -10.4281
0.598205 -3.64254
-1.61323 -2.7993
0.63043 -6.9162
-0.0236898 -5.77646
-2.21381 -5.95099
3.45111 -11.1147
0.937748 -3.64263
3.12229 -11.1438
1.13872 -3.6275
-0.816306 -6.58835
1.86176 -5.89501
2.40329 -11.1699
1.12391 -5.91206
3.02719 -5.77753
1.47435 -3.57611
0.111862 -3.03802
1.70883 -6.95867
1.02878 -10.5736
1.30824 -10.6018
3.74207 -6.57421
1.32816 -3.60259
1.10713 -3.63064
0.280488 -3.06303
0.165707 -3.59641
2.65999 -6.86255
-0.135459 -3.53353
0.315945 -5.83994
4.03252 -11.0421
4.1957 -10.4598
0.80387 -11.0626
0.830726 -5.89864
0.328235 -6.87325
-0.72031 -6.6208
4.89941 -10.8712
1.08595 -3.63258
0.435549 -5.85758
-1.8004 -5.0958
3.26763 -6.085
0.287977 -6.86653
0.414148 -3.07625
-0.448795 -2.88576
-0.356046 -2.91857
0.704178 -3.64599
0.260137 -3.61089
1.49509 -10.6166
-0.33946 -3.47591
0.067843 -3.02995
2.57951 -6.87633
2.74029 -6.84779
2.20821 -5.83342
2.23673 -6.92386
-0.948079 -2.65126
-0.835311 -6.58192
1.78103 -11.1555
-1.66554 -5.17028
-0.776034 -2.74373
-0.379723 -3.46333
0.103157 -3.03648
1.45476 -11.1339
0.926828 -3.64406
0.572434 -5.8748
-1.464 -2.91258
0.041538 -3.02482
-0.470032 -3.43285
-0.419474 -5.67569
-2.86746 -5.52064
1.58816 -10.6227
0.387424 -3.07408
2.95913 -11.1539
-1.20187 -5.39527
-1.78684 -6.18036
3.09522 -5.60839
3.88893 -10.5135
-1.11225 -3.13922
1.53874 -5.90612
3.3946 -10.5801
2.84012 -6.82801
1.59034 -5.90331
3.019 -10.615
3.33248 -10.5868
4.67616 -10.9224
-1.60489 -5.20242
-1.55938 -5.22598
1.81045 -6.95834
1.72846 -5.89354
5.12152 -10.8152
1.86854 -10.6363
-0.703911 -2.7787
-1.36133 -2.98428
2.19615 -6.92831
-2.83511 -5.54429
2.78038 -6.84004
1.44375 -6.96669
2.26966 -10.6389
0.714967 -3.64617
0.674069 -11.0439
0.489052 -6.89774
0.0888964 -3.0351
3.70873 -11.0872
-0.540436 -2.8502
-0.544897 -6.67385
0.21352 -5.82289
2.05423 -6.94192
3.05296 -10.6121
-1.15982 -6.46321
4.34843 -10.4295
-0.245325 -2.95367
0.408375 -6.88564
-0.389961 -3.46
1.11788 -6.95784
1.4432 -3.58229
0.324976 -3.06808
2.91089 -11.0451
1.50469 -6.96665
0.710196 -5.88892
-1.21601 -2.47934
-1.65019 -5.17849
-0.141528 -5.74976
0.0197323 -3.56914
2.56379 -5.76168
-1.14353 -2.52947
2.42988 -10.6414
3.87079 -11.0659
-0.0425925 -3.55567
-2.55069 -4.5966
-0.440117 -3.44322
-1.00773 -6.52099
-0.978782 -2.63336
0.486772 -5.8644
0.895249 -3.64438
3.91932 -10.5086
0.386473 -3.6264
1.23965 -6.96298
1.2624 -5.91334
0.439235 -3.63157
0.373105 -10.4934
1.55238 -11.1414
-1.15762 -3.1129
2.5548 -10.6385
