7.43243 1.94579
5.93903 4.28314
5.97191 2.87689
6.09919 4.10029
5.87825 3.05022
7.30252 2.24458
7.18091 2.49517
7.4134 1.99197
7.63967 1.36578
6.04031 3.83478
5.80211 3.18389
7.36434 2.10686
6.7389 3.25272
7.39402 2.0381
7.34414 2.15282
6.13414 4.05916
6.79607 3.16497
7.25948 2.33608
5.95149 2.9156
7.19245 2.47214
7.61762 1.43614
6.01204 2.79925
7.62514 1.41247
6.48213 3.61935
7.01094 2.81035
6.45034 3.66199
7.14602 2.56287
7.56335 1.59891
5.84607 3.10747
6.02857 4.18209
6.76765 3.2089
7.28118 2.29037
6.54399 3.53375
7.42282 1.96923
7.27053 2.3129
6.40235 3.72539
6.87934 3.03251
7.20385 2.44971
5.96188 2.89597
6.78167 3.18668
5.86599 4.36348
7.35417 2.13017
7.08603 2.67551
7.24866 2.35858
6.85191 3.07677
6.28598 3.87259
7.4783 1.83045
7.61023 1.45913
7.46016 1.87676
6.41824 3.7045
6.97242 2.87712
6.91962 2.96626
7.57933 1.55235
6.33691 3.80985
6.66581 3.36143
6.529 3.55546
7.44167 1.92302
7.52194 1.71481
6.00878 4.20216
5.86769 3.06913
7.32351 2.19873
6.25371 3.91432
6.23655 3.93547
5.99285 4.22275
6.82416 3.12092
5.9206 4.30358
6.5136 3.57658
6.56001 3.51249
7.04869 2.74336
7.58822 1.52846
5.9921 2.83811
6.95916 2.89977
7.4528 1.89913
6.08139 4.1211
6.91644 2.98679
7.37427 2.08417
6.06402 4.14127
6.72462 3.27426
6.5907 3.4694
5.88908 3.03072
7.03631 2.76549
5.92055 2.97324
7.22643 2.40418
7.63236 1.38947
7.51345 1.7377
6.86546 3.05498
5.89952 3.01177
6.15117 4.03884
5.98211 2.85731
7.12221 2.60812
7.5715 1.5753
6.63592 3.40484
6.36976 3.76769
7.59496 1.50576
7.53882 1.66835
5.82908 4.40341
7.48499 1.70504
7.09805 2.65329
5.97515 4.24272
6.35313 3.7891
7.07354 2.69837
7.5047 1.76124
6.2703 3.89374
5.94133 2.93464
6.11642 4.08005
7.49607 1.78409
5.79191 4.44316
6.62107 3.42618
5.90264 4.32339
6.49768 3.5983
6.21982 3.95598
7.06134 2.72054
6.75353 3.2305
7.55534 1.62184
5.91329 2.98832
7.16948 2.51753
6.89271 3.01067
7.11601 2.62939
6.99806 2.83245
6.18564 3.99749
6.98522 2.85511
7.15762 2.54054
6.30375 3.85187
7.4871 1.80762
5.84793 4.38318
6.03174 2.76033
6.69824 3.3378
6.9462 2.92174
5.81321 3.16471
6.69538 3.31791
6.38584 3.74687
6.6057 3.44812
7.29518 2.26648
5.8108 4.42302
5.95686 4.26324
5.82421 3.14572
6.65114 3.38283
6.83788 3.09919
7.33372 2.17612
