-3.85744 -8.80009
-1.42203 -6.35451
-5.1482 -8.42759
-0.561533 -6.62581
-5.65183 -7.98752
1.99345 -10.64
-4.82275 -8.68718
-3.73506 -9.43406
1.0567 -6.95344
-1.78684 -6.18036
-1.74369 -9.88608
1.57438 -11.1467
-5.2607 -7.72316
-6.17132 -7.47762
1.26036 -6.96359
-6.07812 -7.57076
-3.67633 -8.91586
0.569962 -6.90866
-0.289684 -6.74395
-3.40051 -9.63066
0.228071 -10.4521
1.03635 -6.95324
-6.34976 -6.60268
-6.17372 -6.80571
-0.681053 -6.63242
-2.20782 -10.2217
-6.9513 -6.57822
-1.91438 -6.11763
0.28177 -5.83445
0.0142087 -10.4093
-2.92707 -9.34671
0.868851 -11.0714
-1.15817 -10.0954
0.435549 -5.85758
-2.23576 -10.2088
-6.10573 -7.54549
-0.873827 -6.56873
-4.23743 -8.54132
-1.75048 -10.4049
-2.6817 -10.0064
-4.48821 -8.93568
-1.58822 -6.27945
-2.95485 -9.33204
-2.76269 -9.43153
-5.14728 -7.82359
-5.50534 -7.49716
0.0268341 -5.78717
-0.00755506 -5.78005
-1.48178 -9.98418
-2.05615 -6.04092
-3.28719 -9.69403
1.05775 -11.0969
-0.480581 -10.8099
-6.38662 -7.24707
-5.74482 -7.9007
-5.78476 -7.22214
-3.84527 -9.36609
-1.25391 -6.42555
-5.90474 -7.74699
0.247759 -6.85958
-0.741655 -10.2226
0.627798 -10.5203
-1.40314 -6.36273
-4.84501 -8.0787
-2.34375 -9.6329
-3.20214 -9.74056
-5.64286 -7.3658
-0.920601 -10.6877
-2.10403 -9.7281
0.287066 -10.9789
0.772158 -6.93181
0.812417 -10.5467
-5.69992 -7.30767
-1.6941 -10.4279
-3.00173 -9.85721
0.720047 -10.5339
-3.46555 -9.04467
-0.225225 -10.872
-6.68092 -6.76397
-4.69518 -8.78406
-4.03579 -9.2447
-3.54068 -9.55004
-0.00178255 -10.9216
-1.34742 -6.38663
-3.81821 -9.38294
0.416123 -11.0021
-5.23842 -7.74311
-4.6784 -8.21195
-4.48503 -8.36043
-1.04588 -6.50685
-6.14974 -7.50007
-5.97211 -7.68051
-3.0454 -9.28052
-6.06146 -7.5907
-2.54015 -9.54109
-2.1173 -9.73318
-3.80577 -8.83359
-0.738968 -6.6139
-5.04901 -8.50865
0.975545 -6.9492
-2.00325 -6.06998
-1.13902 -10.6203
0.287977 -6.86653
0.58989 -5.87676
-6.67586 -6.917
-5.95124 -7.04901
-0.745924 -10.7318
-5.90989 -7.09271
-1.06961 -10.1239
1.33981 -10.6045
-2.16169 -5.98127
-0.0521616 -6.80032
0.692793 -5.88729
0.298602 -5.83718
-0.988899 -6.52788
1.37049 -10.6071
-6.36874 -6.5802
-6.75466 -6.82179
0.315945 -5.83994
-1.93197 -6.10827
-2.90004 -9.36089
0.882293 -5.90205
-0.0741181 -5.76533
-1.39421 -10.0154
-0.170881 -6.7732
-2.65175 -9.4869
-5.74255 -7.26494
-1.68562 -9.90847
0.670975 -6.92096
0.609251 -11.0339
1.12831 -11.1029
1.55743 -10.6208
-1.36437 -10.0258
-2.40017 -9.60698
-1.01015 -10.1426
-1.51448 -6.31335
-1.64298 -6.25363
-2.74031 -9.97808
0.752147 -6.92978
-5.41561 -8.20006
-3.59712 -8.96497
-6.69574 -6.89338
1.28047 -6.96416
-4.79765 -8.70645
-4.1625 -8.59411
-4.01051 -8.6985
-1.32912 -6.39461
1.93099 -10.6383
-0.289007 -10.857
0.260351 -10.4579
-3.9342 -8.74958
0.995612 -6.95059
-0.700815 -10.7509
0.145434 -5.81055
0.0623769 -10.935
0.0940141 -10.9414
-5.05522 -7.90318
-3.08753 -9.80186
-2.51256 -9.55426
-2.53487 -10.0758
-5.54909 -7.45534
0.674069 -11.0439
-6.87387 -6.67607
0.738941 -11.0534
0.934828 -6.94619
-4.92406 -8.60832
-4.06308 -9.22683
-0.882199 -6.54512
-4.25085 -9.10155
-6.5119 -7.10711
-4.08722 -8.64628
-2.73461 -9.44568
-4.72324 -8.76382
-2.47568 -10.1031
-0.408725 -6.71418
0.010148 -5.78368
1.21955 -6.96224
-6.23707 -7.40857
-5.88264 -7.76871
-1.78529 -10.3933
-0.352698 -10.8416
-0.564171 -6.66819
-7.00833 -6.50476
-4.72639 -8.17409
-0.950622 -6.5417
-5.48699 -8.13701
0.900885 -11.0756
-6.73589 -6.84532
-6.44957 -7.1773
-0.525072 -6.67969
-0.447596 -10.818
-1.89616 -6.12714
0.914172 -6.9446
-0.912264 -6.55532
1.06045 -10.5772
-1.83012 -9.85208
-6.31104 -6.64817
-5.43923 -8.17931
0.469858 -5.8622
0.401268 -5.85278
-3.59658 -9.51719
-3.65228 -9.48406
-0.700187 -6.62636
0.847739 -5.89982
0.0607349 -5.7941
-2.07312 -6.02997
-0.681608 -10.2395
-3.98537 -8.71543
-0.603202 -6.65648
0.247628 -5.82876
-5.62877 -8.00878
-2.11813 -10.2597
-0.711535 -10.231
0.426629 -5.84689
-6.77575 -6.79708
-3.7539 -8.86683
-6.57428 -7.03578
-0.621463 -10.2561
0.486772 -5.8644
0.16675 -10.4403
-1.88785 -9.82892
0.4182 -5.85517
-2.91515 -9.89111
1.4216 -11.1312
-3.43939 -9.06022
-2.03115 -9.76982
-2.41634 -10.1301
0.761682 -5.89337
-0.230604 -6.75868
-3.76309 -9.41693
-2.84507 -9.38944
0.318898 -10.9847
-3.25321 -9.16839
-0.0933286 -6.79436
-0.250141 -6.75392
-1.10267 -6.48537
-6.49139 -7.13033
-1.75235 -6.20045
1.16139 -11.1065
-4.30793 -9.064
-5.3191 -8.28373
-1.1917 -6.44009
-1.12193 -6.47797
-1.38648 -10.5383
-1.16971 -10.6105
-1.00773 -6.52099
-3.05919 -9.81678
0.307806 -6.86987
-5.60495 -8.0306
0.710196 -5.88892
-5.27047 -8.32521
1.38265 -6.96417
-6.36509 -7.27068
-0.0122876 -6.80896
-4.74653 -8.74538
-0.861442 -10.1878
0.408375 -6.88564
-1.5514 -6.2965
1.80612 -10.6339
-1.8425 -6.15495
1.77534 -10.6326
0.675725 -5.88569
-5.21538 -7.76361
-6.05318 -6.93928
-4.84854 -8.66727
-0.427319 -6.7074
-4.33709 -8.46972
-2.20244 -9.69617
0.936342 -10.5627
-5.83679 -7.813
0.289462 -10.4636
-0.525872 -10.2852
0.711548 -6.92549
0.754445 -10.5382
-3.70183 -8.89981
-1.63284 -10.4506
-5.72096 -7.28664
-1.60171 -10.4621
-3.56907 -9.53341
-0.137859 -10.3763
-1.29149 -6.41009
-3.88282 -8.78348
-2.71018 -9.99224
-0.0974015 -10.9009
-6.81533 -6.74866
-6.25826 -7.38599
-0.348597 -6.72865
-1.56955 -6.28812
-5.81356 -7.83533
-4.86901 -8.05909
-3.22548 -9.18402
-1.41784 -10.5275
-6.27206 -6.6935
-0.0236898 -5.77646
1.32128 -6.96515
0.128655 -5.80739
0.536096 -5.87098
-4.61811 -8.84132
0.452449 -5.85988
1.83777 -10.6352
1.17876 -6.96065
1.71293 -10.6297
-1.80642 -6.17334
-2.17825 -10.2344
1.65005 -11.148
0.381222 -10.48
-1.23193 -10.5903
0.158291 -10.9543
-2.85702 -9.92041
-1.86024 -6.14581
-0.384043 -10.8339
-5.59259 -7.41331
-2.12663 -6.00134
-5.03239 -7.92265
-0.777675 -6.60123
-1.93688 -10.3339
-5.8057 -7.20079
-0.416297 -10.8259
-6.29362 -6.66896
-2.7073 -9.45936
0.179447 -5.81682
1.45476 -11.1339
-5.07427 -8.48818
-0.983685 -10.6689
-0.320206 -10.3336
-2.82748 -9.93515
-6.09362 -6.89494
1.52546 -10.6187
0.63043 -6.9162
-4.60637 -8.26802
-2.65276 -10.0203
-5.99488 -7.65781
-4.17021 -9.156
-4.51406 -8.91713
0.127361 -6.83738
-3.14491 -9.22907
-4.87352 -8.64788
-1.29402 -10.5697
-3.17155 -9.21427
-4.70152 -8.19351
1.25878 -11.1164
0.86527 -5.90098
-0.220932 -10.8595
-3.9815 -9.2798
-3.33281 -9.12267
-4.38314 -9.01017
-4.00907 -9.26202
-4.33023 -9.04703
1.48697 -11.1365
-0.8016 -10.2054
-3.90008 -9.33168
-3.00152 -9.84683
-3.45689 -9.59854
0.136564 -10.4343
0.428752 -6.889
0.596472 -10.5155
-4.77414 -8.13599
-2.45645 -9.58077
-4.21275 -8.55881
-1.62501 -6.26229
-4.64361 -8.82248
-1.08395 -6.49251
0.606844 -5.87862
-3.35914 -9.10739
1.6198 -10.6246
-5.09873 -8.46824
-5.85928 -7.79127
-3.09071 -9.25891
-5.19743 -8.38669
-2.02074 -6.06043
1.0962 -11.0993
-0.380816 -10.3187
-3.79027 -9.40022
0.812793 -6.93576
-0.831096 -10.1968
0.843831 -10.5509
-2.38704 -10.1432
-0.441362 -10.3035
0.35156 -10.9907
-3.03634 -9.28846
0.388399 -6.88285
-4.31015 -8.48878
-6.34411 -7.29357
-0.471121 -10.2959
-1.30997 -6.4024
1.07711 -6.95566
-1.77022 -6.19155
0.0283284 -10.9284
-4.50908 -8.34231
-5.88942 -7.11417
-4.79759 -8.11714
-1.38477 -6.37067
-5.37264 -7.62139
-0.466584 -6.69644
1.65053 -10.6264
-4.2771 -9.08362
1.55238 -11.1414
0.52112 -5.86872
0.809461 -5.89796
1.22663 -11.1132
-2.88567 -9.90602
-6.01692 -7.63571
-1.99744 -10.3095
0.105499 -10.4281
-1.42314 -10.0051
-5.02443 -8.52847
-0.505783 -6.68527
-5.79093 -7.85696
-0.642163 -6.64456
-2.59603 -9.51414
-2.56848 -9.52747
-1.67954 -6.2361
-3.31601 -9.67807
0.0676074 -6.82557
-5.97563 -7.0239
-0.0717855 -6.79598
-1.72423 -10.4166
-4.41091 -8.41563
0.263425 -5.83165
0.367016 -5.84777
0.0753494 -10.422
-3.44368 -9.61161
-2.08839 -9.74558
-4.03634 -8.68101
-1.27244 -6.41796
-0.387989 -6.71813
0.162673 -5.81375
-0.198725 -10.3624
0.448646 -6.89194
-0.161356 -10.8866
-4.28736 -8.50565
-0.191007 -6.76839
0.196728 -5.81992
-0.637674 -10.7682
-0.574413 -10.7852
2.02358 -10.6408
-3.3862 -9.09158
-5.35063 -7.64161
-4.08987 -9.20932
0.545607 -6.91721
2.05592 -10.6413
-0.151321 -6.77781
0.373105 -10.4934
0.572434 -5.8748
-3.70779 -9.45063
-2.37406 -9.61928
-2.58829 -9.51219
-4.82168 -8.09767
2.0867 -10.6418
1.03105 -11.0918
-1.65682 -9.91942
-3.51847 -9.0129
-4.8922 -8.04003
-0.951495 -10.6785
0.207583 -6.85241
-2.06021 -9.75756
0.658233 -10.5249
1.21536 -10.5932
1.09719 -6.95676
-6.40706 -6.53445
0.222642 -10.9668
-3.41244 -9.07617
-5.5345 -8.09449
-1.07662 -10.6401
-1.21735 -10.0759
-4.6698 -8.80302
-2.26771 -10.1959
0.504391 -10.5009
0.589909 -6.91121
-0.72031 -6.6208
1.15319 -10.587
-5.39523 -7.60051
-3.17331 -9.75588
-5.29515 -8.3042
0.469141 -6.89491
-1.44826 -10.5169
0.89413 -6.94295
-4.40912 -8.99191
-0.410645 -10.3113
-5.43927 -7.55944
-0.11158 -6.78701
-6.55331 -7.05986
-1.47977 -10.5059
0.21352 -5.82289
1.40293 -6.96642
1.09105 -10.5805
-4.93916 -8.00113
-0.193735 -10.8792
1.32407 -11.1226
-0.210539 -6.76367
0.566066 -10.5108
-5.58176 -8.05175
-0.85485 -6.57524
-0.796717 -6.59491
-4.1974 -9.13774
0.731713 -6.92711
-1.35599 -10.5488
-6.4451 -6.48854
-3.19893 -9.19896
0.80387 -11.0626
-0.511053 -10.8018
-4.26279 -8.52326
-6.40747 -7.22409
0.874354 -10.5549
-1.17847 -6.45587
-6.59444 -7.01242
-4.97437 -8.56852
1.42304 -6.96658
-3.88058 -9.3469
-1.47747 -6.33001
0.541662 -11.0242
0.447957 -11.0076
-6.38821 -6.55701
0.225071 -6.86169
-1.716 -6.21837
-0.857813 -10.7063
0.0946755 -5.80084
-6.21337 -6.76082
1.43278 -10.612
-2.14777 -10.2473
0.555493 -5.87284
-1.45922 -9.99324
1.02878 -10.5736
0.534677 -10.5058
0.529491 -6.90332
-1.45919 -6.33814
-5.00883 -7.94265
-5.24643 -8.34556
-0.168747 -10.3693
-4.55783 -8.30528
1.19353 -11.1099
1.44375 -6.96669
0.489052 -6.89774
-4.4617 -8.95465
-1.18793 -10.0856
0.792771 -6.93385
-6.71614 -6.86902
-5.07803 -7.88349
-0.731912 -10.7423
-1.96773 -10.3216
-1.27642 -10.056
-5.36748 -8.24201
-6.91273 -6.62723
-0.651988 -10.2477
-1.96767 -6.08922
1.27757 -10.5991
-0.835311 -6.58192
-1.94544 -9.80544
-4.59269 -8.29001
-1.84621 -10.3697
-3.83125 -8.81712
-5.99233 -7.00513
-5.76345 -7.24382
-0.921192 -10.1699
-1.15982 -6.46321
-5.30579 -7.68249
-5.61393 -7.39253
-5.7104 -7.92744
-4.4359 -8.39712
0.512618 -11.0184
-2.79875 -9.9494
1.75801 -10.6297
-1.66304 -10.4395
-5.51164 -8.11525
-6.83472 -6.72474
-4.89914 -8.62786
-6.30132 -7.33988
-6.63529 -6.9648
-0.259508 -10.3482
-5.4635 -8.15788
-2.48411 -9.56775
1.56562 -6.96617
-2.32745 -10.1697
-1.80162 -9.86338
0.147693 -6.84128
-5.2216 -8.36646
0.126615 -10.948
-2.03872 -6.05055
-5.16982 -7.80385
-0.350078 -10.3263
-3.34395 -9.66249
-1.21623 -6.44081
-4.43583 -8.97304
-5.65705 -7.3502
-5.9309 -7.07056
0.796196 -5.89611
0.650996 -6.91864
-6.98958 -6.52905
0.0276353 -6.81738
-1.20128 -10.6003
1.35649 -11.1255
0.348084 -6.87647
-6.19347 -7.45446
-3.37268 -9.64638
-4.06138 -8.66396
-2.94368 -9.87657
-2.62292 -10.0345
-4.11204 -8.62917
-6.03954 -7.6129
-1.92033 -9.81622
-1.87617 -10.358
-3.48291 -9.03267
1.11788 -6.95784
-4.5662 -8.87936
-0.888761 -10.6972
-6.32243 -7.31709
-3.14492 -9.77136
-6.07373 -6.91681
-0.661332 -6.6386
-0.0319383 -6.80473
0.781914 -10.5426
-5.84769 -7.15758
-2.98179 -9.31773
-4.94448 -8.00251
-0.368591 -6.72335
-2.44652 -10.1164
-3.62453 -9.50049
-0.96949 -6.53492
-1.5987 -9.9413
-0.605593 -10.7769
-3.62376 -8.94854
-3.95468 -9.29699
-0.591795 -10.2641
-5.12487 -8.44726
-3.00946 -9.30292
-1.60632 -6.27097
-0.0646483 -10.3995
0.933884 -11.0799
-1.10738 -10.6304
-6.48287 -6.44245
1.61782 -11.1459
1.46387 -6.96674
-3.64958 -8.93252
0.328235 -6.87325
0.267566 -6.86304
-1.49304 -6.31757
-0.890886 -10.179
0.0440279 -5.79071
1.25352 -10.5957
-5.32006 -8.27199
-6.03316 -6.96106
0.610464 -6.91377
-6.85462 -6.70007
-2.81877 -9.4031
1.54552 -6.96633
-2.14392 -5.99148
-5.52693 -7.47658
-0.0468559 -10.3963
1.30117 -6.96469
-2.09145 -6.02122
-4.4601 -8.37909
1.12257 -10.5839
0.133691 -5.80341
0.0442742 -10.4156
-5.19296 -7.78346
-5.67551 -7.96559
-5.10137 -7.8635
0.641274 -5.88225
-0.329167 -6.73375
1.50469 -6.96665
0.38336 -10.9963
-1.12897 -10.1049
-1.85942 -9.84037
1.86854 -10.6363
-2.78992 -9.41771
-0.950571 -10.161
-6.25275 -6.71576
-1.25425 -10.5796
0.087376 -6.82939
-2.28717 -9.65851
-0.668804 -10.7597
1.3621 -6.96591
0.332794 -5.84257
-2.00289 -9.78166
-6.42699 -6.5
-1.01412 -10.6594
-5.57055 -7.43466
-1.90699 -10.3458
1.49509 -10.6166
-2.05786 -10.2848
-4.14374 -9.17367
-6.21492 -7.43191
-0.0658615 -10.9078
-4.98589 -7.96201
-1.50992 -10.4952
-5.94994 -7.7025
-1.44035 -6.34647
-3.11667 -9.78642
-1.56909 -9.9523
-4.22376 -9.11995
-6.11396 -6.87244
-0.993124 -10.1497
-1.57145 -10.4731
1.23965 -6.96298
-3.25917 -9.70946
0.16745 -6.84501
-1.87848 -6.13636
-0.794916 -10.7244
-4.3866 -8.43354
-4.6302 -8.24957
1.90022 -10.6374
-3.51307 -9.56612
-1.73392 -6.20956
-6.89365 -6.65129
-0.0574845 -5.76905
-2.5939 -10.0482
-5.46135 -7.53878
-6.53294 -7.08316
0.954886 -6.9477
-6.1338 -6.85041
1.13797 -6.95883
-2.14549 -9.72103
0.744684 -5.89195
-1.09887 -10.1146
0.107627 -6.83354
0.319735 -10.4691
1.3894 -11.1285
-3.90405 -8.76866
0.727185 -5.89044
0.830726 -5.89864
2.1184 -10.6422
0.867397 -6.96321
-5.69846 -7.94422
-5.29769 -7.69287
-5.41712 -7.58019
-1.02734 -6.51421
0.350919 -10.4747
-1.62742 -9.93054
-1.33537 -10.0358
0.642129 -11.039
-2.31589 -9.64555
-3.27924 -9.15348
-0.816306 -6.58835
-2.35683 -10.1567
-6.42635 -6.51122
-0.129858 -10.8937
0.706973 -11.0488
-0.544897 -6.67385
0.965942 -11.0839
-4.65468 -8.23051
-0.228512 -10.3553
-0.531505 -10.2802
-6.42592 -7.20204
-3.57121 -8.98085
-0.107842 -10.383
-2.25924 -9.67101
1.30824 -10.6018
-0.485905 -6.69097
0.577343 -11.0289
0.836005 -11.067
-6.2328 -6.73864
-1.5403 -9.9629
0.853451 -6.93947
1.58816 -10.6227
0.442775 -10.4906
0.998375 -10.5701
-1.14061 -6.47072
