3.15821 1.61653
3.48365 2.35974
2.93663 2.01956
2.20222 3.77202
3.41638 5.81756
2.70494 6.75846
5.22814 4.99835
0.62373 3.89618
5.40231 4.82949
3.00545 6.59561
3.91931 1.46314
2.45112 1.15703
2.55682 3.47975
3.45732 0.774751
4.16427 0.49761
0.539572 1.32144
3.4105 0.955576
2.60297 2.48663
3.9847 5.98482
3.49208 2.34802
3.75013 1.86959
5.59313 3.52294
0.0129773 2.21961
3.59558 0.475332
0.658328 3.88333
2.4862 2.62355
2.90735 6.16913
3.11819 1.69777
0.763489 4.58842
1.08458 1.2871
1.67406 3.34669
2.39753 6.47381
3.48905 0.625776
4.16601 0.48486
1.04436 2.14446
2.73958 2.31018
1.50398 3.4609
3.26912 1.36683
1.50153 4.24752
2.06113 3.89004
3.6709 5.62209
3.9257 1.45076
2.29769 2.82411
4.35912 5.01677
0.693155 3.87007
2.54318 6.84188
1.01004 3.73393
5.62187 4.61965
3.91848 5.41801
4.17581 5.18998
2.62535 1.92668
3.70883 1.95458
4.07492 0.962632
1.96708 3.95697
3.05916 1.80963
1.84775 4.03772
2.92646 3.10683
3.46193 2.39467
3.37879 1.06147
4.08107 0.937442
3.37328 6.38098
1.25715 4.37549
3.17399 5.99123
3.06476 1.79935
3.3794 5.84482
4.72848 5.42801
3.46913 2.38316
3.85851 1.62419
3.39504 1.00856
3.6017 6.23892
3.50984 0.508285
2.20653 1.2056
4.47712 0.867996
2.13579 6.61329
5.58114 3.54132
5.42762 4.81129
0.931864 3.77018
3.57455 2.2064
2.2377 2.88313
2.13177 2.98216
3.47882 0.678069
3.06359 2.94682
3.07431 1.78074
5.52545 4.71603
3.62745 2.11122
3.79544 1.77169
2.95439 3.07526
3.893 1.53763
3.83096 5.4918
3.27753 1.34587
0.518948 3.93314
3.3248 2.60213
3.19288 1.54344
3.50846 1.02028
2.91389 6.6465
3.3854 1.04025
3.50792 0.519538
1.315 3.57476
3.09788 6.54328
5.97515 4.24272
4.77109 5.39327
4.70844 4.65804
3.13618 6.01727
0.271094 4.00925
4.49178 5.61505
1.60199 4.19021
4.20642 1.68158
4.91865 5.27033
2.73284 6.27851
3.02892 6.58243
5.76869 3.24071
2.77249 3.27247
1.16553 4.41948
2.97777 3.06997
0.223285 4.02214
1.96334 1.20983
3.2128 6.47673
3.49308 0.604479
0.495497 3.94102
6.15117 4.03884
0.187508 4.03141
3.53327 2.27753
3.84993 6.07689
3.26058 1.38776
1.70149 4.13064
0.577203 3.91295
-0.155802 2.22612
3.35626 2.55638
1.39272 2.10869
4.1797 0.372086
1.08655 4.45574
3.17448 1.86543
5.84793 4.38318
0.736137 4.59854
4.22561 5.13984
3.79768 0.546289
4.6428 5.49685
5.69818 4.54152
3.48993 5.76249
2.83469 2.17607
2.52232 1.14877
1.15394 3.65736
2.87858 3.15887
3.51461 0.476954
3.21167 5.965
3.47396 0.700245
1.57691 4.20478
2.88095 2.10387
5.53189 3.61566
2.66098 2.41363
2.3222 3.68781
2.69369 6.3023
0.598935 4.64677
3.30478 6.42225
3.34229 5.87189
0.845193 4.55717
1.72663 3.31016
0.589023 3.90874
0.875632 3.79516
0.749119 1.30962
2.82843 2.18536
4.51382 5.59805
4.29512 5.76324
2.88018 2.10802
3.71492 6.16592
4.53519 5.58148
4.11982 0.761409
4.07384 5.28239
3.00247 1.91012
1.79923 4.06926
3.74586 0.985406
3.77853 1.80865
1.89168 3.18562
3.28091 1.3449
1.29642 4.35599
3.49105 0.615273
0.912665 4.5302
3.25219 2.70393
0.976676 3.74961
1.65689 3.35942
3.20693 1.51251
3.80541 6.10632
4.03851 1.10087
1.66679 3.35254
5.0757 5.12526
3.22981 1.46067
2.77415 2.26264
4.04206 1.08811
1.45215 3.49336
0.211485 4.02523
2.71909 2.338
1.36097 4.32305
1.9577 3.14354
2.86717 6.67192
1.68682 3.33851
1.03229 3.72329
1.82353 4.05355
2.81698 1.11313
1.41023 3.51892
3.56093 2.23017
2.98266 6.60835
3.61708 5.66459
4.14089 0.648218
4.04845 1.06304
4.39597 0.881792
5.35293 3.87212
1.26104 1.27355
4.59943 4.77425
2.51695 3.51954
5.30808 4.9244
4.96052 5.23468
2.28064 2.84111
0.993036 4.49614
5.69995 3.35432
1.32403 3.66642
0.424901 3.9638
3.73848 1.89397
5.36837 4.86778
2.40236 6.9114
1.67674 4.14572
3.28985 1.31454
5.06411 5.14492
4.68012 1.58069
3.30505 5.89878
3.9072 1.50054
4.12477 0.736209
4.15867 5.20571
3.83796 1.67361
2.3315 2.78988
2.76245 3.28281
3.93474 1.42583
4.33912 5.73063
2.81081 6.23031
3.50439 0.540839
1.87187 4.02176
0.979745 4.50233
0.831414 4.56255
5.02269 5.18107
1.15254 4.42555
2.77188 6.25451
0.0492619 2.21778
3.59537 1.78347
3.25882 6.44961
2.62423 2.45996
5.64126 3.44811
5.21762 4.05299
1.19186 4.40706
3.95661 1.36361
3.08107 1.76903
3.05169 6.56956
2.27767 3.7241
1.39941 4.30292
3.04246 1.08427
4.04525 1.14844
0.377928 3.97837
5.60543 3.504
1.24428 4.3818
4.11733 0.773824
2.63168 3.41266
3.02563 1.86985
5.61731 3.48557
2.76968 2.26357
3.45978 0.76421
2.70277 3.34312
2.63482 6.79489
1.15334 3.66275
1.53931 4.22629
4.6216 5.51368
3.64686 2.07502
0.942936 3.76515
2.43645 6.45195
3.91194 1.48792
2.65809 1.9456
1.96738 3.12449
1.74648 3.2958
2.43026 2.68561
2.84835 1.91696
3.15538 6.00409
3.54447 5.72092
2.03776 3.90695
2.31735 6.51772
0.954322 3.75995
3.62412 6.22461
4.17691 0.397164
2.98429 6.11916
0.460409 3.95254
3.30805 1.84343
5.74601 3.27867
2.64548 2.42376
3.78537 1.76051
4.18102 0.359737
4.27633 1.66793
4.02784 1.13839
5.55723 3.58298
2.93879 6.15092
2.51647 6.40672
3.91772 6.03075
0.969959 1.29524
5.32644 3.9084
0.695202 4.61337
4.86064 4.48862
4.56781 4.8072
4.13423 0.685816
2.91691 3.11752
1.56573 3.42096
2.17616 3.80402
2.15328 3.8215
0.347256 2.20121
2.67554 2.39493
2.11419 2.99815
5.67947 4.56083
0.0552032 4.06296
2.63905 2.44142
3.0082 1.90023
3.01975 1.88014
4.99082 4.33573
0.509153 2.19003
1.33615 3.55991
1.87253 3.20066
4.30902 5.06499
2.82141 2.19543
-0.00515473 4.07593
2.25526 3.74208
3.3406 2.57929
3.70317 1.96655
2.5868 2.50588
2.65375 2.42284
4.08898 0.94803
3.44713 0.817341
3.43998 0.847519
2.6005 3.44226
4.58387 4.7905
5.16657 5.05392
2.95487 1.98996
1.97909 3.94859
2.69706 2.36691
5.50693 3.65269
3.10771 1.71822
1.04323 3.718
3.77299 1.82071
3.05368 1.81961
0.722639 4.60347
4.09607 5.90699
3.51227 2.31275
1.81154 4.06128
3.34025 1.17776
5.60293 4.63879
4.81354 5.35833
2.64175 3.4029
2.78221 3.26242
4.52028 4.85612
2.89002 6.65947
3.21076 2.75981
2.86952 3.16971
3.91652 1.47566
1.14216 1.28277
3.33283 1.19888
3.41909 6.35304
4.72408 4.64102
4.05895 1.0254
3.66956 6.19538
0.85297 3.80497
2.81483 2.20496
1.37368 4.31644
4.20947 5.15887
0.163496 4.03745
1.64668 3.36647
0.72268 2.17334
4.47235 4.90471
3.47618 0.689741
1.34196 2.11417
2.89294 2.08841
2.22161 3.76872
5.41802 3.78119
1.95786 3.13233
3.5026 0.551335
4.47034 5.63152
5.9206 4.30358
4.90502 4.4375
3.9524 1.37591
4.16925 0.459756
2.02295 3.07792
1.22933 3.62243
5.48637 4.75438
4.13859 0.660659
5.50623 4.73495
3.07512 6.55626
4.61561 4.75732
3.94362 1.40088
2.75214 6.26659
0.0793641 4.05752
3.23679 5.94846
1.78722 4.07696
0.294036 1.33279
3.01865 3.00066
3.76007 5.55023
2.35647 2.76413
4.01302 1.18862
5.46926 3.70776
1.48865 4.25466
2.56529 6.83042
2.69252 3.35329
2.67436 6.31395
3.09185 1.74868
3.2162 1.49173
1.44577 2.10282
5.56431 4.6775
5.93903 4.28314
3.19754 1.53325
0.965365 3.75486
0.719912 3.86052
0.667707 4.62312
3.5062 0.530031
1.99527 3.10131
3.01407 1.89004
0.646921 3.8876
1.88372 4.01386
0.193524 2.21051
2.72167 3.32244
2.00994 3.90351
2.18523 2.93303
0.750481 3.84753
3.44183 0.838649
3.76021 6.13624
3.50797 5.74882
2.0844 3.87301
2.4957 6.86539
2.99074 1.93014
3.98803 5.35805
1.82941 1.22314
3.98172 1.28856
3.32913 1.20927
4.17089 0.447362
4.01686 1.17588
1.03328 4.47932
6.08139 4.1211
5.74101 3.28998
4.10683 0.824231
2.51907 3.19784
2.05972 3.04628
1.20501 4.4005
2.19633 6.58201
2.98208 1.94313
4.07185 0.975038
2.07261 3.88166
2.50619 3.52926
5.51964 3.6339
1.97661 3.11686
3.37939 2.52208
4.09834 0.861902
1.50882 3.45636
1.71324 2.07207
5.20482 4.07002
-0.0894692 2.22381
0.200331 1.33633
5.48175 3.68961
4.57847 5.54769
3.30087 2.63608
0.773389 3.83827
1.54523 3.43438
3.88331 1.56245
3.47132 5.77653
3.86618 5.46232
5.37921 3.83572
3.48695 0.636592
4.00539 1.21372
3.59462 2.17084
4.15894 0.535141
2.29999 3.70601
2.91058 1.90784
3.58121 2.19468
2.82077 6.697
0.439001 1.32643
2.25729 6.54993
3.7444 1.88161
3.37206 1.08267
3.35068 6.39466
3.30594 1.2725
2.3331 3.67881
2.71269 3.33323
1.26155 3.60479
0.538086 3.92825
3.4806 0.668418
1.00654 4.49089
2.11895 3.84738
2.86091 2.13718
0.886773 3.79028
2.50972 2.59675
5.43053 3.7632
2.97796 1.89685
3.42808 0.891739
3.26858 2.68138
2.00269 3.93196
3.04249 1.83983
4.31746 5.74672
1.98533 3.10939
3.24923 5.93857
2.34964 1.98978
3.11319 6.53225
4.96394 4.36843
3.24806 2.71608
3.28228 6.43571
5.10735 4.19403
2.35749 6.49587
2.66854 1.13138
0.571251 4.65599
4.84532 4.50604
2.93069 2.02917
2.92427 2.03934
4.44003 4.93706
3.09039 2.91403
1.42506 4.28927
3.14402 6.51676
3.49888 0.572644
2.47032 2.64141
3.57946 1.79712
4.23188 0.909094
1.33513 4.33636
5.19122 4.0876
2.74438 1.1217
1.38273 1.26362
2.2771 6.53936
0.330468 3.99244
2.22031 2.89984
3.22535 1.47093
4.14057 5.87538
1.07758 3.70139
1.79537 3.25969
2.96754 1.09401
4.70551 1.58057
2.60929 2.47843
0.413241 3.96752
1.88225 3.19304
3.22748 2.73744
0.515728 4.67398
2.80185 3.24194
3.37539 1.07223
5.86599 4.36348
0.864141 3.80015
3.93985 6.01564
5.36624 3.86351
2.68254 3.36314
3.13405 2.85941
1.14226 3.66848
2.55629 2.54244
5.05042 4.26437
1.86307 3.20804
1.46243 3.48699
4.09291 0.88705
3.55615 6.2678
1.23998 3.61664
5.29974 3.94457
3.96261 6.00003
4.34203 5.03324
0.591664 1.31868
2.47436 3.55772
3.23567 2.7264
3.3652 1.10386
2.50199 2.60561
2.54845 3.49078
2.84078 3.20071
3.63487 5.6506
4.2927 5.08058
5.54533 4.69652
0.507408 3.93704
3.23403 1.45058
2.19893 3.78642
5.00221 5.19882
2.91179 2.05906
0.103493 4.05194
2.59027 3.4519
4.02945 5.95376
2.63154 2.45083
2.41402 2.70322
3.58084 5.69284
5.16347 4.12319
1.56955 1.24744
2.80802 2.21475
3.03118 1.86
3.96513 1.33861
5.27283 3.98063
5.68846 3.37291
4.18496 5.84355
5.77978 3.22197
0.909348 3.78029
4.14198 5.22094
3.6531 5.6362
0.626565 4.63739
2.48053 2.63075
6.00878 4.20216
2.22907 2.00633
3.48489 0.647096
2.10792 3.85612
3.47164 0.711063
1.63674 3.37329
4.0205 1.16351
0.52983 4.66948
0.858123 1.30276
1.07305 4.46177
1.08475 2.14239
2.72786 6.74643
0.247475 1.33468
3.87273 6.06123
3.25192 1.40867
2.84786 2.15665
1.05448 3.71252
0.472001 3.94877
2.14097 2.97392
2.42066 3.60473
0.155161 1.33787
1.43123 3.50619
1.47612 4.26156
2.76036 2.28176
5.31334 3.92621
4.83049 4.52284
4.16766 0.47248
3.40439 0.976837
4.11215 0.799028
1.0261 1.29129
3.85594 1.74767
1.50721 1.25296
1.24056 2.12485
3.9735 1.31359
3.29796 1.29353
1.94859 3.13991
4.00928 1.20099
3.00317 6.10673
3.32396 5.88517
4.97833 4.35133
2.11064 2.02214
0.796156 3.8289
5.28651 3.96235
2.72045 1.93633
2.62118 3.42263
3.65315 2.06317
-0.206929 2.23468
4.16006 0.546742
2.3443 3.6695
1.57581 3.41431
2.4529 3.57665
2.76736 2.27208
4.49136 1.62493
0.75002 4.59342
2.03231 3.06993
3.39653 6.36684
3.32529 1.21998
4.02257 5.32782
4.03502 1.11326
1.38674 4.3096
5.66498 3.41055
3.14259 2.84856
2.07797 3.03032
3.03677 2.97912
4.19242 5.17466
2.97294 3.054
3.06048 6.06855
3.49803 2.33627
3.36169 1.11443
0.900147 3.78482
2.28919 3.71506
4.73923 4.62445
1.87994 2.05172
2.16755 2.94949
6.06402 4.14127
4.80026 4.55685
3.69065 1.99075
3.41649 0.934305
0.436847 3.9601
2.88862 3.14884
0.612121 3.90038
4.37487 5.00133
2.21685 6.57127
3.63402 2.09905
3.99372 1.25116
3.27457 1.05314
2.9076 3.12788
1.29361 3.58689
2.38387 3.63
1.25144 3.61049
4.48822 4.8887
2.1649 3.81265
2.84364 6.68467
2.63916 6.33896
3.78249 6.12152
2.24624 2.87486
0.0839638 2.21628
1.21811 4.3945
3.77811 5.53547
2.49571 3.53868
3.43641 0.859952
2.78782 2.24347
2.40956 1.98144
3.7489 1.85701
3.82765 6.09149
2.01384 3.08566
2.37307 2.74679
2.34538 6.5103
2.51867 6.85391
4.87661 5.30579
3.82728 0.973087
4.06547 1.00022
3.19599 1.06384
2.03029 1.20298
1.30921 4.34954
2.18772 3.7951
0.784655 3.83366
2.04138 3.06215
0.911574 4.55319
3.05477 2.9575
3.43086 0.881249
2.51766 2.58761
5.40526 3.79922
4.66459 5.47947
2.56941 3.47139
3.39359 1.01593
4.93458 4.40303
3.2928 2.64761
3.23616 6.463
3.73269 1.90597
2.82995 6.21832
4.22601 5.14346
2.08644 3.02826
4.12957 0.711011
3.27661 2.67025
1.37875 3.53772
4.14517 0.623036
2.44229 3.58595
4.42357 4.95342
4.15519 0.560296
1.35757 3.55018
2.44641 2.66793
0.550313 2.18698
3.39472 2.49902
4.10947 0.811814
4.32579 5.0489
3.86348 1.612
0.180458 4.03969
3.52637 2.28917
0.23176 2.20832
3.6079 2.14696
0.0420989 4.06558
3.34833 2.56801
0.199326 4.02838
5.8108 4.42302
2.30606 2.81571
0.77678 4.58241
3.49503 0.593957
2.8673 2.12757
2.72552 2.32915
3.41352 0.944858
5.04372 5.16275
3.17693 2.80433
3.52959 5.73292
2.52535 2.57872
5.03627 4.28162
1.05994 4.4676
2.74647 2.30081
0.593231 2.18371
2.53319 2.56958
2.45711 6.44049
1.16413 3.65714
3.87856 1.57467
4.07411 5.92249
4.18358 0.334682
5.2479 4.98004
4.34852 1.65367
4.16255 0.509995
4.89823 5.28791
2.35253 2.76971
1.63562 1.2406
4.06873 0.935461
5.71173 3.33516
2.94588 6.14425
2.96695 1.97006
5.44375 3.74453
5.6292 3.4669
2.26664 3.73297
2.33976 2.7814
1.89506 1.21668
1.77579 3.27426
2.16873 2.01444
3.07264 2.9358
0.294942 4.0026
0.543515 4.66506
3.10922 1.87599
3.98572 1.27622
2.37723 6.48503
2.46245 2.65018
3.28484 2.65878
3.17839 1.57465
3.16834 2.8152
3.59871 5.67895
0.939623 4.51912
1.48325 3.474
3.45229 0.796029
1.84379 3.22295
0.354218 3.98547
3.40992 2.4759
3.64722 6.20978
1.45063 4.27548
3.19391 2.78211
4.38298 5.69781
3.1025 1.72828
1.08747 3.69624
4.25944 5.1121
0.640158 4.63272
0.670061 3.8789
2.35515 3.66045
3.11663 2.88138
3.81513 5.50528
0.127618 4.04623
3.64037 2.08722
1.92047 3.99
4.06218 1.01299
2.68136 6.77078
4.15128 0.58546
1.14136 2.13494
2.17653 2.94115
4.08996 0.899834
2.97302 1.95996
4.66212 4.70792
6.02857 4.18209
1.73639 3.30311
3.09907 2.90327
1.9077 3.99772
2.32296 2.7986
1.76278 4.09248
1.51402 4.24054
3.45322 5.79012
2.40588 2.71194
3.99392 1.72235
-0.220333 2.22804
3.93913 1.41354
4.13188 0.698598
4.1493 0.59786
1.49377 3.46737
2.86006 3.17997
1.39986 3.52515
3.82224 1.7104
2.59563 6.36074
5.13551 4.15867
2.70432 2.35735
3.46463 0.74289
1.32624 4.34721
0.356787 3.98792
2.68999 2.37617
3.08139 2.92508
3.24761 1.41896
1.62699 4.17551
2.53289 1.96388
4.06512 1.70869
4.84954 1.54982
0.952882 4.51362
2.78511 1.9266
3.41042 1.04409
3.51053 6.29645
2.31464 2.80704
1.68894 4.13831
4.76984 4.59072
0.390474 1.32867
3.44721 2.418
1.56452 4.21192
5.38798 4.84918
5.7231 3.31654
5.67658 3.39202
0.679767 2.17678
1.69813 1.23567
3.46936 0.721568
2.91813 2.04906
0.987734 3.74446
1.76773 2.06552
3.07952 6.05579
0.308624 2.20367
0.812075 2.16575
4.17398 0.422256
3.22072 1.48149
4.18386 0.346541
0.903636 2.15761
5.99285 4.22275
1.1095 3.68519
3.70678 5.59339
-0.0561147 2.22252
4.27341 5.77922
3.31762 1.24106
1.41233 4.29591
3.23877 1.43983
0.807482 3.82422
0.389594 3.97482
3.19313 5.97794
3.2185 1.50048
0.306678 3.99928
2.63505 6.33745
6.04031 3.83478
3.79559 5.5211
1.35576 3.90259
4.12804 0.747381
3.1489 1.63621
2.59622 1.14006
2.75268 3.29282
2.17637 6.59239
2.93636 6.63403
3.26493 1.37713
3.82747 1.69827
3.71712 1.77279
2.43133 3.59549
3.42493 2.4527
5.23226 4.03425
3.37391 2.53387
1.529 4.23547
2.255 2.86633
3.92474 1.735
2.30839 1.17317
0.234808 4.01894
-0.0212967 2.2211
2.44904 6.88852
4.09199 5.26632
3.25633 1.39806
3.44308 1.82066
1.58964 4.19741
1.99074 3.94041
0.483927 3.94486
5.77351 4.46269
3.0414 6.08136
3.52467 2.23892
4.42673 5.66477
2.85029 3.1905
4.75027 4.61108
4.49563 4.87898
2.77434 6.72184
3.09711 1.73863
1.8959 4.00569
3.74251 5.56452
1.13147 3.67402
1.28322 4.36259
3.90255 1.51279
2.87384 2.11766
3.00041 3.02212
2.26349 2.85803
0.642939 1.31584
2.57619 6.37213
5.20733 5.01708
2.53659 6.39513
2.05072 3.0541
1.04642 4.47356
4.20755 5.82768
0.830254 3.81465
1.55534 3.42778
2.79222 3.25205
0.318766 3.99583
1.80498 3.25248
1.38916 3.53154
4.04547 1.07572
1.60423 2.08491
2.80138 2.22424
1.61463 4.18272
2.4639 3.56712
1.99425 2.03727
1.91074 3.17047
3.51924 2.30114
3.36393 2.54508
1.12611 4.43777
3.02752 2.98962
3.43369 0.870443
4.98108 5.21703
3.30186 1.28312
0.761774 3.84298
2.59425 2.49684
3.44231 6.33878
2.36629 3.65109
0.912868 1.29914
4.11866 5.89099
4.81518 4.54011
0.600491 3.90463
3.32152 1.23037
0.966518 4.50791
1.70677 3.32439
0.858559 4.55191
4.70742 5.44504
2.20282 2.91648
2.73274 3.31307
6.11642 4.08005
0.269384 2.20609
1.42115 3.51239
0.0310115 4.06826
5.90264 4.32339
3.11751 6.03004
1.1789 4.4132
3.24206 1.85437
2.12305 2.99017
2.5561 6.38383
4.1783 0.384807
3.07017 1.78935
2.94888 1.99974
2.96101 1.97987
0.818018 4.56773
4.31261 0.89576
2.65843 6.78269
3.66579 2.03907
1.83278 3.23097
3.81683 1.72289
1.18593 3.64568
2.23676 6.56079
1.82439 2.0586
4.14722 0.610632
0.15688 2.21252
5.09345 4.21135
2.4969 6.41792
1.81485 3.24502
2.37709 3.64198
4.94907 4.386
3.38206 1.05101
3.54717 2.25388
3.78421 1.79622
1.95539 3.96508
3.37646 1.83195
1.65191 4.16068
0.139449 4.04337
1.30447 3.58075
2.41722 6.46286
1.58629 3.40739
1.27039 4.36896
3.15385 1.62607
4.8344 5.34104
5.10536 5.10856
1.06538 3.70718
3.8328 1.68576
1.93159 3.98146
2.93571 3.09643
3.3511 1.1462
1.09962 4.44984
2.38121 2.73821
3.13879 1.65677
2.0143 3.92374
3.44969 0.806841
5.66015 4.58067
0.949545 2.15341
3.35472 1.13547
3.31379 1.25144
1.21835 3.62837
3.16378 1.60547
3.21901 2.7488
3.42235 0.913026
4.06863 0.987816
3.36099 5.85826
1.82443 3.23776
0.502019 4.67832
4.11472 0.786611
0.698033 1.311
2.09613 3.01428
1.90139 3.17793
2.71357 6.29026
5.28827 4.94281
2.10504 3.00635
4.55745 5.56454
2.6622 3.38307
4.56189 1.6105
0.115369 4.04914
0.489675 1.32398
1.11998 4.45244
1.28304 3.59283
3.94795 1.38858
2.82138 3.22137
4.20665 5.29732
1.4632 4.26864
4.36138 5.714
1.72731 4.11648
2.611 3.43231
2.39767 2.72076
1.92971 3.15524
2.86871 6.19382
1.71364 4.12316
2.64632 2.43226
4.00157 1.22608
1.49739 2.09711
6.18564 3.99749
2.5716 2.52419
0.542353 3.92514
4.10135 0.849434
3.15135 2.83737
2.16808 1.18848
3.60196 2.1588
2.99137 3.03266
4.67745 4.69149
1.93223 2.0461
3.40223 2.48763
3.73724 6.15133
0.0190804 4.07083
4.03953 5.31286
3.64555 2.04999
2.27201 2.84958
4.1631 5.85926
4.40754 4.96927
5.49455 3.67089
0.612554 4.64217
2.54087 2.56061
1.62648 3.3803
1.32582 3.56857
2.24418 3.7509
3.95333 5.38811
5.34814 4.88688
5.06494 4.24657
3.88348 5.44774
3.40134 0.987309
3.47651 2.37129
3.00968 3.01124
2.8543 2.14706
0.401596 3.97114
0.565712 3.917
2.39893 3.62341
4.21041 5.58687
0.790783 4.57815
5.79114 3.20266
3.20223 2.77113
3.46484 6.32486
4.08706 0.912248
3.69669 1.97883
3.72669 1.91832
4.15328 0.572692
0.00678964 4.07343
3.40751 0.966052
1.33632 3.56253
3.29398 1.30389
4.10799 5.25175
0.282848 4.00599
3.19011 6.49
4.69319 4.67454
3.76163 1.84517
3.48925 0.601843
1.473 3.48041
2.61188 6.80667
2.75353 2.29115
3.67829 2.01494
0.635432 2.18042
4.63087 4.74116
2.22028 2.90267
5.95686 4.26324
0.0912559 4.05479
5.46703 4.77321
3.11307 1.70781
3.28666 5.91196
3.90667 0.960896
4.22924 5.8115
1.44371 1.25846
3.62103 2.12303
3.1736 1.58483
4.00742 5.96907
3.30887 2.6249
5.32843 4.90539
4.68572 5.46254
3.86857 1.59945
0.704508 3.86568
0.997364 2.14894
4.09573 0.874635
2.53808 3.5003
3.87347 1.58724
3.80068 1.75959
3.78968 1.78414
5.25949 3.99836
1.12033 3.6797
2.84963 6.20592
1.52464 3.44769
3.15983 2.82648
4.45598 4.92114
1.75613 3.28874
3.18329 1.56416
3.6844 2.00303
3.11548 2.89462
3.97757 1.30126
2.14198 3.83007
0.654166 4.62791
0.556581 4.65884
1.71656 3.31739
1.5962 3.40074
1.20766 3.63412
3.83958 1.66114
4.41879 1.63962
3.34755 1.15662
5.17717 4.10567
5.39207 3.81775
3.5786 6.2536
1.29024 2.11966
1.77483 4.08485
2.52738 3.51007
5.73597 4.50219
0.885643 4.54113
2.28816 1.99828
3.66714 0.997142
5.17874 4.12286
5.71374 4.52146
2.47203 6.87716
1.61651 3.38707
4.05696 5.29742
2.71135 2.34806
0.42717 2.19586
3.38861 1.02979
3.35821 1.12504
3.48537 6.31181
3.12011 1.07401
2.94521 3.08571
3.34018 1.18228
3.90126 5.43268
2.09583 3.86458
4.05229 1.05056
2.88834 6.18132
3.72083 1.9303
3.35136 1.04251
0.681443 3.87457
3.84831 1.64891
3.14379 1.64664
6.13414 4.05916
2.9056 2.06876
5.55663 3.57854
3.81153 1.73502
0.727521 3.85667
3.43235 2.44127
3.18803 1.55397
3.54031 2.26553
2.5791 2.51518
3.58803 2.18259
0.872321 4.54648
5.07899 4.22926
0.247208 4.01576
4.85583 5.32318
5.79191 4.44316
3.41735 2.46448
2.19417 2.92463
3.12855 1.67729
3.98925 0.947813
2.45433 2.6592
5.64132 4.5999
5.14641 5.07201
5.82908 4.40341
5.18727 5.03526
1.73826 4.10788
2.38957 2.72937
5.0074 4.31654
3.98882 1.26361
3.4548 0.785527
4.13646 0.673405
4.55217 4.82338
6.09919 4.10029
2.9789 1.95013
3.93699 5.39498
4.87526 4.47184
3.02258 6.09389
2.09984 1.19575
3.51133 0.498243
3.93615 5.40289
0.374581 2.20304
3.28581 1.32489
2.1588 2.95758
