29.78 14.93
8.91 8.68
23.7 17.03
25.17 11.23
23.3 15.92
9.14 9.73
5.26 13.01
23.49 5.08
19.4 20.1
9.89 6.14
9.08 4.31
4.16 12.77
13.13 14.13
26.31 11.1
7.44 17.79
9.93 21.28
19.85 17.99
4.72 15.7
5.01 18.11
10.77 17.98
12.49 13.47
27.06 9.85
29.75 13.9
12.31 21.41
12.63 10.44
14.07 18.36
29.34 12.23
29.54 4.19
23.2 12.54
26.8 4.29
25.99 16.08
19.38 8.15
12.98 11.37
16.47 13.26
12.02 17.6
28.75 15.73
15.26 18.37
8.68 5.55
8.13 15.55
9.75 12.52
8.35 11.42
20.3 4.21
21.51 12.83
3.53 18.36
20.84 12.74
23.54 15.12
12.01 14.85
13.97 4.23
24.14 7.18
19.35 11.25
27.32 17.02
20.68 16.86
29.27 5.71
23.45 13.19
10.19 5.31
11.14 7.14
5.75 4.16
16.35 16.16
4.15 6.41
25.64 5.43
16.3 16.08
12.71 7.65
5.1 19.96
10.05 10.95
17.27 9.1
11.41 20.85
18.98 4.33
18.45 15.51
7.65 4.49
18.35 4.9
23.04 15.11
12.9 10.13
27.37 17.75
9.69 14.6
3.96 7.74
28.15 12.52
29.79 16.85
25.87 21.35
10.09 18.17
10.4 9.25
19.19 4.88
25.06 4.82
29.2 11.14
6.24 5.55
20.07 6.93
20.01 6.48
15.71 5.85
21.2 18.59
23.72 20.41
3.21 9.7
23.92 4.09
28.04 7.98
23.99 18.74
19.66 20.42
18.6 9.23
20.73 17.44
26.56 24.95
13.03 9.22
29.94 21.88
8.25 4.7
17.51 4.38
25.03 8.9
20.44 17.23
5.26 9.79
25.8 18.77
12.62 15.32
25.23 11.64
28.84 15.44
21.59 13.82
15.71 13.38
9.65 4.89
16.73 8.08
16.36 10.76
10.46 5.56
7.13 16.15
12.35 6.98
6.65 13.98
