-9.41 8.41
9.88 -6.86
8.37 8.03
-4.61 -5.14
8.76 -7.76
2.96 -10.99
-5.95 -3.09
10.58 -6.62
3.38 9.79
9.57 -14.16
-1.92 4.54
11.84 -4.12
5.18 6.48
12.73 1.61
-2.56 8.73
8.21 -3.08
-7.85 9.48
-6.07 4.79
-9.09 -3.66
-7.8 -12.57
-2.13 3.71
8.58 3.1
1.28 6.67
-7.35 1.46
-0.47 -10.09
1.98 2.83
10 5.09
-6.95 -11.15
-0.76 -10.03
13.96 -12.39
-5.98 8.38
13.69 8.21
8.34 -4.19
1.83 -12.65
9.32 -4.37
11.87 0.27
-9.09 3.01
4.6 0.47
6.96 -14.85
-4.05 4.71
2.29 3.29
12.07 2.84
3.92 -5.78
-8.56 -14.91
-7.69 -5.3
-3.22 4.61
8.74 -13.65
13.72 -14.33
14.91 -2.98
9.62 7.99
