0.0291924 7.73575
2.2771 6.53936
2.47203 6.87716
2.67436 6.31395
1.32531 7.36783
1.20142 7.02509
-1.27413 7.5311
0.493289 7.25353
-1.45982 7.90994
2.19633 6.58201
0.972193 7.48777
1.01936 7.4726
0.341035 7.29368
1.53673 7.289
2.75214 6.26659
2.25729 6.54993
2.77434 6.72184
-0.11281 7.76392
1.91125 6.72428
0.688169 7.19756
0.406181 7.27688
0.209772 7.32579
1.2075 7.40933
0.784138 7.54564
1.34851 7.35944
-1.10536 7.89293
2.14551 7.03266
-0.0316159 7.37886
-0.962009 7.51179
-1.09599 7.52163
1.184 7.41759
-1.48315 7.9105
2.54318 6.84188
1.23111 7.40126
0.548003 7.61239
0.362549 7.2882
0.514714 7.24763
-0.490984 7.82712
-0.538354 7.83382
2.23911 6.98938
0.988802 7.101
0.318868 7.29926
-1.53036 7.91147
-0.207505 7.78136
0.217762 7.69462
0.807395 7.53871
-1.15267 7.8961
1.42789 7.33334
1.55951 6.88263
-1.22939 7.52911
0.297329 7.30463
-0.443615 7.82015
1.93496 7.12625
-0.00926692 7.37427
-0.561627 7.46844
-0.340327 7.43552
1.27822 7.38467
-1.50708 7.91104
-1.40828 7.53549
1.28623 6.99302
2.4969 6.41792
-0.761613 7.4927
-0.650597 7.47988
1.06058 7.46547
2.51647 6.40672
1.4897 7.30699
-1.29464 7.90394
1.78424 6.78302
-1.12935 7.89458
-0.0974322 7.39199
1.51763 6.90025
2.53659 6.39513
-1.38705 7.53473
2.77188 6.25451
2.86717 6.67192
0.477466 7.63104
1.65393 7.24303
0.838864 7.15072
-0.362164 7.43905
1.95233 6.70456
-0.656436 7.84935
-0.810746 7.50041
1.30142 7.37641
-0.691914 7.84903
-1.1627 7.52566
2.28588 6.96736
1.70514 6.81932
-1.58645 7.53768
1.07429 7.07124
0.452579 7.63688
-0.916615 7.8776
2.17637 6.59239
1.98186 7.10585
-0.987307 7.88386
2.19232 7.01114
0.689711 7.57312
-0.463783 7.45598
-1.07333 7.52013
1.84976 6.75331
0.536764 7.24149
0.747245 7.17561
-0.296028 7.42816
2.13579 6.61329
2.84364 6.68467
-0.278191 7.79367
-0.695117 7.48522
1.39153 6.95177
-0.0533297 7.38326
1.47567 6.91765
-0.821885 7.86827
0.312352 7.6724
1.58011 6.87387
1.16078 7.42554
-0.6061 7.47429
1.66355 6.83773
0.524723 7.61861
-1.00666 7.51533
1.70092 7.22415
0.830534 7.53145
0.144304 7.34095
0.430201 7.64321
-1.08887 7.88229
2.45711 6.44049
-0.774517 7.86319
-0.20753 7.41268
-0.703808 7.85511
1.13794 7.04842
-0.517171 7.46234
-1.03466 7.8877
2.37723 6.48503
2.09868 7.05393
-1.6092 7.53765
1.62187 6.85591
2.34538 6.5103
-1.11801 7.52303
0.73136 7.18445
-0.163329 7.40457
2.21685 6.57127
2.56529 6.83042
0.945953 7.11553
0.571972 7.60591
1.74665 6.8007
2.81081 6.23031
1.09532 7.06377
-0.727159 7.85784
0.73693 7.55951
2.30891 6.95642
1.05264 7.07888
2.5561 6.38383
-0.609064 7.84333
-0.251762 7.42054
0.375614 7.27729
-0.406511 7.44604
-1.51976 7.53734
1.00989 7.09376
2.35565 6.93404
-1.26963 7.90313
2.43645 6.45195
-0.185751 7.40871
-0.0181342 7.74541
0.99614 7.48011
-1.36525 7.90692
0.76019 7.55271
2.09512 6.63398
2.4957 6.86539
1.95866 7.11594
-0.420279 7.81661
2.23676 6.56079
1.11365 7.44148
-1.2 7.89899
2.63505 6.33745
0.901777 7.50993
1.60148 6.86473
0.449761 7.26533
1.13687 7.43366
-0.71706 7.48775
2.71357 6.29026
-1.02942 7.51692
-1.17668 7.8976
2.44904 6.88852
2.89002 6.65947
0.581435 7.22904
2.59563 6.36074
0.619249 7.59296
-0.396249 7.8129
1.24386 7.00917
-0.850779 7.50184
2.17116 7.02158
-1.56448 7.53763
1.18049 7.03285
-0.514048 7.83052
-1.43032 7.53598
0.147148 7.71052
-0.672926 7.48253
-0.89206 7.87549
-0.73966 7.4903
1.5599 7.28004
1.03159 7.08624
2.31735 6.51772
-1.47083 7.54748
1.67708 7.23376
-0.869252 7.87307
0.0564287 7.3604
2.03423 6.66446
1.44265 7.32473
-0.384658 7.44263
2.63482 6.79489
0.0346473 7.36505
2.41722 6.46286
0.073366 7.72532
2.40236 6.9114
2.69369 6.3023
-1.24733 7.9016
2.11377 6.62421
0.595247 7.59956
-1.45301 7.53643
0.881873 7.13678
-1.05132 7.51861
1.81799 7.17598
0.0998331 7.72084
0.241831 7.6891
0.359636 7.66088
0.26506 7.68364
2.39753 6.47381
2.51867 6.85391
-0.307698 7.79631
2.70494 6.75846
2.12244 7.04317
-0.917374 7.50799
-0.798548 7.8658
-0.561692 7.83703
-1.47504 7.53679
1.76708 6.79144
0.752662 7.1779
1.39558 7.34221
1.77104 7.1955
2.72786 6.74643
-0.751179 7.86059
2.05183 7.07495
-0.806186 7.4974
0.384635 7.28249
-0.539726 7.46547
1.58357 7.27075
2.61188 6.80667
0.382929 7.65511
1.44756 6.92805
0.925467 7.12248
-0.160156 7.77277
1.53827 6.8916
0.925021 7.50268
1.89098 6.73391
0.0525119 7.7309
2.73284 6.27851
-1.36356 7.53429
0.165923 7.33601
0.194457 7.69994
1.91185 7.1362
-1.63123 7.53757
2.26216 6.97856
-0.348891 7.80539
2.63916 6.33896
1.10271 7.05903
0.170457 7.70534
2.68136 6.77078
-0.141573 7.40048
1.88805 7.14639
-0.963975 7.88186
0.406911 7.64911
0.253574 7.31533
-1.34195 7.906
1.43364 6.93483
0.854591 7.52445
-1.41254 7.90857
1.99333 6.68462
1.86493 7.15622
1.06651 7.45717
2.82077 6.697
1.93219 6.71427
1.2657 7.00093
-0.450887 7.45277
1.37075 6.96004
1.22296 7.01704
1.79892 7.18542
2.07504 6.6441
-1.15046 7.53004
-0.135994 7.76834
-0.318057 7.43182
2.65843 6.78269
-1.65391 7.53741
2.05435 6.65446
-1.08201 7.89128
1.51287 7.29816
-1.2074 7.52804
1.7256 6.81017
1.60692 7.26166
-0.0421479 7.75021
0.012427 7.36975
0.601554 7.22308
2.02874 7.08521
-0.939948 7.87973
0.795793 7.16443
-0.230835 7.78549
0.234414 7.32029
0.64489 7.21044
-0.495293 7.45925
-0.325551 7.80159
-0.895389 7.50602
2.0756 7.06431
-0.940016 7.50995
-1.29681 7.532
0.903039 7.12982
-1.55433 7.91186
-1.31884 7.53282
-0.114522 7.39598
2.35749 6.49587
-0.584186 7.47144
-0.872738 7.50394
1.80846 6.77248
0.00518482 7.74068
-0.372913 7.80924
1.34934 6.96849
1.87008 6.74378
0.948954 7.49515
-0.585725 7.84026
0.860061 7.14388
1.7479 7.20502
0.188177 7.33086
1.72407 7.21476
-1.2521 7.53015
2.57619 6.37213
-1.31795 7.90499
1.41289 6.94321
0.558162 7.23547
0.70947 7.19113
1.3724 7.35073
1.32853 6.97664
0.642483 7.58647
-0.0654696 7.7548
2.33258 6.9451
0.66622 7.20413
0.100388 7.3508
-0.183483 7.77704
