5.14741 -4.13908
-2.13159 1.83822
-2.85965 0.919877
-0.0964678 -0.243013
-0.392025 -3.25947
0.195029 -2.43219
3.38593 -0.524777
-4.22351 1.42581
3.36606 -6.91649
1.1439 -4.24762
0.103381 -2.33831
5.01603 -0.762604
-0.26726 3.91478
-0.941271 -3.81826
0.397322 -1.36109
3.26856 -1.64572
1.77084 -1.18386
-0.0450415 1.62973
3.82801 -1.22778
-4.33541 -2.36343
-2.85202 0.32457
-1.06783 2.29219
-1.0584 -1.06848
-0.907889 2.04489
-2.25649 -4.5293
1.20026 0.718938
-0.273427 -0.0196434
1.40683 -1.94478
5.91215 -0.668835
-2.8653 1.99537
2.24471 -4.21721
0.470461 -3.36264
4.34227 -5.68138
-3.88425 2.38596
0.385569 2.30904
0.535619 -2.84593
-0.149947 -4.04605
0.927794 -1.2783
4.13484 -1.97345
2.88704 -1.18225
-0.666446 -0.359783
6.03408 -2.91365
-0.731137 0.627538
0.0314834 0.984504
0.24546 -1.76052
0.684606 -2.78905
-2.09457 1.11849
0.133303 1.94663
-1.66847 1.48322
0.752648 -4.45226
0.632015 -2.19931
-1.32739 1.3764
9.37797 -4.45971
-1.93579 -7.74694
2.1573 -0.436522
0.237043 1.05886
1.64592 -3.59477
1.34316 -4.3167
-2.2937 -3.53882
-0.168986 3.70007
-2.18404 -3.68437
1.81585 -3.56849
-3.47397 0.775541
-0.586223 1.13936
0.663117 2.26132
4.32975 0.381492
6.35175 -3.73601
3.22342 1.49342
-2.54315 -0.645113
4.24687 2.73119
2.51845 -0.633995
4.23827 -2.09733
0.0494894 -0.834703
2.4211 1.60138
-1.10818 3.74202
-1.3821 0.588451
-3.26706 -2.87835
1.84734 -2.16453
2.54933 -0.664602
-3.39954 -1.50785
5.87699 -1.63228
-3.3632 -2.10872
2.24586 -0.439096
2.56544 -1.69396
-1.7297 -2.93022
2.8451 0.071995
3.54085 0.182226
2.56799 -0.702693
0.379243 0.388005
-1.53194 -1.0133
-0.909125 -5.9784
-0.757452 -4.32738
2.87041 0.52186
1.07662 1.69002
6.08968 -3.50837
-1.59045 -5.75597
-1.73521 -1.21324
-2.77276 2.35931
1.04167 0.50395
-3.92762 1.98123
