7.24845 -3.02922
0.538721 7.30722
-8.78855 -2.9062
-3.7864 -3.95914
12.38 4.63
0.28559 -3.24317
0.601183 7.30309
4.54996 5.17632
-8.47319 2.94548
-2.66671 7.505
2.85901 -6.01448
11.08 -14.09
-8.18761 3.92094
2.6454 6.53571
-2.41066 0.91101
6.05841 -4.17152
0.74587 -10.8373
5.77812 4.21861
2.58881 -2.64108
-3.46421 3.71877
-4.51764 7.02387
13.48 -13.3
-2.38638 -5.71075
9.16 9.41
-2.44628 0.869819
-3.29395 3.75286
13.47 -12.51
-0.730655 6.11332
-1.72771 5.34141
2.083 1.99807
8.049 0.0322175
6.44546 -9.90288
4.43553 0.585253
-3.31683 -4.78645
-3.68876 -9.36643
1.20233 -3.00072
-0.876446 -6.08199
3.38587 1.94159
0.259243 -3.26393
6.51494 3.14272
6.73876 -0.684075
1.16208 -6.83672
-7.63514 4.76388
-2.31309 -1.60309
5.22202 -10.4623
11.2575 -5.68009
11.27 -12.87
3.65617 6.04753
7.60273 -2.08199
-8.28 -14.64
-5.46496 -1.44909
11.4479 -3.45632
10.2031 -7.20454
12.72 2.31
3.63707 0.19059
-7.53788 -5.13282
-5.20696 0.666078
-9.05264 -1.07664
0.278996 -3.26182
10.684 -1.38879
-2.1739 1.16522
2.01113 -10.9965
11.5 -14.22
-6.18177 6.28718
2.62544 -2.551
-2.57422 -0.617605
-9.21248 0.602688
-2.14953 -10.1184
4.18541 -5.74817
1.27974 -2.98159
1.58773 1.49604
-3.49589 3.39299
-9.57 8.3
-5.47604 -1.18343
-2.40505 -1.41108
-6.5072 -6.83989
7.71284 0.863221
-1.08476 4.19936
-9.09706 1.63846
5.64799 4.44779
1.35275 3.56341
1.01579 -6.74817
-7.89 -11.06
-1.86796 7.57066
5.43447 -5.58036
3.76288 -10.9032
3.49598 -1.25413
-1.20102 -2.80379
-0.922702 1.99786
10.6696 -6.61599
-4.98488 -8.03736
8.2385 -8.67396
2.20111 6.74467
2.15307 3.21348
4.07494 -5.2885
-4.98 -14.26
11.87 -13.44
-4.76663 -3.28849
3.95186 0.418965
-0.537648 -10.3028
