2.59563 6.36074
2.19633 6.58201
-1.22939 7.52911
2.67436 6.31395
0.100388 7.3508
-2.90008 3.62909
-6.70081 5.43181
-7.44311 4.54629
-0.727155 4.90801
-1.95982 4.83007
-0.277866 4.85979
-6.68488 5.44789
-7.29102 4.7528
-7.27354 5.44821
-0.160156 7.77277
-1.80187 4.85783
-0.292517 4.862
1.39153 6.95177
-4.43364 6.96874
-0.407818 4.8779
-3.27973 7.74619
-6.69464 6.02535
-0.248782 4.85589
-3.41845 4.28529
-7.33343 4.69675
-3.83562 4.04284
-0.869252 7.87307
-7.17544 5.55529
-5.217 7.04984
-2.89548 7.42322
-5.19779 6.58959
-1.77309 4.8608
0.577203 3.91295
0.667707 4.62312
2.37723 6.48503
-2.16549 3.96027
-2.93441 4.52957
-3.54423 4.20911
1.77104 7.1955
-3.09109 3.51047
-1.08687 4.16121
1.5599 7.28004
1.51287 7.29816
-3.5264 7.28179
-1.81001 7.5345
-1.62484 7.91256
-6.66847 5.46435
-2.46426 7.48524
-3.07283 7.78685
-0.691914 7.84903
-5.34114 6.98309
-4.90044 7.20664
2.44904 6.88852
2.34538 6.5103
1.93219 6.71427
0.76019 7.55271
1.43364 6.93483
0.241831 7.6891
0.00678964 4.07343
-0.234797 4.85304
-5.13318 7.0932
-7.54036 5.1342
-6.97418 5.76251
-2.05975 4.80966
-3.09254 7.38536
-0.741514 4.90889
1.03159 7.08624
-1.72064 7.53656
-7.64557 5.00039
0.271094 4.00925
1.27039 4.36896
0.75002 4.59342
-0.727159 7.85784
-2.54299 7.47714
-2.63495 4.64705
-0.770669 4.91054
-1.24733 7.9016
-2.44612 7.87466
-5.32074 6.99427
-0.465808 4.88489
-0.974501 4.91731
-3.05458 4.4755
1.48865 4.25466
-5.44705 6.44003
0.912665 4.5302
2.82077 6.697
-1.67593 7.53719
-3.2513 4.37782
-3.97423 7.14434
-3.22617 4.39493
-7.63097 5.01916
-6.38647 5.73125
-1.04823 4.16327
-8.16767 4.22514
1.55951 6.88263
-7.81105 3.97257
-2.23552 3.93628
-3.5534 7.6832
-0.395608 4.13869
-3.32531 7.65273
-7.43233 5.26558
-5.31281 6.52252
-2.7695 3.70173
-1.88022 4.04342
-6.56857 6.13533
-0.11281 7.76392
-5.03944 6.67811
-0.141573 7.40048
-7.97733 4.51111
0.127618 4.04623
2.4969 6.41792
-3.14699 4.43107
0.0998331 7.72084
-1.74249 7.91236
2.63482 6.79489
0.0912559 4.05479
0.925467 7.12248
-7.24856 4.80781
-2.25896 3.9279
-4.30258 3.61646
-3.21112 7.76033
0.413241 3.96752
-0.33566 4.86826
0.988802 7.101
-1.45505 4.90002
-1.74543 7.53568
-0.24862 4.11933
0.151049 4.77566
-4.2485 3.66792
-1.2074 7.52804
-1.78966 7.9118
-4.12672 3.77793
-4.59939 7.33886
-2.07423 4.80652
-5.78432 6.21357
1.70092 7.22415
-3.34926 7.73069
-6.78322 5.945
1.12611 4.43777
-7.75159 4.8493
-8.22971 4.11775
0.00518482 7.74068
-0.0533297 7.38326
-4.0165 7.12968
-0.0294201 4.08089
0.727521 3.85667
-2.99637 3.57121
-6.87059 5.86314
0.472001 3.94877
1.60199 4.19021
-0.930927 4.91656
-3.8259 7.19342
-1.18537 4.15514
-1.83681 7.91095
-7.05888 5.67726
-3.95503 3.92035
-3.00385 7.7991
-0.728434 4.16366
0.62373 3.89618
-2.92075 4.53541
-1.59984 4.88549
-4.64282 7.32076
-0.393545 4.87608
2.12244 7.04317
-5.42365 6.93701
0.139449 4.04337
1.79892 7.18542
-5.4647 6.91356
-3.41868 7.31015
-2.2297 4.7639
-7.63962 4.25458
-2.91123 7.81452
0.432519 4.69978
-2.91779 7.41922
-0.0656391 4.08805
-2.37626 7.88124
-0.963975 7.88186
-1.1485 4.15769
-1.51689 4.11722
-3.532 4.2171
-1.23474 4.15122
0.515728 4.67398
-0.183483 7.77704
-1.96598 7.52836
-1.68723 4.08694
-3.12086 3.49117
-7.82004 4.76331
-7.8227 3.95232
-0.872554 4.91496
0.424901 3.9638
-7.12594 5.60778
1.42506 4.28927
-7.31921 4.71567
0.0190804 4.07083
-1.57084 4.88876
-6.30108 5.80648
-7.25809 4.79804
-1.08887 7.88229
-7.41688 5.28388
-1.8202 4.05802
1.19186 4.40706
-7.60146 4.31343
0.966518 4.50791
-1.20759 4.9148
-2.73655 3.71904
-6.90533 5.82982
-1.15267 7.8961
-4.14281 7.08412
-5.40879 6.46397
-3.00121 3.99926
-2.32941 7.88529
-1.90715 7.90917
-5.25494 6.55683
-1.07432 4.16182
-4.80032 6.80136
-1.94569 4.83278
-4.18243 3.72859
-7.83398 4.74352
-4.4469 7.39989
-3.86121 3.99246
-4.18276 7.49654
-4.11571 7.5193
-3.24498 7.35218
1.4632 4.26864
1.13687 7.43366
1.88805 7.14639
-3.56931 4.1937
-2.8534 4.56373
-3.65583 4.13751
0.85297 3.80497
-5.37032 6.48771
-0.666753 4.161
-6.02033 6.03737
-3.26707 7.34709
-0.443615 7.82015
-6.71716 5.41519
-7.27706 4.771
-0.872738 7.50394
-3.19296 7.35796
-4.31318 3.60618
-5.87572 6.14716
-4.92013 6.74105
0.66622 7.20413
-8.11676 4.3104
-1.45582 4.12626
-4.05869 7.11476
-2.46672 3.8463
-0.450887 7.45277
-8.10407 4.33127
-2.51042 4.68904
-2.11856 7.90006
-6.23179 5.86576
-3.44388 4.2704
-3.71401 7.64021
0.217762 7.69462
-0.887359 4.91543
-7.80562 4.78364
0.263888 4.74722
0.626565 4.63739
0.452579 7.63688
-0.761613 7.4927
-1.98847 4.82444
0.987734 3.74446
0.601554 7.22308
-0.436803 4.88148
-3.91096 7.16571
-1.11801 7.52303
-8.20502 4.16092
-0.105536 4.83051
-1.09906 4.16059
0.64489 7.21044
-0.396249 7.8129
-7.07348 5.02359
-2.98589 3.5777
-0.494832 4.88813
-5.80787 6.19516
-0.821885 7.86827
-2.81342 3.67803
1.28322 4.36259
-1.28406 4.1467
-2.216 4.77323
-3.33196 7.3317
2.09512 6.63398
-3.61899 4.16176
0.375614 7.27729
-0.37101 4.1358
0.965365 3.75486
-7.49452 5.1907
-8.02547 4.45733
2.84963 6.20592
-2.94766 4.52381
-1.29509 4.911
-2.86776 3.64769
0.0656978 4.79541
-1.50483 4.11908
-8.14234 4.26787
0.354218 3.98547
0.187508 4.03141
0.796156 3.8289
-8.09073 4.35392
-6.45417 5.66983
-2.71439 3.73045
-0.0340787 4.8166
2.21685 6.57127
-5.8211 6.18711
-2.58727 7.47133
-2.59149 3.79058
-2.03118 4.81572
-3.01482 4.49586
-0.469509 4.14649
-3.16508 7.76945
0.925021 7.50268
-2.92165 3.61646
0.784655 3.83366
-0.348891 7.80539
-1.92134 7.53045
0.401596 3.97114
-1.62659 4.09858
-4.96352 7.17723
-6.74782 5.97742
1.21811 4.3945
-0.790145 4.16541
-5.83917 6.17398
0.556581 4.65884
-0.585725 7.84026
0.976676 3.74961
-2.21084 7.51215
-3.6928 4.11261
2.77188 6.25451
1.35576 3.90259
0.790783 4.57815
-5.56642 6.85394
-3.09419 4.45677
3.14402 6.51676
-0.372913 7.80924
-1.6092 7.53765
-2.87846 3.64157
-0.506326 4.1499
-2.97507 3.58435
-4.41267 6.97757
-6.10048 6.5028
-4.7506 7.27444
0.524723 7.61861
-2.07095 3.9904
-7.30535 4.73398
-3.48167 4.24787
-0.672926 7.48253
2.93636 6.63403
-1.98797 7.52723
-2.46985 7.87228
0.406181 7.27688
0.0231077 4.80471
-2.94314 3.60368
0.474157 4.68701
-7.42974 4.56507
2.98266 6.60835
-0.297661 4.12636
0.642483 7.58647
-2.70313 3.73618
0.571251 4.65599
-0.806186 7.4974
-8.19275 4.1822
-4.40301 7.41673
-0.187616 4.10979
-4.86036 6.7715
-2.62135 4.65183
-1.01851 4.91767
0.73136 7.18445
1.37075 6.96004
-2.04568 4.81267
-1.32083 4.14294
-1.35337 4.90761
-5.67291 6.29157
-4.3923 6.98606
-3.02718 7.39854
1.41233 4.29591
-2.87381 7.42704
-3.78021 7.62277
-0.584186 7.47144
-3.13625 7.3762
0.854591 7.52445
-7.60099 5.05774
-2.14192 3.96803
-5.72912 6.2526
-7.25834 5.46297
2.25729 6.54993
-2.67572 7.45889
-0.102382 4.09497
1.184 7.41759
2.02874 7.08521
-2.40952 3.87013
-0.463783 7.45598
-3.84754 7.60338
-0.0421479 7.75021
-4.1383 7.51171
-0.916615 7.8776
-3.76221 7.2134
0.565712 3.917
-1.46937 4.89878
1.95866 7.11594
-4.62051 7.33027
-5.82715 6.69081
-7.79956 3.99188
-6.32836 6.33153
0.253574 7.31533
1.15254 4.42555
-3.55702 4.20146
-4.83657 7.23603
1.71364 4.12316
-2.05925 3.99394
0.165033 4.77228
-1.49241 4.12096
-0.555699 4.15396
-0.422521 4.87974
-3.17328 4.41796
-0.114387 4.09716
-6.42041 5.70066
-5.7874 6.71667
3.07952 6.05579
0.538086 3.92825
-1.86838 4.04638
-5.60698 6.82955
1.09532 7.06377
0.864141 3.80015
0.0564287 7.3604
-2.01709 4.81864
-6.2907 6.3608
0.0346473 7.36505
0.359636 7.66088
-3.04916 3.53783
-0.774517 7.86319
1.07429 7.07124
-4.16021 7.50428
0.939623 4.51912
-4.03163 7.12545
-3.95337 7.15146
-4.49069 7.38276
-0.799831 4.91201
-0.479729 4.88766
-2.7915 3.68995
3.07512 6.55626
-0.0780344 4.09041
2.05183 7.07495
-4.30932 7.01988
-2.90747 4.54113
-1.16404 4.9161
0.750481 3.84753
1.57691 4.20478
-1.67205 7.91269
-6.81236 5.31621
-6.44028 6.24221
1.29642 4.35599
-3.622 7.6657
2.98429 6.11916
-1.25156 4.91308
-2.84003 4.56919
-6.07362 5.99539
3.09788 6.54328
-0.642019 4.15969
-2.96128 4.51783
-3.3547 4.32165
-7.87575 4.68385
2.43645 6.45195
-1.2224 4.91426
-6.65877 6.05715
-2.73098 4.61197
-5.11836 6.63485
-0.850779 7.50184
2.09868 7.05393
-7.30582 5.41204
0.640158 4.63272
-2.17709 3.9564
-4.20463 7.48897
-6.66801 5.45245
0.194457 7.69994
-3.4854 7.69983
-1.74809 4.07418
-2.8242 3.6721
-1.75997 4.0717
-4.24713 7.04444
-6.73031 5.9933
-6.10097 5.97048
-1.78416 4.06633
-0.263644 4.8576
-5.29871 7.00692
-7.51179 5.16518
0.312352 7.6724
0.483927 3.94486
-7.6753 4.96117
-6.12656 5.95285
-3.89255 7.59003
-2.1424 7.89868
-6.96786 5.14588
-0.939948 7.87973
0.589023 3.90874
3.0414 6.08136
-7.33789 5.37564
-0.0181342 7.74541
-3.86847 7.1797
-0.753188 4.16447
2.93879 6.15092
-2.69003 4.62722
-3.84915 4.00148
-7.1423 5.59059
-3.93186 7.15872
-0.325551 7.80159
2.84364 6.68467
-6.77924 5.35166
-4.21548 3.69867
-6.58648 6.12002
-0.89206 7.87549
-0.408096 4.1401
-3.38034 4.30719
-2.16554 7.89726
-6.65242 5.48036
-2.36617 7.49766
-1.71567 4.8707
-2.30632 7.88719
-0.668888 4.90404
-6.49537 6.19691
-2.2125 7.89419
-2.75833 4.60154
-8.12977 4.28885
-0.358891 4.13433
-5.09839 6.64593
-2.50567 3.82784
2.82995 6.21832
1.34851 7.35944
-0.703685 4.1627
-0.6061 7.47429
0.105386 4.77903
1.04642 4.47356
-1.12047 4.91702
-6.04272 6.54405
-3.30316 4.35007
0.695202 4.61337
-2.96455 3.59076
-2.39251 7.88258
-3.67661 7.23924
0.52983 4.66948
1.77483 4.08485
-4.71948 6.84046
0.99614 7.48011
-1.66291 4.09172
-1.56448 7.53763
-4.02452 3.8644
-1.2962 4.14549
-2.6475 3.76383
-6.36584 6.30202
-3.91461 7.58342
-7.57079 5.09609
-1.85949 4.84834
-0.962009 7.51179
-6.88825 5.84625
-1.34195 7.906
-1.93105 7.90842
-8.21757 4.13907
-5.65464 6.30402
-2.34363 7.49997
-3.68038 4.12103
-3.00409 7.40319
2.05435 6.65446
-1.65094 4.09402
1.25715 4.37549
0.903039 7.12982
-0.876638 4.16635
-1.00666 7.51533
0.830534 7.53145
-2.72531 3.72485
0.972193 7.48777
-2.23277 7.5103
0.103493 4.05194
0.282848 4.00599
-3.394 7.72117
1.06058 7.46547
0.807395 7.53871
2.86871 6.19382
0.382929 7.65511
-1.78766 4.86006
-3.92009 3.94766
1.42789 7.33334
-2.68979 3.73972
-5.216 6.57949
0.26506 7.68364
-2.1044 7.51938
-2.27259 4.75865
1.58964 4.19741
-6.17962 5.90937
1.60148 6.86473
1.65393 7.24303
-3.68972 7.64778
-4.1008 7.09957
-0.963162 4.16551
-7.55582 5.1149
-1.1979 4.1542
1.51763 6.90025
-1.6578 4.87845
0.945953 7.11553
-7.08818 5.00612
-3.36734 4.31455
-1.07651 4.91735
-2.37098 4.7315
-5.02801 7.14571
-2.66986 3.75285
-0.509138 4.88967
1.11365 7.44148
3.13618 6.01727
3.11751 6.03004
-3.76537 4.06224
0.502019 4.67832
-6.61976 5.5126
0.736137 4.59854
0.600491 3.90463
-2.34023 3.89759
-4.24895 7.47338
-0.926169 4.16609
-0.538188 4.89266
-7.00831 5.72849
-1.38216 4.13593
0.320264 4.732
-2.04717 3.99758
-1.62925 4.10054
-8.27834 4.03069
-0.751179 7.86059
0.170457 7.70534
-2.44085 4.71081
-2.00133 7.90581
-1.39685 4.90463
-2.24431 4.76602
0.356787 3.98792
-4.53624 6.92444
-4.97976 6.71906
-5.07896 6.65661
-0.00546856 4.81073
-3.77762 4.05353
-0.0481863 4.81943
1.13794 7.04842
-4.04912 7.54121
2.77434 6.72184
-2.53961 7.86486
2.51647 6.40672
-2.02089 7.90643
-2.21084 7.51215
1.73826 4.10788
-5.92556 6.6252
-1.83202 7.53383
-4.43145 7.40198
-2.74903 7.83875
0.901777 7.50993
-1.4679 4.12455
-8.07811 4.3735
-3.5907 7.26401
-4.68614 7.30239
-3.23847 4.38455
-2.3288 3.90198
-2.95296 3.59807
-2.48255 4.69789
-0.596336 4.89815
0.0941856 4.78899
-0.895389 7.50602
-1.02942 7.51692
-4.67888 6.85961
0.221701 4.75817
0.875632 3.79516
-4.59736 6.89713
-1.03289 4.91771
-4.46849 7.39148
1.28623 6.99302
-2.14524 4.79042
-1.94078 4.02747
-6.81842 5.91233
-5.98442 6.06519
-3.69471 7.23442
-1.35768 4.13881
-4.87939 7.21641
1.27822 7.38467
-3.1862 4.41144
1.67708 7.23376
-4.08151 3.81682
-2.88839 7.81815
-1.32424 4.9094
-6.93986 5.79629
-6.43707 5.6855
-0.00926692 7.37427
-0.950931 4.16574
-6.47074 5.65455
1.7256 6.81017
-3.15995 4.42463
1.2075 7.40933
-2.53823 4.68
-0.567254 4.89549
-7.9312 4.60172
-3.7292 4.08761
-1.92822 4.03103
-7.20561 4.86235
0.536764 7.24149
-2.01168 4.00797
-2.15924 4.78711
-5.52572 6.87806
-0.968145 4.15849
-5.27407 6.54557
-0.639772 4.9018
-4.14915 3.75825
-1.62883 4.88206
-7.04224 5.69423
-3.3967 7.31572
1.01004 3.73393
2.73284 6.27851
-3.50688 4.23257
-2.74163 7.44891
0.900147 3.78482
-6.3474 6.31659
-1.1627 7.52566
0.507408 3.93704
-8.03892 4.43614
-3.01759 3.55794
-2.56599 4.67078
0.909348 3.78029
2.35565 6.93404
1.51402 4.24054
-0.307698 7.79631
1.09962 4.44984
-1.56578 4.10929
1.20142 7.02509
-0.0900265 4.09267
1.05994 4.4676
0.249974 4.75087
-1.33859 4.90854
1.45063 4.27548
-6.15787 6.46096
-3.63586 4.16637
-1.53036 7.91147
-2.77995 3.6963
-6.85343 5.87941
-2.17366 4.78365
1.3724 7.35073
-1.41254 7.90857
0.0525119 7.7309
-3.41721 7.71587
0.646921 3.8876
-7.66073 4.98036
-1.85615 4.0494
-1.75684 4.5856
2.5561 6.38383
0.543515 4.66506
3.00317 6.10673
-1.09128 4.91742
-2.18825 7.51398
-0.224131 4.11561
-1.26963 7.90313
-6.45851 6.22732
0.979745 4.50233
3.06048 6.06855
0.115369 4.04914
-3.735 7.63542
-1.38705 7.53473
-4.82017 6.79157
-1.50708 7.91104
-6.71266 6.00871
-0.551436 4.15176
-4.36059 7.00128
-1.90424 4.0373
-1.25941 4.14903
-3.11196 3.49657
0.0420989 4.06558
-1.10566 4.91724
-2.49868 7.48269
0.571972 7.60591
-0.8434 4.9138
-4.35902 7.4333
0.180458 4.03969
-6.53754 5.59194
1.23111 7.40126
1.84976 6.75331
-4.78469 7.25135
-0.901405 4.1663
-2.08829 4.80342
-0.138772 4.10151
-6.35235 5.76161
-3.39294 4.3
0.514714 7.24763
-7.65209 4.235
-2.35198 3.89304
-5.98403 6.58512
-7.78722 4.01352
-2.35674 4.73583
-3.98233 7.5625
0.612554 4.64217
-2.71989 7.45227
-6.23419 6.40399
-5.50684 6.40116
-1.6953 7.91265
3.00545 6.59561
-6.31805 5.79173
-2.13081 4.79392
-6.06182 6.5305
2.41722 6.46286
-5.52314 6.39139
-2.03549 4.00103
-2.63151 7.46524
-2.38482 4.72749
-0.975691 4.16525
-4.05873 3.83602
-6.76497 5.36595
2.03423 6.66446
-1.30951 4.90983
-2.70249 7.84506
-7.52333 4.43086
0.0801517 4.79217
-7.86211 4.70319
-2.38648 3.87943
-3.05008 7.79096
-4.20457 3.70852
-4.03586 3.85512
0.807482 3.82422
-7.76315 4.05428
2.23911 6.98938
-2.78563 4.59093
-1.47083 7.54748
-2.31471 4.7473
-3.08079 3.51727
-1.42595 4.90241
-1.43848 4.1299
-3.48324 7.29337
-3.94352 3.9294
-6.00213 6.05151
2.86717 6.67192
0.460409 3.95254
-4.31493 7.44959
-0.420227 4.14143
-3.37535 7.32106
-1.64619 7.9134
-1.44029 4.90127
-1.84431 4.05227
-2.43251 3.86068
0.188177 7.33086
-6.73299 5.399
-1.67206 4.87664
-0.864438 4.16633
-2.48957 3.83648
-0.134257 4.83581
-3.13274 3.48252
0.693155 3.87007
-1.88394 7.90983
-2.80231 3.68409
-2.56891 3.80105
-7.32165 5.39413
-2.13136 3.97103
-1.54188 4.89106
-2.12175 7.51898
0.619249 7.59296
-0.199663 4.11174
0.860061 7.14388
-0.260591 4.12112
2.88834 6.18132
-0.0974322 7.39199
-6.87516 5.24875
-1.68675 4.87466
-3.71945 7.22646
-1.71925 7.91254
2.26216 6.97856
-0.362164 7.43905
3.11319 6.53225
-6.40315 6.27224
-2.32173 7.50214
-6.53206 6.16625
-3.2885 7.34208
0.595247 7.59956
-2.30082 4.75109
-0.309754 4.128
-2.74486 4.6067
1.08655 4.45574
1.65191 4.16068
-5.86675 6.66469
0.418285 4.70393
2.07504 6.6441
-5.2352 6.56836
-4.5569 6.91519
-1.7588 4.86446
-5.70745 6.76759
2.4957 6.86539
0.073366 7.72532
1.60692 7.26166
-7.67514 4.20961
2.81081 6.23031
-2.58629 7.85954
-1.58645 7.53768
-3.96685 3.91099
-5.94834 6.09276
-0.114522 7.39598
0.278205 4.74342
-7.99879 4.4989
-2.60733 4.6567
-5.19578 7.06094
-7.98554 4.51935
-0.296028 7.42816
1.7479 7.20502
-1.54135 4.11333
1.32531 7.36783
-3.26448 4.37084
-0.65383 4.16042
1.53673 7.289
0.362549 7.2882
-3.07015 3.52424
-1.57782 4.10725
-0.960119 4.9171
-2.63294 7.85394
2.56529 6.83042
-2.75903 7.84284
-6.62272 6.0887
2.11377 6.62421
-6.24849 5.85176
1.67674 4.14572
-7.76284 4.84311
-1.17668 7.8976
-5.61717 6.32935
-2.86485 7.82181
-0.765402 4.16481
1.06651 7.45717
-2.42307 7.8769
-5.71029 6.26574
-2.51236 3.82652
-1.55361 4.11127
-7.02566 5.08086
-7.77702 4.82352
1.58011 6.87387
-4.20535 7.06055
-7.58614 5.07666
-2.52116 7.47991
-0.456807 4.14529
-2.39905 4.72333
-3.49447 4.24013
-4.57721 6.90621
-3.6683 4.12916
2.94588 6.14425
-3.22352 7.35706
0.773389 3.83827
-7.56248 4.37274
-0.989313 4.91747
2.61188 6.80667
2.63916 6.33896
-1.91699 4.83814
-6.95231 5.16342
0.341035 7.29368
-7.34717 4.67833
-1.71151 4.08201
0.670061 3.8789
2.54318 6.84188
2.19232 7.01114
-7.89001 4.66264
-2.47682 7.48532
-0.125583 4.81958
-1.96395 4.02139
-6.1618 5.92407
-3.8135 4.02767
0.0552032 4.06296
-4.49516 6.94241
-1.89241 4.04033
0.885643 4.54113
-3.58195 4.18566
-2.49669 4.69343
0.495497 3.94102
0.911574 4.55319
-2.60958 7.85665
-1.55433 7.91186
-1.34545 4.14024
1.39558 7.34221
-7.49681 4.46954
-6.90626 5.21469
2.69369 6.3023
-7.52528 5.15291
-2.99871 7.50813
-0.858177 4.91446
-2.87311 3.63833
0.404493 4.70801
-1.12935 7.89458
-1.15046 7.53004
-0.756304 4.90974
0.297329 7.30463
-7.54962 4.39198
-2.28253 7.88907
-1.03739 4.16337
-4.70744 7.29323
-0.251762 7.42054
-5.09108 7.11447
1.16078 7.42554
-6.98291 5.1288
2.31735 6.51772
-7.40244 4.60303
-2.57971 4.66667
0.209772 7.32579
-1.36525 7.90692
0.931864 3.77018
-2.69748 7.45566
0.234808 4.01894
-6.14445 5.93829
-0.273131 4.12291
-3.64369 4.14554
-2.28229 3.91941
-2.88943 3.63527
1.24386 7.00917
1.2657 7.00093
0.886773 3.79028
2.53659 6.39513
-4.96002 6.72034
-7.02506 5.71164
-3.32897 4.33595
0.207832 4.76185
-5.64739 6.80489
-1.12378 4.15921
0.306678 3.99928
-0.691494 4.16217
-6.27209 6.37512
-3.88491 3.9746
-1.19322 4.91527
-3.0598 3.53097
-7.70471 4.92204
-1.86012 7.9104
-2.49288 7.8699
-2.38806 7.49535
-2.67955 7.84806
-4.04747 3.84543
-7.37492 4.64079
-6.79677 5.33268
-2.79922 4.58659
-4.85768 7.22639
-0.73966 7.4903
1.10271 7.05903
-1.48315 7.9105
0.612121 3.90038
-7.21984 4.8444
-2.81841 7.82883
1.37368 4.31644
-0.0627217 4.8223
0.948954 7.49515
-1.97607 4.01804
-7.41592 4.58436
-0.987888 4.16495
-2.09465 3.98309
0.0371738 4.80168
-1.95425 7.90763
-0.756278 4.16098
-3.45638 4.26301
0.845193 4.55717
-2.66252 4.63722
0.942936 3.76515
-6.38695 5.72473
1.61463 4.18272
2.70494 6.75846
-1.5275 4.8933
-1.09599 7.52163
-0.538354 7.83382
-7.90366 4.64259
1.00654 4.49089
-5.48492 6.90185
-4.67858 6.8641
-0.334313 4.13124
2.17637 6.59239
1.87008 6.74378
-3.61252 7.25783
-5.62514 6.81985
-7.01331 5.09395
-2.25825 4.7624
-5.54638 6.86586
0.376462 4.71616
-1.57761 7.91216
0.223285 4.02214
-0.829001 4.91332
0.747245 7.17561
1.36097 4.32305
-4.63818 6.8785
-0.777946 4.16514
1.16553 4.41948
-5.17692 6.60189
-3.17991 7.36676
-2.52453 4.68447
0.332728 4.72474
0.881873 7.13678
-2.9745 4.51199
-0.185751 7.40871
-1.01264 4.16423
-1.76643 7.91211
1.72731 4.11648
-4.00439 7.55554
1.07305 4.46177
-5.35142 6.49922
-5.05889 6.66758
-3.27727 4.36403
-2.84601 3.65997
-1.37005 4.13739
-3.64437 7.65986
-1.27155 4.1479
-3.82534 7.60985
1.24428 4.3818
-0.609064 7.84333
-0.851161 4.16643
2.23676 6.56079
-7.05829 5.04153
-6.92157 5.19773
0.581435 7.22904
0.681443 3.87457
-1.45301 7.53643
-2.62508 3.77467
-2.11831 3.97563
-0.580402 4.15578
1.50153 4.24752
-7.79156 4.80332
-5.72779 6.75477
-1.10536 7.89293
-1.79606 4.06362
-7.5099 4.45053
-4.07944 7.10731
-4.0703 3.8263
-1.06213 4.16237
1.44756 6.92805
-0.839672 4.16617
1.70514 6.81932
-7.15915 5.57267
-3.78949 4.04504
0.658328 3.88333
-0.163329 7.40457
-3.531 7.68874
1.89098 6.73391
-5.69196 6.27843
-4.45397 6.96012
-2.00258 4.81864
-3.8729 3.98368
2.47203 6.87716
-0.810746 7.50041
-0.153074 4.10348
-7.24105 5.48414
-2.61401 3.77996
1.80846 6.77248
-2.24745 3.93203
2.0756 7.06431
-4.79364 7.25537
-1.72991 4.86868
-8.28988 4.01146
-6.03796 6.02357
-0.278191 7.79367
-0.378863 4.87413
-6.99176 5.74402
0.0793641 4.05752
-1.05132 7.51861
1.01936 7.4726
-1.81402 4.06445
-3.5942 4.17781
0.199326 4.02838
-1.24432 4.15102
-0.148424 4.83835
1.44265 7.32473
-4.33731 7.44136
-3.54771 7.27595
1.00989 7.09376
0.144304 7.34095
-3.59894 7.67165
-0.163008 4.84094
0.436847 3.9601
0.542353 3.92514
-0.678941 4.1616
-1.40828 7.53549
2.72786 6.74643
-2.2708 3.92361
-2.88047 4.55252
-4.94038 6.73058
0.558162 7.23547
-4.55586 7.35668
-0.889203 4.16634
-0.481658 4.14765
1.47612 4.26156
-3.34161 4.32877
0.952882 4.51362
1.76708 6.79144
-1.93113 4.83552
-2.93943 7.41526
0.598935 4.64677
-7.62672 4.27469
0.752662 7.1779
-6.02301 6.55794
-6.55388 5.57638
-3.89654 3.96575
-6.58692 5.5446
0.179423 4.76876
0.163496 4.03745
-1.83069 4.85317
-2.84198 7.8253
-2.14371 7.5174
-3.75346 4.07065
2.39753 6.47381
-7.70212 4.15504
-0.561627 7.46844
-1.29464 7.90394
-0.340327 7.43552
0.858559 4.55191
0.446245 4.69555
1.33513 4.33636
-0.00515473 4.07593
-1.00045 4.1646
0.689711 7.57312
-0.523874 4.89121
-8.24214 4.09574
-6.64103 6.07273
-1.21006 4.15325
-0.514048 7.83052
-0.940016 7.50995
0.763489 4.58842
2.75214 6.26659
-2.74744 3.71336
-2.56545 7.47422
-3.74053 7.22006
0.704508 3.86568
0.77678 4.58241
-1.26593 4.91244
1.68894 4.13831
-5.94173 6.61687
-1.63123 7.53757
-2.79576 3.80341
-5.17515 7.07166
-4.51222 7.37422
-0.383485 4.13729
-0.561692 7.83703
0.234414 7.32029
3.05169 6.56956
-1.31795 7.90499
-5.48517 6.41584
-0.490984 7.82712
-7.95849 4.56064
-2.85151 7.43091
-2.34287 4.73949
-0.605115 4.15745
2.51867 6.85391
-0.191787 4.84592
-2.5937 4.66139
0.654166 4.62791
1.76278 4.09248
-1.98784 4.01475
0.430201 7.64321
-3.04109 4.48178
-0.617294 4.15823
0.294942 4.0026
-2.03258 7.52475
1.03229 3.72329
-6.7658 5.961
2.90735 6.16913
-1.76533 7.53566
-5.57956 6.35442
-1.51976 7.53734
-4.61808 6.88771
0.722639 4.60347
-6.51988 5.60894
-0.20753 7.41268
-2.67323 4.60896
0.318868 7.29926
-3.80245 7.61644
-7.16186 4.91674
-4.81482 7.24586
-4.25925 3.65783
-2.98094 7.80277
-3.88955 7.17277
-2.8298 7.4346
-1.78735 7.53512
-1.65391 7.53741
-3.03874 3.54453
-2.23578 7.89249
-1.55654 4.8903
1.91185 7.1362
-0.592576 4.15662
-4.94309 7.1866
-5.50561 6.88984
-2.65591 7.85108
-2.54627 3.81138
1.1789 4.4132
2.57619 6.37213
1.62699 4.17551
-0.814908 4.16586
-0.0537136 4.08572
-3.95959 7.56959
-6.57067 5.56029
-2.29894 7.50437
-7.14732 4.93467
-2.82616 7.43216
-1.73575 4.07693
-3.20144 7.362
0.384635 7.28249
-1.43129 4.12963
-2.3751 3.88396
-3.63369 7.25176
0.193387 4.7653
-2.91103 3.6227
3.02258 6.09389
1.58357 7.27075
1.47567 6.91765
0.012427 7.36975
1.05264 7.07888
-2.79553 7.83217
-2.30557 3.91077
1.91125 6.72428
-2.18764 4.78026
1.98186 7.10585
-1.88825 4.84332
-4.28098 3.63722
1.20501 4.4005
0.165923 7.33601
0.493289 7.25353
-6.84386 5.28259
-0.361503 4.84108
-3.8374 4.01014
-3.74094 4.0787
-7.3887 4.62184
-4.07478 7.53092
-1.40673 4.13285
0.830254 3.81465
-2.0954 7.90133
-1.31884 7.53282
0.70947 7.19113
-5.5418 6.37925
-2.16631 7.5157
-7.09251 5.64264
-3.18774 7.76501
-7.91766 4.62188
-1.06209 4.91765
0.761774 3.84298
1.41289 6.94321
-4.28946 3.623
3.02892 6.58243
-0.656436 7.84935
-0.539726 7.46547
-2.81286 4.58015
-5.9659 6.07946
-1.2521 7.53015
-6.30983 6.34598
-0.318057 7.43182
0.795793 7.16443
-1.5902 4.1051
-1.90241 4.84086
-7.75121 4.07429
-1.58555 4.88712
-2.27726 7.50635
-1.77189 4.06907
-3.23378 7.75573
1.38674 4.3096
-0.711758 4.90934
-7.73885 4.09485
0.147148 7.71052
-0.654542 4.90296
-5.1539 7.08259
-3.13361 4.43757
-2.98333 7.40704
-5.91211 6.12008
-4.28882 7.02805
0.818018 4.56773
1.53827 6.8916
0.292098 4.73969
-6.4217 6.25703
-7.19216 5.53733
-3.93748 7.5764
-4.26768 7.0364
0.0310115 4.06826
1.22296 7.01704
-1.45982 7.90994
0.348386 4.72416
-7.20835 5.51983
-5.85773 6.16041
-0.306751 4.86411
-6.1196 6.48883
-3.32562 7.73637
-2.36338 3.88859
-6.28357 5.82161
-2.52357 3.82155
-0.163182 4.10572
-3.06767 4.46936
0.0516491 4.79852
2.14551 7.03266
-2.69216 3.74173
2.89002 6.65947
-5.23757 7.03899
-2.95757 7.80695
-7.72678 4.11476
-6.60489 6.10415
-7.47007 4.50802
1.86493 7.15622
-0.494171 4.14881
1.39941 4.30292
-4.13779 3.76825
-5.96478 6.59841
-4.2374 3.67828
1.11998 4.45244
-2.20059 3.94842
-7.46354 5.22825
-4.29318 7.45751
-5.68766 6.77997
-2.31965 3.90464
0.784138 7.54564
1.30921 4.34954
2.91389 6.6465
2.63505 6.33745
-0.917374 7.50799
0.389594 3.97482
-8.25415 4.07432
-7.35361 5.35762
-2.82626 4.57477
2.13579 6.61329
-0.177183 4.84341
-3.00126 4.5
-3.02663 7.79512
-1.16073 4.15687
-2.15354 3.96422
1.81799 7.17598
-4.12151 7.09199
0.73693 7.55951
-5.80708 6.70385
-0.610685 4.89934
1.66355 6.83773
0.548003 7.61239
-0.517171 7.46234
-1.43032 7.53598
-6.10912 5.96696
1.18049 7.03285
0.872321 4.54648
2.40236 6.9114
-4.53438 7.36536
-5.8862 6.65172
-8.05192 4.41552
-1.23677 4.9137
-1.2 7.89899
-7.17657 4.89862
-4.10417 3.79745
-4.00147 3.88321
-1.36773 4.90667
-0.650597 7.47988
-6.19688 5.89504
-2.25942 7.89083
-2.4688 4.70221
0.390278 4.71216
-4.16017 3.7485
-3.9783 3.90186
-0.364591 4.87225
-0.207505 7.78136
-3.5695 7.26994
-4.27059 7.46574
-6.82836 5.29918
-4.16347 7.07641
-4.90043 6.75117
-1.17703 4.92434
-7.47522 4.50587
-2.65285 7.46228
-1.87669 7.53227
-0.0316159 7.37886
-2.60237 3.78554
-1.40945 4.92029
-3.78326 7.20687
-1.47504 7.53679
-0.944353 4.92128
-0.406511 7.44604
1.53931 4.22629
1.30142 7.37641
-6.13897 6.47483
1.78424 6.78302
-4.77986 6.81138
2.35749 6.49587
-6.17729 6.44661
2.71357 6.29026
2.65843 6.78269
-1.8165 4.85549
-7.28947 5.43041
-1.69955 4.08446
1.529 4.23547
-0.285214 4.12463
-3.93116 3.93758
-2.78574 7.44189
0.0291924 7.73575
-0.698016 4.90611
-3.57654 7.67736
-6.24719 6.39946
-6.00383 6.57136
-2.08298 3.98671
0.993036 4.49614
-0.567877 4.15487
-3.12063 4.444
-7.73389 4.88268
-5.66725 6.79265
-0.802708 4.16566
0.831414 4.56255
0.306391 4.7358
2.17116 7.02158
-1.701 4.87273
-1.0037 4.91759
-1.95217 4.02461
-0.420279 7.81661
0.211485 4.02523
-0.350769 4.13235
-1.29681 7.532
-0.987307 7.88386
-4.35086 7.0031
-1.60221 4.10299
0.477466 7.63104
-5.38989 6.47567
-2.55776 3.80616
-7.11785 4.97051
1.93496 7.12625
-0.444861 4.14403
-6.50423 5.62336
-3.43311 4.28463
-4.11426 3.78575
-1.94321 7.52948
-7.44819 5.24667
-5.38247 6.96018
-5.84668 6.67797
0.318766 3.99583
-2.42074 3.86558
-2.41286 4.71924
-2.53509 3.81641
-1.67526 4.08931
-7.0435 5.05888
-3.04876 7.39426
1.32624 4.34721
-7.40086 5.30283
-2.45364 4.69513
-5.8942 6.13345
-0.531007 4.152
-6.19611 6.4326
-6.92287 5.81284
-1.98667 4.02579
-2.22404 3.9403
-2.71747 4.61705
-0.901738 4.91584
-5.42821 6.45185
-2.0106 7.52601
-1.48412 4.89745
-6.26652 5.83624
-3.11898 7.77829
1.70149 4.13064
-3.70484 4.1044
-1.03466 7.8877
0.330468 3.99244
0.518948 3.93314
-8.01235 4.47785
-5.00652 7.15619
2.33258 6.9451
1.72407 7.21476
-2.43246 7.49047
-2.44382 3.85597
-6.93716 5.1804
-2.07154 7.90258
-3.35174 7.32716
0.377928 3.97837
-1.1732 4.15602
-0.384658 7.44263
-0.0194287 4.81394
-3.21238 4.39808
0.247208 4.01576
-0.205977 4.84831
0.954322 3.75995
-1.08201 7.89128
-1.39463 4.13439
-5.13772 6.62404
-4.2266 3.6883
-0.135994 7.76834
-2.11678 4.79701
1.56452 4.21192
-1.07333 7.52013
-4.73941 6.83094
-0.17522 4.10774
-0.625432 4.90064
-7.58843 4.33356
0.122636 4.78241
0.406911 7.64911
-5.04886 7.13547
-3.2571 7.75093
0.719912 3.86052
0.449761 7.26533
1.4897 7.30699
-7.67722 4.19512
-0.0654696 7.7548
-0.703808 7.85511
-4.22619 7.0525
-3.43974 7.71064
-0.230835 7.78549
-4.99979 6.69935
-5.74738 6.23978
-3.02796 4.48784
-1.48034 4.12275
1.74665 6.8007
-5.27922 7.01677
2.2771 6.53936
-4.66418 7.31174
1.62187 6.85591
-4.47488 6.95117
1.99333 6.68462
2.30891 6.95642
-5.7475 6.74226
-7.69025 4.94134
-5.36212 6.9715
-3.37145 7.72626
-3.75729 7.62922
-0.0768453 4.82505
-6.53972 6.17058
-4.98561 7.16629
-0.695117 7.48522
-7.53631 4.41173
-7.1909 4.88077
-4.75996 6.82104
-3.44 7.30468
-0.495293 7.45925
-2.04837 7.90371
-2.70355 4.62221
-6.40323 5.71619
-0.71706 7.48775
-5.56097 6.36669
-3.46922 4.25535
-1.49844 4.89612
1.03328 4.47932
1.34934 6.96849
-2.2865 4.75495
-6.47723 6.21193
-7.61414 4.29417
0.688169 7.19756
-3.29041 4.35697
-4.09375 7.5266
2.45711 6.44049
-7.71429 4.13525
-3.07098 7.38978
1.95233 6.70456
-0.798548 7.8658
-4.88098 6.76088
-2.63646 3.76919
0.838864 7.15072
2.68136 6.77078
-2.07718 7.522
1.32853 6.97664
-1.36356 7.53429
-2.51659 7.86738
2.28588 6.96736
-7.38535 5.32087
-2.45544 3.85108
-1.13485 4.91676
-1.27413 7.5311
