1.50469 -6.96665
5.64002 -10.0716
2.73029 -11.164
-1.78529 -10.3933
0.642129 -11.039
1.05775 -11.0969
-0.380816 -10.3187
2.82812 -11.1603
4.86799 -10.8787
7.74498 -9.72158
2.07548 -11.1667
6.05821 -10.5208
2.35887 -6.89358
3.51042 -6.65283
3.54925 -10.5619
7.1405 -10.0521
-0.637674 -10.7682
4.865 -10.3085
6.98422 -9.48413
4.53161 -10.3898
3.57977 -10.558
2.84012 -6.82801
-0.228512 -10.3553
4.61831 -6.18236
4.74365 -6.11277
6.3944 -10.3909
3.97343 -11.0486
4.1343 -10.4713
1.0567 -6.95344
5.58097 -10.0921
0.136564 -10.4343
8.29942 -9.36827
5.77835 -10.6198
3.12229 -11.1438
-1.6941 -10.4279
-0.794916 -10.7244
5.84211 -10.5974
6.62101 -9.66694
1.62716 -6.96495
7.66002 -9.09006
1.91207 -11.1614
4.10402 -10.4769
1.28047 -6.96416
-0.107842 -10.383
-0.225225 -10.872
4.95512 -10.2845
3.0246 -11.1502
4.25821 -11.0049
3.47145 -6.66511
-1.36437 -10.0258
5.31414 -10.1796
-1.25425 -10.5796
4.1592 -6.40725
2.92832 -10.6209
8.46145 -9.25495
4.323 -10.9931
-1.35599 -10.5488
3.64172 -10.5499
5.02675 -10.8397
2.40329 -11.1699
8.02411 -8.84533
-1.07662 -10.6401
8.19016 -9.44203
-1.06961 -10.1239
4.29121 -10.9989
3.23671 -6.73349
0.914172 -6.9446
0.577343 -11.0289
7.33821 -9.28709
0.318898 -10.9847
7.66982 -9.77869
4.37946 -10.423
0.868851 -11.0714
8.10048 -8.79083
0.158291 -10.9543
3.97064 -6.48644
2.52188 -10.6396
1.60645 -6.96539
0.596472 -10.5155
2.4357 -11.17
7.81695 -8.98756
8.20197 -8.7166
5.40126 -10.1635
7.36636 -9.27039
4.80451 -10.3242
3.60723 -6.62115
3.51331 -10.567
0.0753494 -10.422
2.89363 -11.1573
-0.651988 -10.2477
7.21799 -10.0192
-0.731912 -10.7423
-0.993124 -10.1497
6.81731 -9.57051
3.4159 -11.1195
0.738941 -11.0534
1.30824 -10.6018
5.55182 -10.102
5.07551 -10.2509
7.79119 -9.00469
1.03105 -11.0918
7.92098 -8.91715
4.215 -6.38231
1.26036 -6.96359
6.16471 -9.87061
5.69896 -10.0507
1.3621 -6.96591
7.06665 -9.43993
4.70791 -6.13299
7.3444 -9.94653
0.416123 -11.0021
6.9936 -10.1245
0.38336 -10.9963
3.95202 -6.49439
4.77449 -10.3317
2.11492 -6.93647
5.31131 -10.7633
-1.12897 -10.1049
2.65999 -6.86255
7.39295 -9.25465
3.36309 -10.5835
3.30106 -10.59
1.97284 -6.94838
4.76121 -6.10273
3.21984 -11.1366
1.11788 -6.95784
3.93571 -11.0567
3.33248 -10.5868
7.5004 -9.18988
0.0442742 -10.4156
7.84342 -8.96983
8.2726 -9.38656
0.627798 -10.5203
-1.57145 -10.4731
2.23894 -11.1697
1.52546 -10.6187
1.46387 -6.96674
0.504391 -10.5009
8.38169 -9.31011
3.49118 -6.66397
2.30495 -10.6428
0.126615 -10.948
3.15774 -6.75439
6.95611 -9.49897
0.0283284 -10.9284
1.37049 -10.6071
3.7036 -10.5413
4.00058 -11.047
4.25225 -6.36531
7.66023 -9.77118
7.44678 -9.22245
-0.00178255 -10.9216
7.71707 -9.73803
1.12257 -10.5839
5.81151 -10.6078
1.97762 -11.1639
7.37382 -9.93081
2.21166 -10.6429
1.33981 -10.6045
2.92 -6.81104
1.58816 -10.6227
6.76133 -9.59857
-0.0974015 -10.9009
-0.890886 -10.179
-0.574413 -10.7852
6.42524 -10.3783
-1.56909 -9.9523
3.85763 -10.5185
6.81532 -10.2086
-0.352698 -10.8416
4.473 -6.2585
0.933884 -11.0799
1.95278 -6.94982
4.59251 -10.3759
5.1051 -10.2424
-1.23193 -10.5903
-0.861442 -10.1878
4.56334 -6.20991
2.1184 -10.6422
1.38265 -6.96417
6.90509 -10.1668
4.54589 -6.2209
-0.416297 -10.8259
1.30117 -6.96469
5.34239 -10.7544
4.74392 -10.3394
0.853451 -6.93947
5.34439 -10.1701
7.99722 -9.56718
6.84558 -10.1946
-0.511053 -10.8018
1.0962 -11.0993
5.61094 -10.0817
8.59438 -9.1583
7.51765 -9.85217
3.3946 -10.5801
3.87588 -6.5243
-0.168747 -10.3693
7.42028 -9.23836
1.78103 -11.1555
0.836005 -11.067
6.27993 -9.8218
4.5095 -6.23982
5.78668 -10.0188
2.45909 -6.89508
4.34843 -10.4295
2.71994 -6.8516
1.32128 -6.96515
8.64727 -9.1189
4.65332 -10.3615
0.954886 -6.9477
1.83054 -6.95732
8.48784 -9.23602
6.30822 -9.80955
6.11969 -10.4981
1.72888 -6.96189
2.21612 -6.9265
2.78038 -6.84004
1.02878 -10.5736
1.15319 -10.587
0.35156 -10.9907
-0.983685 -10.6689
2.77284 -10.6298
1.87928 -11.1599
6.65745 -9.64758
2.05423 -6.94192
3.57848 -11.1026
7.86908 -8.95253
1.32407 -11.1226
4.61204 -10.9361
-0.289007 -10.857
3.20813 -10.599
2.47899 -6.89214
1.74876 -11.1538
6.10687 -9.89445
5.75776 -10.0294
8.2771 -8.6603
4.31828 -10.4357
2.23673 -6.92386
-1.47977 -10.5059
2.92753 -11.1549
7.01147 -9.46963
8.40768 -9.29308
-1.42314 -10.0051
6.33351 -10.4154
3.80582 -11.0748
2.51934 -6.88598
3.70356 -6.58796
2.97948 -6.79774
0.373105 -10.4934
5.12152 -10.8152
2.99065 -10.6167
2.93965 -6.80671
4.58216 -6.20175
3.03883 -6.78382
2.80011 -6.83613
3.11817 -6.76446
1.40293 -6.96642
5.24816 -10.781
4.83433 -10.3165
2.37012 -11.1703
-1.27642 -10.056
-0.0646483 -10.3995
4.72555 -6.12313
7.55589 -9.14835
3.07853 -6.7743
6.22239 -9.84639
7.12165 -9.40988
3.83767 -6.53891
2.01354 -6.94527
1.54552 -6.96633
0.975545 -6.9492
-0.741655 -10.2226
-1.20128 -10.6003
0.319735 -10.4691
1.27757 -10.5991
4.77926 -6.09232
3.45111 -11.1147
-1.44826 -10.5169
2.697 -11.1651
7.02296 -10.1101
4.1957 -10.4598
-0.193735 -10.8792
5.04497 -10.2596
4.67616 -10.9224
4.0464 -6.45575
3.01926 -6.78852
-1.45922 -9.99324
-1.50992 -10.4952
3.77379 -11.079
6.30346 -10.4274
5.40538 -10.7361
1.19353 -11.1099
1.42304 -6.96658
5.53102 -10.6984
-0.350078 -10.3263
1.09105 -10.5805
2.5336 -11.1689
1.70883 -6.95867
-1.33537 -10.0358
-1.38648 -10.5383
4.38154 -6.30402
8.00001 -8.84763
5.96602 -10.5542
2.50129 -11.1694
2.3674 -10.6423
2.14918 -10.6426
4.13012 -11.0266
1.68327 -11.15
4.00861 -6.47143
2.86596 -10.6248
5.87359 -10.5866
2.20663 -11.1693
1.90022 -10.6374
1.64727 -6.96447
4.58042 -10.9428
0.105499 -10.4281
7.4601 -9.884
-1.66304 -10.4395
4.62248 -10.3689
-1.41784 -10.5275
0.350919 -10.4747
1.6198 -10.6246
-0.591795 -10.2641
4.19661 -6.3906
0.16675 -10.4403
2.3991 -10.6419
3.31842 -11.1284
-0.384043 -10.8339
4.67205 -6.15297
4.68325 -10.3543
8.10807 -9.49604
6.78975 -9.58438
2.83523 -10.6265
4.4944 -10.9553
3.17737 -6.75187
1.09719 -6.95676
1.65005 -11.148
1.48697 -11.1365
2.30453 -11.1702
6.04889 -9.91793
4.1217 -6.42366
-0.8016 -10.2054
3.78048 -6.56023
3.72311 -6.58101
4.22664 -11.0103
7.7633 -9.02345
4.25702 -10.4479
4.45498 -6.26761
3.89522 -6.51681
7.9981 -8.86363
4.48447 -10.4032
0.658233 -10.5249
3.91399 -6.50947
5.18489 -10.7983
2.59994 -6.87293
6.53649 -9.70679
6.73368 -9.61227
-1.01412 -10.6594
2.85983 -6.82524
5.6562 -10.6591
-0.857813 -10.7063
7.63316 -9.10716
3.51329 -11.1096
2.88009 -6.81965
7.31578 -9.9617
2.0867 -10.6418
4.0841 -6.43982
3.05898 -6.77905
2.76258 -11.1629
6.70517 -9.62627
1.22663 -11.1132
-0.410645 -10.3113
6.45514 -10.3659
3.54932 -6.6403
1.03635 -6.95324
0.965942 -11.0839
4.32644 -6.33057
5.46826 -10.7175
-0.681608 -10.2395
5.59367 -10.6789
6.75013 -10.2416
5.01536 -10.2679
4.06538 -11.037
6.93435 -10.1529
7.20339 -9.36434
0.289462 -10.4636
5.62449 -10.6692
4.63608 -6.17272
8.02543 -9.54928
-1.09887 -10.1146
3.25308 -11.134
1.06045 -10.5772
0.534677 -10.5058
4.41831 -6.28594
2.07426 -6.94017
7.58009 -9.14059
1.71293 -10.6297
3.98095 -10.4984
-0.711535 -10.231
-0.668804 -10.7597
4.80413 -10.8937
2.15555 -6.93251
-1.75048 -10.4049
4.54785 -10.9495
0.442775 -10.4906
1.94436 -11.1627
0.998375 -10.5701
-1.48178 -9.98418
2.02358 -10.6408
-0.137859 -10.3763
2.03451 -6.93583
7.73873 -9.0392
4.45186 -10.9687
2.14105 -11.1682
-0.161356 -10.8866
7.575 -9.81996
3.48724 -10.5695
0.89413 -6.94295
4.27038 -6.35601
8.21799 -9.42342
5.90413 -10.576
0.900885 -11.0756
6.66603 -10.2758
2.33662 -10.6426
3.25612 -6.7282
1.07711 -6.95566
4.8356 -10.8864
1.45476 -11.1339
4.07282 -10.4825
4.64458 -10.9292
2.64801 -10.6353
3.54637 -11.1061
0.812417 -10.5467
2.46802 -11.1697
4.10634 -6.44974
2.27414 -10.643
4.09728 -11.0319
4.16545 -10.4655
-0.480581 -10.8099
4.40957 -10.4166
8.15134 -8.75389
3.42518 -10.5767
6.25076 -9.83432
0.0142087 -10.4093
6.50768 -9.72015
-1.5403 -9.9629
2.61725 -10.6365
-1.18793 -10.0856
-1.01015 -10.1426
3.09865 -6.76934
5.56194 -10.6888
5.73044 -10.0389
7.0817 -10.0814
6.36443 -10.403
2.27728 -6.91917
4.96313 -10.8557
6.42267 -9.75891
1.49509 -10.6166
6.7859 -10.2221
8.35367 -9.33086
1.86854 -10.6363
0.867397 -6.96321
-1.39421 -10.0154
4.34465 -6.32187
5.16508 -10.2249
-1.63284 -10.4506
1.25352 -10.5957
3.27032 -10.593
2.57951 -6.87633
4.74019 -10.9082
2.39817 -6.9037
6.56443 -9.69373
7.17646 -9.37946
4.38747 -10.9811
7.05267 -10.0958
1.99345 -10.64
2.26966 -10.6389
2.8976 -10.6228
-1.90699 -10.3458
0.936342 -10.5627
0.674069 -11.0439
3.39329 -6.68894
0.934828 -6.94619
7.60319 -9.80395
3.79608 -10.5279
-0.129858 -10.8937
3.64363 -11.0951
1.84654 -11.1586
5.01527 -10.8324
3.4324 -6.67714
2.61977 -6.86956
1.16139 -11.1065
1.93211 -6.95124
2.58557 -10.6375
3.41314 -6.68298
4.59998 -6.19222
6.57614 -10.3149
1.58634 -6.96576
6.54564 -10.3279
6.67743 -9.63979
-0.921192 -10.1699
0.80387 -11.0626
4.35572 -10.9871
8.16314 -9.45992
6.02028 -9.92936
5.05807 -10.8317
0.781914 -10.5426
6.60585 -10.3021
4.89941 -10.8712
6.02777 -10.532
5.52173 -10.1122
3.1877 -11.1391
4.03252 -11.0421
3.56845 -6.63404
-0.950571 -10.161
8.4342 -9.27434
4.40872 -6.32922
1.75801 -10.6297
7.80152 -9.68785
6.08938 -10.5094
3.11523 -10.6071
7.25791 -9.33338
5.43322 -10.1416
5.13554 -10.2336
5.96208 -9.95229
3.37399 -6.69465
7.23107 -9.34868
3.85707 -6.53152
6.36552 -9.78442
-0.700815 -10.7509
1.23965 -6.96298
1.21536 -10.5932
7.91391 -9.61931
4.56161 -10.383
3.64594 -6.60802
7.83011 -9.6706
3.019 -10.615
6.87492 -10.181
4.17764 -6.39908
1.35649 -11.1255
1.3894 -11.1285
4.95371 -10.2904
2.41868 -6.90087
-0.951495 -10.6785
0.609251 -11.0339
7.54593 -9.83634
5.28473 -10.1887
0.222642 -10.9668
-0.745924 -10.7318
1.89135 -6.95404
5.37436 -10.7452
1.13797 -6.95883
-1.5987 -9.9413
1.57438 -11.1467
7.60702 -9.12369
6.72605 -10.2491
-1.87617 -10.358
-0.531505 -10.2802
1.44375 -6.96669
0.874354 -10.5549
-1.16971 -10.6105
7.10967 -9.41276
5.49258 -10.122
6.45056 -9.74634
2.17334 -11.1688
5.15369 -10.8067
3.61154 -11.0988
1.17876 -6.96065
2.76005 -6.844
8.07533 -8.80891
3.3506 -11.1256
7.25754 -9.9922
4.14019 -6.41562
7.48891 -9.86782
3.88893 -10.5135
3.76543 -10.5324
8.25236 -8.67897
5.22496 -10.207
4.30766 -6.33947
7.40235 -9.91545
5.09027 -10.8234
-1.60171 -10.4621
-1.29402 -10.5697
-0.259508 -10.3482
3.81882 -6.546
3.74207 -6.57421
3.33477 -6.70608
-0.621463 -10.2561
2.49136 -10.7789
0.843831 -10.5509
2.71044 -10.6328
1.71553 -11.1519
3.70873 -11.0872
2.66474 -11.166
5.27841 -10.773
8.24492 -9.40531
4.49153 -6.24905
5.7493 -10.6287
2.95913 -11.1539
1.43278 -10.612
1.4216 -11.1312
2.33776 -6.91171
-1.93688 -10.3339
2.59917 -11.1676
4.89477 -10.3007
2.13553 -6.93449
6.07833 -9.90607
5.84528 -9.99702
-0.525872 -10.2852
6.19779 -9.85582
3.66495 -6.60123
8.62041 -9.13903
0.720047 -10.5339
1.76967 -6.96023
1.83777 -10.6352
1.25878 -11.1164
4.28759 -10.4418
0.754445 -10.5382
1.81045 -6.95834
2.42988 -10.6414
7.96978 -9.58448
7.11155 -10.0666
-0.0658615 -10.9078
2.89976 -6.81544
1.55238 -11.1414
1.65053 -10.6264
0.0623769 -10.935
2.91089 -11.0451
0.541662 -11.0242
2.7928 -10.6209
3.83879 -11.0703
0.447957 -11.0076
3.98995 -6.47907
8.05276 -9.5318
3.35409 -6.70037
1.93099 -10.6383
4.4364 -6.27698
4.04252 -10.4878
7.97266 -8.88142
1.68808 -6.9633
4.51618 -10.956
0.512618 -11.0184
6.90018 -9.52822
3.08364 -10.6097
7.55381 -9.15696
0.228071 -10.4521
-0.0468559 -10.3963
0.287066 -10.9789
-0.198725 -10.3624
3.48115 -11.113
1.55743 -10.6208
0.706973 -11.0488
7.85782 -9.65376
4.16199 -11.0213
4.00277 -10.4961
8.17393 -8.73801
2.80364 -10.6282
2.55966 -6.87958
2.25671 -6.92158
7.94224 -9.6011
0.566066 -10.5108
3.87079 -11.0659
6.47966 -9.73304
1.80612 -10.6339
-1.72423 -10.4166
3.29548 -6.71726
6.26951 -10.4424
8.04937 -8.82743
3.58814 -6.62753
0.260351 -10.4579
1.12831 -11.1029
2.49234 -10.6401
1.74898 -6.9611
2.43859 -6.89805
2.5548 -10.6385
3.61121 -10.5539
5.25576 -10.1974
6.24235 -10.4513
-1.21735 -10.0759
2.37824 -6.90641
-0.920601 -10.6877
2.29725 -6.91677
8.22683 -8.6981
3.68456 -6.59464
6.87313 -9.54208
2.00991 -11.1649
7.31223 -9.30206
2.99139 -11.1521
5.37374 -10.1608
1.61782 -11.1459
5.90375 -9.97484
4.02779 -6.46351
3.19726 -6.74406
2.53919 -6.88353
2.70016 -6.85529
1.77534 -10.6326
7.68605 -9.07336
2.09489 -6.93833
4.77123 -10.9014
-0.605593 -10.7769
1.8713 -6.95506
3.52959 -6.64669
-0.220932 -10.8595
2.08825 -11.1744
1.78976 -6.95933
1.21955 -6.96224
-1.13902 -10.6203
4.47063 -10.4034
0.381222 -10.48
5.81643 -10.0078
3.80084 -6.56261
3.82721 -10.5232
7.19911 -10.0223
2.05592 -10.6413
-1.10738 -10.6304
-0.471121 -10.2959
6.51572 -10.3406
-1.15817 -10.0954
3.2167 -6.73889
7.28625 -9.97723
-0.320206 -10.3336
2.74029 -6.84779
3.74065 -11.0833
4.2894 -6.34806
3.05685 -11.1482
8.54124 -9.19734
5.99066 -9.9411
2.19615 -6.92831
1.91204 -6.95256
2.27221 -11.17
-0.447596 -10.818
6.6364 -10.2888
-0.888761 -10.6972
1.56562 -6.96617
3.28527 -11.1313
3.91932 -10.5086
6.18109 -10.4749
7.14869 -9.39492
-0.831096 -10.1968
-1.84621 -10.3697
0.0940141 -10.9414
3.05296 -10.6121
6.15086 -10.4864
6.92876 -9.51328
3.1459 -10.6045
2.681 -6.82714
2.79583 -11.1616
7.77369 -9.7045
0.995612 -6.95059
-0.441362 -10.3035
5.68695 -10.6491
