-7.62 9.27
-4.2 -9.59
9.73 -14.43
7.79 1.19
14.49 -7.99
-3.01 4.04
-6.73 1.21
7.56 2.16
-8.49 -5.72
1.49 -13.81
-2.08 2.96
-5.23 -4.66
6.18 2.11
9.06 8.64
0.38 -5.7
2.94 8.21
10.13 -1.18
-1.93 -11.01
7.68 8.51
9.07 4.05
2.72 2.53
-5.09 -5.2
10.82 5.13
2.43 6.2
-5.87 -11.47
3.63 -6.81
-5.17 1.96
5.36 -3.76
2.76 -10.96
12.62 -10.42
10.05 6.13
-1.08 -2.22
10.96 -7.92
11.53 -1.45
-4.59 5.71
12.26 -9.48
-8.36 8.97
4.88 0.15
9.24 -5.67
-9.13 9
10.23 -13.72
-5.22 4.32
-2.09 0.02
-7.11 -3.41
7.33 -9
-4.71 2.52
0.51 -0.21
-1.76 -4.89
0.39 -12.52
11.29 -10.97
8.34 -2.59
5.52 8.41
14.43 2.67
7.04 -4.55
0.6 -10.52
-9.92 6.96
-1.39 9.1
0.13 -7.02
-2.57 0.17
2.5 -7.04
14.79 -8.26
1.13 3.48
-2.84 -7.39
11.21 6.52
7.46 -3.24
-2.45 -1.99
-0.36 -5.56
-9.06 0.37
13.47 -0.93
-7.62 -2.22
6.67 -0.82
3.51 8.28
8.55 -2.66
2.93 -3.39
-1.28 -9.3
-1.41 -8.96
6.99 -14.29
-9.66 7.2
-4.2 4.1
-2.21 -7.91
-9.91 -11.19
9 2.07
1.78 -9.8
-4.77 -6.85
4.68 7.34
12.63 -8.18
-5.39 -10.39
9.23 7.97
-1.43 -12.3
14.24 0.61
-5.54 -4.88
-4.82 -5.98
8.93 -3.22
0.86 4.03
7.26 -0.25
4.19 -7.53
-0.65 -1.46
14.75 3.47
-7.34 -11.66
14.39 8.34
