-5.2216 -8.36646
-7.22642 -5.41678
-6.59543 -6.30238
-7.00833 -6.50476
-5.85928 -7.79127
-6.07812 -7.57076
-7.425 -5.92828
-5.95124 -7.04901
-5.67551 -7.96559
-5.76345 -7.24382
-5.58176 -8.05175
-5.41561 -8.20006
-6.68547 -6.18646
-6.40706 -6.53445
-7.45944 -5.87714
-6.25275 -6.71576
-5.90989 -7.09271
-6.34976 -6.60268
-7.52741 -5.77444
-6.96502 -5.80607
-6.29362 -6.66896
-7.2126 -6.23138
-5.74482 -7.9007
-7.51894 -5.79331
-7.64319 -5.59382
-6.8621 -5.95007
-7.15797 -6.30614
-7.33784 -6.05514
-5.27047 -8.32521
-6.23707 -7.40857
-5.7104 -7.92744
-6.34411 -7.29357
-6.06146 -7.5907
-5.9309 -7.07056
-5.74255 -7.26494
-5.43923 -8.17931
-5.65183 -7.98752
-6.44957 -7.1773
-6.32243 -7.31709
-5.8057 -7.20079
-5.12487 -8.44726
-6.14974 -7.50007
-7.11435 -5.58809
-7.69153 -5.51614
-6.83472 -6.72474
-6.6671 -6.2103
-7.56094 -5.72289
-5.94994 -7.7025
-6.42592 -7.20204
-6.85462 -6.70007
-6.82723 -5.99778
-6.98958 -6.52905
-6.03316 -6.96106
-5.60495 -8.0306
-6.38662 -7.24707
-7.24883 -6.18111
-6.55331 -7.05986
-6.36509 -7.27068
-6.71832 -6.33658
-6.99875 -5.7578
-6.71614 -6.86902
-7.121 -6.35603
-6.42635 -6.51122
-6.57428 -7.03578
-6.52038 -6.39621
-6.27206 -6.6935
-5.29515 -8.3042
-6.59444 -7.01242
-7.72353 -5.46395
-6.42699 -6.5
-7.93844 -5.09607
-6.31104 -6.64817
-7.44251 -5.90235
-7.78661 -5.35921
-6.40747 -7.22409
-6.09362 -6.89494
-7.4768 -5.85113
-6.57584 -6.32687
-6.73589 -6.84532
-7.37303 -6.00436
-6.19347 -7.45446
-7.87881 -5.20128
-6.89365 -6.65129
-7.8938 -5.17515
-6.69574 -6.89338
-7.19466 -6.25608
-6.68092 -6.76397
-7.01527 -5.73395
-5.5345 -8.09449
-7.02757 -6.47971
-7.13037 -5.56402
-7.75523 -5.41164
-6.53875 -6.37336
-5.3191 -8.28373
-7.62689 -5.61955
-7.95346 -5.06914
-7.04618 -6.45535
-7.59416 -5.67121
-6.87387 -6.67607
-6.38821 -6.55701
-4.87352 -8.64788
-5.72096 -7.28664
-5.4635 -8.15788
-5.99488 -7.65781
-6.70323 -6.16326
-6.88012 -5.92535
-6.84496 -5.9736
-6.67586 -6.917
-6.73908 -6.11607
-5.84769 -7.15758
-7.1947 -5.46599
-7.24735 -6.19393
-7.17607 -6.2815
-6.77575 -6.79708
-4.92406 -8.60832
-5.88264 -7.76871
-6.53294 -7.08316
-6.61266 -6.28023
-6.36874 -6.5802
-6.94779 -5.83051
-7.3204 -6.08011
-6.6492 -6.23342
-7.09778 -5.61284
-6.77465 -6.06873
-6.75466 -6.82179
-6.5119 -7.10711
-6.80994 -6.02124
-5.90474 -7.74699
-5.99233 -7.00513
-6.07373 -6.91681
-5.02443 -8.52847
-7.49357 -5.82586
-6.17132 -7.47762
-6.91273 -6.62723
-7.02295 -5.71962
-7.16268 -5.51507
-6.05318 -6.93928
-7.57734 -5.69744
-5.09873 -8.46824
-7.83288 -5.28072
-7.8635 -5.22799
-7.84845 -5.25398
-5.97211 -7.68051
-6.98168 -5.7823
-5.69846 -7.94422
-6.25826 -7.38599
-7.81769 -5.30665
-7.61042 -5.64569
-5.97563 -7.0239
-5.36748 -8.24201
-7.73965 -5.43743
-7.96797 -5.04295
-6.49139 -7.13033
-6.81533 -6.74866
-7.35536 -6.02968
-5.07427 -8.48818
-6.01692 -7.63571
-7.77528 -5.38153
-7.67565 -5.54181
-6.2328 -6.73864
-6.17372 -6.80571
-5.51164 -8.11525
-7.08161 -5.63684
-5.62877 -8.00878
-5.83679 -7.813
-7.7078 -5.48968
-6.11396 -6.87244
-6.1338 -6.85041
-6.89669 -5.90221
-4.97437 -8.56852
-5.78476 -7.22214
-6.21492 -7.43191
-5.04901 -8.50865
-6.9513 -6.57822
-5.24643 -8.34556
-7.92378 -5.1222
-6.21337 -6.76082
-7.14701 -5.53895
-7.04859 -5.68546
-4.89914 -8.62786
-5.32006 -8.27199
-5.1482 -8.42759
-7.13925 -6.33147
-7.30235 -6.10579
-5.81356 -7.83533
-6.63529 -6.9648
-5.88942 -7.11417
-6.30132 -7.33988
-7.28476 -6.13068
-7.06452 -6.43073
-6.73855 -6.111
-6.931 -5.85421
-6.72144 -6.13936
-7.40792 -5.95342
-5.48699 -8.13701
-6.10573 -7.54549
-6.4451 -6.48854
-6.03954 -7.6129
-5.79093 -7.85696
-5.19743 -8.38669
-7.08374 -6.40577
-6.48287 -6.44245
-6.5576 -6.3498
