-6.31 -13.68
-8.51 -9.31
1.82 8.94
3.1 -14.61
-8.87 -2.86
12.45 5.86
4.46 -12.72
-6.07 5.57
-3.57 -3.29
7.68 -0.65
4.37 -9.17
8.01 6.14
12.76 1.56
14.69 -0.13
13.03 -8.58
9.99 -14.33
-8.24 -8.37
-1.85 7.32
2.79 -11.03
4.75 -6.57
-9.63 8.45
4.29 6.16
6.02 5.82
1.59 3.66
4.39 7.26
9.96 -5.7
-8.98 -6.03
-8.22 5.34
0.99 5.92
6.32 -4.7
12.76 -2.07
0.06 5.61
3.75 -6.08
-9.49 -11.12
9.98 -6.15
-8.58 4.19
-0.88 5.14
-9.84 -6.59
6.62 -4.96
1.85 9.14
14.08 0.81
-4.95 6.87
2.41 6.94
4.69 -3.35
-6.2 -4.42
-8.78 -12.58
-7.15 0.24
-1.67 -0.15
-8.4 3.61
13.8 3.86
