10.59 17.57
8.14 27.09
8.42 24.4
7.82 6.45
8.64 9.56
11.11 23.24
12.8 24.04
8.32 26.47
5.83 15.08
3.04 22.65
8.01 21.48
8.47 18.9
4.17 11.24
9.87 15.75
6.87 10.28
4.02 24.98
6.25 13.93
8.6 17.68
6.62 17.36
3.32 5.75
3.74 18.98
14.3 20.69
6.57 23.53
7.36 17.85
3.7 10.14
3.55 11.39
11.56 15.77
9.48 21.6
7.01 10.68
10.23 22.22
9.18 21.03
4.61 16.83
4.21 18.33
11.29 19.58
3.84 23.81
6.95 19.93
6.48 28.3
16.06 18.02
16.06 21.43
5.78 20.52
3.14 22.42
3.41 7.34
9.68 18.53
8.72 26.14
7.84 24.4
8.47 10.42
5.52 6.14
8.57 20.86
13.56 16.28
7.55 22.13
15.27 17.75
3.2 13.68
15.72 16.82
6.44 14.32
5.09 13.68
8.21 23.53
4.77 19.43
10.9 21.15
6.47 19.61
8.82 7.29
8.61 10.86
14.9 14.67
