11.2331 -6.12316
7.92098 -8.91715
11.2675 -4.47411
5.69896 -10.0507
5.73044 -10.0389
2.11345 -3.37966
1.86176 -5.89501
11.1404 -6.29767
3.75026 -5.33496
5.88916 -5.27657
-0.0425925 -3.55567
8.54877 -8.44658
1.46956 -5.90915
0.670975 -6.92096
1.21251 -3.61904
3.97064 -6.48644
10.562 -6.12144
3.02888 -5.63088
2.44577 -5.78814
3.41905 -5.4857
7.01377 -3.90117
3.25612 -6.7282
-0.0122876 -6.80896
0.700787 -3.08499
5.99066 -9.9411
2.54718 -5.76557
10.1658 -6.73057
7.55589 -9.14835
7.66023 -9.77118
9.95767 -7.00914
6.27281 -4.89738
0.21352 -5.82289
11.2478 -6.09428
9.24806 -7.8131
2.21091 -3.33699
11.3061 -4.32197
4.85558 -4.60385
4.1217 -6.42366
2.23673 -6.92386
8.6999 -9.07913
-0.16618 -3.52567
0.333793 -3.62047
7.80152 -9.68785
6.02028 -9.92936
3.64092 -5.38769
2.20821 -5.83342
3.17737 -6.75187
9.64469 -8.25883
-0.11484 -3.53866
2.36122 -5.80546
0.650996 -6.91864
4.90265 -6.01905
2.02021 -5.86189
0.460422 -3.63344
10.9514 -5.36325
10.8536 -6.778
6.87779 -4.11615
0.656016 -3.08539
0.0508291 -3.57545
8.67323 -9.09935
0.651179 -3.64465
0.725444 -3.64631
6.95812 -3.99148
6.47684 -4.65732
2.92 -6.81104
3.85707 -6.53152
0.179447 -5.81682
0.809461 -5.89796
5.49464 -5.61045
0.186692 -3.59985
5.44084 -4.02054
5.2991 -4.1793
3.54932 -6.6403
6.04041 -5.1355
1.38331 -5.91179
2.17406 -5.83907
2.93094 -5.66193
2.02458 -3.41542
11.7845 -4.59232
10.5776 -6.09485
6.54292 -4.57608
0.820992 -3.64621
2.78038 -6.84004
10.2047 -7.65273
10.8993 -5.47847
5.35883 -4.11393
3.71907 -5.35031
0.270515 -3.61233
4.0841 -6.43982
10.4135 -6.36409
2.42908 -5.79166
1.87434 -3.46938
2.31676 -3.28637
0.89413 -6.94295
0.486772 -5.8644
6.7859 -10.2221
0.0268341 -5.78717
7.5004 -9.18988
2.33585 -3.27675
6.92412 -4.04503
4.2894 -6.34806
8.05276 -9.5318
2.18186 -3.35009
0.610464 -6.91377
7.81695 -8.98756
10.0153 -6.93438
4.29379 -5.02489
8.80605 -8.99475
1.59034 -5.90331
8.85545 -8.95829
9.38033 -7.67744
6.47966 -9.73304
3.48299 -5.45866
1.77311 -3.50133
0.968634 -5.90672
7.74498 -9.72158
10.3622 -6.44352
3.54396 -5.43272
1.95149 -5.87072
9.89919 -7.08334
6.77048 -4.27326
11.455 -5.64786
9.85957 -7.13268
10.9066 -6.69486
9.25948 -8.61958
3.30662 -5.53095
10.4473 -6.31054
1.40034 -5.91137
2.98029 -5.64644
3.12797 -5.59703
5.55957 -5.55925
2.17108 -3.35004
5.58792 -3.84144
0.247759 -6.85958
3.16066 -5.58546
9.22607 -7.8351
1.45252 -5.90977
5.26308 -5.78225
5.11371 -4.3692
1.72888 -6.96189
6.95611 -9.49897
9.8065 -8.09509
2.32406 -3.27294
2.76431 -5.71064
5.33012 -5.73419
3.4324 -6.67714
10.8354 -6.80613
6.62101 -9.66694
6.30822 -9.80955
10.1839 -6.70516
5.18897 -4.29436
8.40143 -8.56447
1.30715 -3.60588
3.35479 -5.51192
0.388399 -6.88285
3.67234 -5.37285
8.15134 -8.75389
1.72215 -3.51612
2.93965 -6.80671
8.64727 -9.1189
6.53649 -9.70679
0.365329 -3.62411
1.86438 -3.47268
7.94224 -9.6011
3.70367 -5.3578
5.10122 -4.38134
0.672439 -3.64529
1.91204 -6.95256
1.70165 -3.52182
3.26763 -6.085
8.48784 -9.23602
9.63571 -7.39838
6.60755 -4.49334
9.29987 -7.76649
8.62041 -9.13903
7.00288 -3.91911
9.84039 -7.15576
5.31098 -4.16646
5.7031 -5.44099
0.0299901 -3.57125
3.74207 -6.57421
5.71711 -3.67016
4.49153 -6.24905
11.4801 -5.58729
1.50469 -6.96665
4.4364 -6.27698
3.95047 -5.23038
11.1472 -4.86519
1.32816 -3.60259
6.75013 -10.2416
6.84262 -4.16876
0.555727 -3.64029
0.691939 -3.08512
0.102879 -3.58541
6.60585 -10.3021
10.0972 -7.77782
3.43488 -5.47908
0.589909 -6.91121
0.489052 -6.89774
6.084 -5.08952
6.171 -5.00045
8.16314 -9.45992
0.792771 -6.93385
1.42099 -6.59253
2.10349 -3.38392
10.688 -7.02446
4.58216 -6.20175
9.53077 -7.51594
2.74819 -5.71495
-0.0112921 -3.5618
10.0317 -7.85179
7.0817 -10.0814
5.68705 -5.45454
1.10687 -5.91168
0.796196 -5.89611
2.84012 -6.82801
2.91415 -5.66708
8.04937 -8.82743
4.42416 -4.93739
6.38215 -4.76909
4.5095 -6.23982
1.73224 -3.51326
8.40768 -9.29308
8.5974 -8.40658
9.18533 -8.6846
1.27574 -3.61054
1.13797 -6.95883
1.79349 -3.49518
10.0727 -6.85806
10.5923 -7.15868
6.70906 -4.3588
6.55622 -4.55939
6.98422 -9.48413
6.5035 -4.62488
0.287977 -6.86653
6.94695 -4.0092
-0.0528047 -3.55335
1.09719 -6.95676
1.95485 -3.44146
10.8175 -6.83336
10.3792 -6.41737
0.1238 -3.5892
0.28177 -5.83445
1.11756 -3.62963
10.744 -6.94322
5.52718 -5.58496
-0.20875 -5.73344
6.43667 -4.70538
5.5918 -5.53331
5.37026 -4.10138
4.43831 -4.92755
8.4342 -9.27434
4.59405 -4.81474
0.51328 -3.63754
0.969451 -3.64101
4.41015 -4.94679
6.56443 -9.69373
9.11054 -8.74883
6.72605 -10.2491
3.85847 -5.27976
7.28625 -9.97723
5.43322 -10.1416
9.03427 -8.8131
0.954886 -6.9477
0.975545 -6.9492
2.64767 -5.74125
11.6265 -5.18767
7.40235 -9.91545
0.32403 -3.61641
3.29548 -6.71726
6.98062 -3.95538
3.87409 -5.27154
0.0276353 -6.81738
9.98745 -7.90094
1.65943 -5.89884
9.57418 -8.32792
9.23508 -8.64113
5.31414 -10.1796
6.50768 -9.72015
4.10634 -6.44974
1.63993 -3.53818
8.88288 -8.16015
9.91859 -7.05892
11.1962 -4.71851
6.81879 -4.20378
8.22683 -8.6981
11.0742 -6.42437
6.63339 -4.4602
11.5265 -5.12427
6.90509 -10.1668
3.60723 -6.62115
2.24234 -5.82756
9.87914 -7.10841
0.545268 -3.63966
0.354917 -3.62294
4.13127 -5.12648
4.86721 -4.59495
11.7103 -4.90906
11.1247 -6.32611
0.692793 -5.88729
5.05014 -4.43016
6.22844 -4.93988
0.0440279 -5.79071
11.1348 -5.31813
7.01147 -9.46963
11.3485 -5.88787
1.30117 -6.96469
2.1331 -3.37135
5.22934 -5.80594
2.89976 -6.81544
8.77797 -9.01911
0.291592 -3.61516
2.37796 -5.80214
0.867397 -6.96321
2.08878 -5.85225
6.64632 -4.44318
5.61094 -10.0817
8.92962 -8.11782
5.46395 -3.99341
2.11492 -6.93647
0.428752 -6.889
3.41314 -6.68298
4.77318 -4.67396
0.727185 -5.89044
4.75934 -4.68531
11.7906 -4.5609
-0.107846 -5.75764
9.06813 -7.98888
1.94468 -3.44517
11.0265 -6.4979
11.7425 -4.78282
6.9354 -4.0274
8.02543 -9.54928
2.00467 -3.42304
4.76121 -6.10273
8.78876 -8.24358
4.91993 -6.00849
8.35367 -9.33086
5.05903 -5.92062
11.2062 -4.68546
5.93459 -5.23432
7.31578 -9.9617
5.38251 -4.0874
10.3723 -7.44791
0.58989 -5.87676
5.47855 -5.62293
1.61495 -5.9084
0.16745 -6.84501
4.02779 -6.46351
3.19327 -5.57369
3.56222 -5.42381
6.59503 -4.51001
1.19316 -5.91311
9.9428 -7.94977
3.02719 -5.77753
3.99591 -5.20514
3.80084 -6.56261
0.620093 -3.08524
7.63316 -9.10716
0.426629 -5.84689
11.8133 -4.43296
1.03765 -5.90962
11.7967 -4.5285
7.12165 -9.40988
6.29892 -4.86313
5.71864 -5.42775
0.165707 -3.59641
5.40603 -4.06071
0.575324 -3.08446
6.73368 -9.61227
-0.124927 -5.75367
11.1576 -4.83491
-0.0633134 -3.55094
9.927 -7.07596
1.24515 -5.91328
2.65999 -6.86255
3.45106 -5.47228
8.85975 -8.18088
10.7978 -6.86729
8.99885 -8.05404
11.2629 -6.06448
4.36642 -4.97683
7.1405 -10.0521
2.25671 -6.92158
5.39145 -5.67427
1.26036 -6.96359
1.37012 -3.59565
2.35887 -6.89358
6.73386 -4.32462
10.0093 -7.87673
11.1675 -4.80547
6.87492 -10.181
9.69754 -7.32712
11.5398 -5.43534
5.52173 -10.1122
1.53874 -5.90612
3.8276 -5.29582
11.5847 -5.31247
-0.156048 -3.52829
4.58024 -4.8251
5.25046 -4.23096
0.260137 -3.61089
3.87588 -6.5243
5.33498 -4.14028
11.7019 -4.93993
11.7714 -4.65598
11.5511 -5.4052
0.711548 -6.92549
4.38154 -6.30402
2.81493 -5.69637
4.56334 -6.20991
6.66603 -10.2758
7.575 -9.81996
0.239086 -3.60788
4.00861 -6.47143
-0.141528 -5.74976
2.21612 -6.9265
6.746 -4.30772
9.02225 -8.03218
11.2334 -4.5954
4.03361 -5.18672
6.56908 -4.54314
9.77926 -7.23048
6.9067 -4.11992
0.812793 -6.93576
1.74546 -5.89211
9.50298 -8.39625
2.01354 -6.94527
-0.258792 -5.72077
3.0462 -5.62496
1.00306 -5.90829
10.1406 -7.72787
1.03635 -6.95324
0.307806 -6.86987
8.72573 -9.05941
2.10565 -5.84974
1.46387 -6.96674
8.10048 -8.79083
11.6842 -5.00265
1.97284 -6.94838
3.17676 -5.57967
7.05267 -10.0958
0.926828 -3.64406
10.6114 -7.1323
4.93329 -4.53717
3.88924 -5.2635
4.27038 -6.35601
1.66054 -3.53286
7.66982 -9.77869
-0.00755506 -5.78005
3.20932 -5.56781
0.176044 -3.59812
2.24964 -3.31899
0.731713 -6.92711
11.764 -4.68432
1.46407 -3.57818
6.49418 -4.64755
0.682754 -3.08525
8.5684 -8.4319
5.60762 -5.52045
2.04445 -3.40768
10.7256 -6.9701
0.52112 -5.86872
2.29725 -6.91677
11.3347 -5.91715
4.26493 -5.04956
6.90018 -9.52822
4.07127 -5.162
1.62716 -6.96495
5.02446 -5.94293
3.52959 -6.64669
9.35778 -8.53128
-0.145607 -3.53096
2.19146 -3.34579
0.576963 -3.64148
1.76967 -6.96023
11.7268 -4.84598
9.15869 -7.90149
5.78132 -5.37346
6.65745 -9.64758
0.799726 -3.64645
2.63111 -5.74539
8.2771 -8.6603
1.58634 -6.96576
7.25791 -9.33338
-0.00106896 -3.56477
4.33737 -4.99625
6.05448 -5.11891
0.087376 -6.82939
0.439235 -3.63157
8.24492 -9.40531
1.1761 -5.91292
3.89522 -6.51681
1.03312 -3.63688
7.97266 -8.88142
4.473 -6.2585
2.45909 -6.89508
0.566477 -3.08423
9.978 -7.88809
1.69119 -3.52406
3.19726 -6.74406
7.68605 -9.07336
6.09848 -5.07496
6.81731 -9.57051
2.88009 -6.81965
9.40179 -7.65489
11.01 -6.52588
11.3626 -5.85762
10.1836 -7.67761
0.704178 -3.64599
0.937748 -3.64263
4.32644 -6.33057
0.710196 -5.88892
0.714967 -3.64617
5.72668 -3.65777
5.26853 -4.20752
5.42909 -5.66075
7.54593 -9.83634
2.76005 -6.844
9.83002 -8.07007
11.0247 -5.19089
1.4432 -3.58229
5.54337 -3.89736
3.09522 -5.60839
3.06239 -5.61954
5.9949 -5.17706
1.62977 -3.54076
4.56598 -4.83571
5.13894 -4.34444
10.6713 -5.92921
2.43859 -6.89805
8.17393 -8.73801
8.29942 -9.36827
0.587366 -3.64226
7.14869 -9.39492
0.448646 -6.89194
4.88482 -6.02987
3.56845 -6.63404
10.9638 -5.33472
5.07602 -5.90954
9.43019 -8.46487
0.530572 -3.08303
10.4133 -7.39593
2.13987 -5.84451
7.02492 -3.88266
6.93435 -10.1529
11.2246 -4.62517
11.8278 -4.3371
2.8978 -5.67205
2.27642 -5.82149
2.34801 -5.80698
0.386473 -3.6264
9.57311 -7.46901
6.18568 -4.98522
11.8183 -4.40153
2.05423 -6.94192
2.74029 -6.84779
11.094 -5.01318
6.68404 -4.39279
1.20211 -3.62033
2.85983 -6.82524
1.58844 -3.5509
3.35409 -6.70037
7.99722 -9.56718
7.60702 -9.12369
10.9384 -5.39253
9.89781 -7.99828
6.39556 -4.75332
1.62489 -5.90118
2.51342 -5.7733
4.20545 -5.08111
11.4293 -5.7082
4.54589 -6.2209
7.83011 -9.6706
2.27841 -3.30524
7.19911 -10.0223
7.42028 -9.23836
11.0597 -6.4409
3.57782 -5.41678
6.9936 -10.1245
0.469858 -5.8622
1.96897 -5.86854
1.65039 -3.5355
1.19141 -3.62154
11.3184 -5.97013
0.312685 -3.61788
10.0535 -6.8838
2.69823 -5.72827
4.26446 -5.04383
1.55752 -3.55813
11.8232 -4.36877
4.11654 -5.13531
5.41285 -5.67302
0.133691 -5.80341
5.01164 -4.46612
9.13607 -7.92364
8.46145 -9.25495
5.56573 -3.86948
9.9964 -6.95907
5.67464 -3.72804
0.0676074 -6.82557
2.89498 -5.66885
1.60645 -6.96539
5.25576 -10.1974
0.481619 -3.63518
0.145434 -5.81055
2.68122 -5.73269
7.91391 -9.61931
9.67724 -7.35068
2.25913 -5.82459
5.69597 -3.69918
0.348084 -6.87647
7.33821 -9.28709
9.47862 -8.4193
-0.325663 -5.70314
0.847739 -5.89982
8.95832 -8.87557
-0.0912348 -5.76146
10.331 -7.49958
4.67205 -6.15297
8.90702 -8.91711
2.28816 -3.3005
10.3094 -6.52329
10.2921 -6.549
1.43496 -5.91036
4.40872 -6.32922
5.11039 -5.88688
8.94463 -8.10695
5.78668 -10.0188
2.41868 -6.90087
1.22778 -5.91332
-0.0218441 -3.56027
1.15986 -3.62523
2.96402 -5.65161
3.93515 -5.2387
1.38265 -6.96417
0.376054 -3.62529
6.70517 -9.62627
10.2893 -7.55094
5.14462 -5.86399
1.07226 -5.91075
1.49518 -3.57181
2.2932 -5.81842
5.04151 -5.93197
3.72311 -6.58101
4.74365 -6.11277
7.77369 -9.7045
2.56379 -5.76168
4.45285 -4.91738
2.51934 -6.88598
10.8725 -5.53574
11.0486 -5.131
5.55182 -10.102
2.15555 -6.93251
4.622 -4.79358
2.681 -6.82714
9.73801 -8.16512
5.67144 -5.4677
3.4668 -5.4656
2.07426 -6.94017
0.606844 -5.87862
4.52384 -4.86666
10.0534 -7.82746
0.761682 -5.89337
7.51765 -9.85217
10.9888 -5.27667
7.25754 -9.9922
3.24182 -5.55573
2.22493 -5.8306
0.0819667 -3.58153
1.67641 -5.89762
5.19546 -5.8294
0.772158 -6.93181
6.44998 -4.68957
4.30766 -6.33947
1.08213 -5.9127
5.64002 -10.0716
10.4737 -7.31778
8.71747 -8.30539
0.778458 -3.64657
0.572434 -5.8748
9.09063 -7.96743
10.8452 -5.59279
0.0607349 -5.7941
2.59994 -6.87293
0.536096 -5.87098
0.675725 -5.88569
2.70016 -6.85529
1.14148 -5.9124
10.9256 -5.42097
10.9766 -5.3053
3.28904 -5.53814
1.41792 -5.91088
10.5725 -7.18577
4.90689 -4.56049
1.57331 -5.90429
11.6563 -5.09592
10.2472 -7.60199
10.3273 -6.4964
6.04889 -9.91793
10.7066 -6.99771
7.58009 -9.14059
3.73491 -5.34255
5.37374 -10.1608
0.629924 -3.6439
6.52996 -4.59223
5.90375 -9.97484
0.418021 -3.62971
5.46194 -5.63572
0.63043 -6.9162
3.98094 -5.21352
1.80352 -3.4921
1.78316 -3.49834
1.52622 -3.56483
8.32712 -8.62215
0.449982 -3.63253
11.2911 -4.38313
3.9199 -5.24704
1.29679 -3.60744
1.44375 -6.96669
11.5626 -5.37401
6.1568 -5.01534
-0.111635 -3.55616
10.6688 -7.05179
11.037 -5.1599
3.68788 -5.36538
10.7163 -5.84611
8.6695 -8.34624
4.0464 -6.45575
-0.0840138 -3.54612
8.93308 -8.89608
6.92876 -9.51328
-0.217324 -3.51196
5.02439 -4.4543
4.80027 -4.65157
0.162673 -5.81375
0.757093 -3.64704
0.608673 -3.64302
8.97608 -8.07516
6.85428 -4.15144
4.63608 -6.17272
11.1158 -4.92935
10.7458 -5.79016
9.85248 -8.04646
8.19016 -9.44203
-0.135459 -3.53353
4.32302 -5.00575
7.9981 -8.86363
8.76517 -8.26422
1.13872 -3.6275
10.8171 -5.65025
0.435549 -5.85758
-0.186722 -3.52025
4.34465 -6.32187
1.50415 -5.90774
5.64965 -3.74298
1.181 -3.62284
0.0925796 -3.5835
4.64982 -4.77223
4.99848 -4.47826
6.10687 -9.89445
1.81383 -3.4889
7.66002 -9.09006
0.469141 -6.89491
2.94724 -5.65687
0.010148 -5.78368
10.0913 -6.83301
6.07833 -9.90607
0.344199 -3.6217
1.31408 -5.91298
1.79806 -5.88708
2.29761 -3.29587
7.21799 -10.0192
3.15774 -6.75439
0.249432 -3.60944
2.32723 -5.81205
10.3514 -7.47409
3.47145 -6.66511
0.569962 -6.90866
6.32686 -4.83198
2.66469 -5.73694
10.2024 -6.67893
5.62073 -3.79927
3.38696 -5.49891
4.86748 -6.04032
0.539377 -3.08338
4.23501 -5.06257
8.45073 -8.52559
3.17009 -5.57415
0.882293 -5.90205
1.98589 -5.8664
4.48272 -4.90897
8.21799 -9.42342
1.64727 -6.96447
11.6164 -5.22022
4.84046 -4.6178
4.1592 -6.40725
11.1564 -6.26832
6.91247 -4.06316
1.11788 -6.95784
5.57669 -3.85569
8.64576 -8.36623
8.47569 -8.50568
1.17876 -6.96065
6.65882 -4.42659
6.12773 -5.04526
2.20134 -3.34134
8.8126 -8.22271
4.02622 -5.18798
6.51657 -4.60882
2.78159 -5.70576
0.207583 -6.85241
5.29667 -5.75833
5.00691 -5.9543
8.42642 -8.54484
5.91966 -5.24835
10.3926 -7.42234
9.69151 -8.21215
0.948213 -3.64213
1.0567 -6.95344
0.916501 -3.64357
2.01413 -3.41702
11.7574 -4.71948
7.48891 -9.86782
5.27975 -5.77075
6.72131 -4.342
9.08498 -8.77048
1.27946 -5.91327
4.79676 -6.08216
0.884777 -3.64473
5.55395 -3.88464
9.48809 -7.56257
1.89135 -6.95404
10.5332 -7.23896
1.59934 -3.56155
6.6364 -10.2888
1.56562 -6.96617
10.9586 -6.61082
4.78655 -4.66295
2.2303 -3.32805
11.0132 -5.21839
5.21375 -4.26906
6.31311 -4.84735
1.3621 -6.96591
1.93478 -3.44864
1.51598 -3.56738
5.75006 -5.40071
5.88145 -5.21598
11.0925 -6.38364
6.19779 -9.85582
1.40139 -3.59013
4.9549 -5.98687
5.16143 -5.85263
11.1263 -4.92465
0.709898 -3.08482
2.39817 -6.9037
5.28473 -10.1887
7.71707 -9.73803
3.5305 -5.43794
9.35814 -7.7006
3.81882 -6.546
11.4421 -5.67747
2.03437 -3.41162
7.4601 -9.884
0.557368 -3.08397
9.00934 -8.83367
2.09489 -6.93833
1.45349 -3.58029
6.25076 -9.83432
1.84885 -5.88231
1.95278 -6.94982
2.19615 -6.92831
1.98472 -3.43052
1.82384 -3.48576
0.934828 -6.94619
10.2263 -7.62702
4.19084 -5.09018
3.70356 -6.58796
2.53919 -6.88353
2.12314 -3.37558
1.60912 -3.54589
6.79475 -4.23861
7.3444 -9.94653
0.744684 -5.89195
4.59998 -6.19222
0.603749 -3.08465
2.03451 -6.93583
11.2508 -4.53484
1.78976 -6.95933
2.13553 -6.93449
4.66348 -4.76164
11.7779 -4.62463
2.79802 -5.70116
9.04489 -8.01089
1.55577 -5.90524
7.7633 -9.02345
0.127361 -6.83738
6.70494 -4.38757
1.88459 -3.46596
3.33477 -6.70608
8.83587 -8.20214
0.11349 -3.58734
8.54124 -9.19734
5.47529 -3.97997
11.3761 -5.8282
6.19984 -4.97031
1.2624 -5.91334
4.6911 -4.74
3.09865 -6.76934
1.8713 -6.95506
5.12514 -5.86979
1.70883 -6.95867
2.57951 -6.87633
10.5297 -6.17591
-0.0574845 -5.76905
5.07575 -4.40584
6.06905 -5.10446
1.86581 -5.88052
8.25236 -8.67897
1.32128 -6.96515
4.14019 -6.41562
6.80622 -4.22095
3.37399 -6.69465
2.06426 -3.39982
-0.0319383 -6.80473
1.04356 -3.63609
1.97487 -3.43417
5.0662 -4.41278
11.403 -5.76832
9.45489 -8.4416
2.12301 -5.84712
10.1613 -7.70469
1.31781 -3.60423
4.46694 -4.90745
4.49545 -4.88715
6.62078 -4.47669
0.863519 -3.64535
1.93461 -5.87274
11.2153 -4.65578
1.0962 -3.63346
7.10967 -9.41276
0.00917646 -3.56693
5.66407 -3.7422
5.31317 -5.74647
11.5736 -5.34371
5.34655 -5.72221
1.96472 -3.43789
2.27728 -6.91917
3.2167 -6.73889
5.58097 -10.0921
7.85782 -9.65376
10.6094 -6.03967
-0.0236898 -5.77646
5.2012 -4.28192
8.07533 -8.80891
10.0757 -7.80232
2.59747 -5.75364
3.11817 -6.76446
0.408375 -6.88564
0.619454 -3.64348
7.11155 -10.0666
6.3546 -4.80064
2.37824 -6.90641
10.8315 -5.6208
5.96208 -9.95229
7.17646 -9.37946
0.524043 -3.63829
11.5953 -5.28207
6.87313 -9.54208
0.493676 -3.63049
0.629204 -3.08532
0.4182 -5.85517
1.52179 -5.90679
3.39329 -6.68894
1.42304 -6.96658
1.77994 -5.88905
3.07905 -5.61391
1.85398 -3.47487
-0.0521616 -6.80032
11.2027 -6.18158
1.12391 -5.91206
4.98975 -5.96502
6.16471 -9.87061
1.56773 -3.55577
1.80956 -3.26545
5.49258 -10.122
-0.0741181 -5.76533
4.89383 -4.57191
5.64519 -5.45887
6.90107 -4.08068
4.41831 -6.28594
4.70791 -6.13299
0.598205 -3.64254
4.77926 -6.09232
11.6657 -5.06519
0.789248 -3.64652
1.68808 -6.9633
6.22239 -9.84639
4.74596 -4.69616
2.97948 -6.79774
4.45498 -6.26761
0.225071 -6.86169
6.84558 -10.1946
8.3769 -8.58367
0.873993 -3.64506
5.41756 -4.04749
5.32318 -4.1532
1.26488 -3.61559
0.752147 -6.92978
3.51042 -6.65283
9.33368 -8.55316
0.107627 -6.83354
8.59438 -9.1583
2.09376 -3.38784
3.91399 -6.50947
8.88165 -8.93744
1.89453 -3.4626
0.428801 -3.63061
1.47435 -3.57611
3.33891 -5.51825
10.4969 -6.23011
0.247628 -5.82876
-0.146924 -5.74589
1.39108 -3.59198
9.29246 -7.76819
-0.0735117 -3.54857
7.05739 -3.82793
4.72555 -6.12313
9.73859 -7.27893
4.30819 -5.0155
9.1353 -8.72771
1.10713 -3.63064
0.545607 -6.91721
-0.0941903 -3.54367
7.03569 -3.86464
4.08654 -5.15306
3.83767 -6.53891
1.22322 -3.61768
10.5532 -7.21201
6.21437 -4.95489
1.35949 -3.5973
4.98567 -4.48999
0.0197323 -3.56914
10.6499 -7.07852
7.06665 -9.43993
0.641274 -5.88225
5.7346 -5.41406
5.84528 -9.99702
7.39295 -9.25465
4.10133 -5.14434
4.97235 -4.50215
4.16111 -5.10843
4.53775 -4.85652
2.2592 -3.31468
10.0348 -6.90871
5.75776 -10.0294
8.38169 -9.31011
5.4869 -3.96612
11.1718 -6.23976
5.46276 -3.9859
0.638053 -3.08537
8.10807 -9.49604
5.17619 -4.30738
2.33776 -6.91171
3.95202 -6.49439
9.62149 -8.28173
9.87552 -8.02206
6.45056 -9.74634
9.21416 -8.65444
4.215 -6.38231
3.01926 -6.78852
5.79712 -5.36088
6.40951 -4.73733
10.5136 -7.26505
2.41189 -5.79524
3.49118 -6.66397
10.6913 -5.88757
1.35194 -5.9157
10.4332 -6.33049
1.72846 -5.89354
1.02061 -5.90899
1.68111 -3.52741
5.34439 -10.1701
5.84333 -5.3183
6.28508 -4.8784
-0.292254 -5.71205
0.407631 -3.62857
6.25686 -4.90924
10.9416 -6.63881
4.95955 -4.51367
1.25468 -3.6135
0.990681 -3.63976
4.25225 -6.36531
3.03883 -6.78382
-0.225279 -5.7293
10.1489 -6.753
1.28611 -3.60903
0.995612 -6.95059
9.78418 -8.11776
8.2726 -9.38656
6.83056 -4.18655
1.28047 -6.96416
2.53006 -5.76952
0.155623 -3.59324
1.91468 -3.45568
1.21955 -6.96224
10.8892 -6.72237
1.81045 -6.95834
11.2835 -4.4132
3.60941 -5.40234
10.9928 -6.55463
0.298602 -5.83718
9.60498 -8.28741
5.22591 -4.25653
5.98012 -5.19126
6.42267 -9.75891
0.682917 -3.64554
9.63003 -7.41721
11.4922 -5.55736
6.81532 -10.2086
-0.27605 -5.71636
0.895249 -3.64438
3.05898 -6.77905
0.502826 -3.6368
0.401268 -5.85278
4.88034 -4.58362
0.693701 -3.64579
11.7188 -4.87703
9.66848 -8.2352
4.71859 -4.71818
3.59386 -5.40947
2.07401 -3.39589
6.36552 -9.78442
9.52656 -8.37378
1.15854 -5.91268
3.78048 -6.56023
0.86527 -5.90098
0.196728 -5.81992
5.96485 -5.20582
2.47962 -5.78082
5.54338 -5.57281
10.3446 -6.47038
5.40126 -10.1635
2.05451 -5.85717
9.30878 -8.57561
3.78136 -5.31941
5.68548 -3.71342
0.852736 -3.64559
5.21267 -5.81753
2.39517 -5.79867
11.6367 -5.15817
6.78975 -9.58438
0.830726 -5.89864
-0.176423 -3.52258
1.02236 -3.63761
1.75269 -3.50736
0.529491 -6.90332
5.49814 -3.95261
8.00001 -8.84763
6.42292 -4.72162
4.19661 -6.3906
9.71842 -7.30268
3.68456 -6.59464
5.81643 -10.0078
0.853451 -6.93947
5.44578 -5.64809
0.452449 -5.85988
0.958988 -3.64157
10.4333 -7.37021
8.20197 -8.7166
10.1287 -6.78193
6.76133 -9.59857
1.0119 -3.63838
5.64249 -3.77081
5.57546 -5.5465
1.6193 -3.54339
1.84413 -3.47928
1.71175 -3.51903
9.4238 -7.63159
10.781 -6.88843
1.40293 -6.96642
0.534499 -3.63898
7.55381 -9.15696
0.611242 -3.08514
0.315945 -5.83994
11.1084 -6.35534
0.332794 -5.84257
2.71994 -6.8516
2.16234 -3.35871
9.81959 -7.18173
11.2178 -6.1523
10.5939 -6.06672
2.47899 -6.89214
11.1158 -4.95396
4.83218 -6.06136
11.1872 -4.74556
1.43261 -3.59114
2.22076 -3.33247
5.63961 -5.49418
7.36636 -9.27039
0.76798 -3.64658
11.0716 -5.07219
10.7015 -5.87361
4.05643 -5.17062
10.2564 -6.60133
3.32254 -5.52472
11.6465 -5.12752
2.71473 -5.72392
0.263425 -5.83165
3.98995 -6.47907
2.14277 -3.36721
4.39535 -4.9572
5.65316 -3.75669
3.01328 -5.63581
6.75845 -4.29026
9.33655 -7.72297
9.18122 -7.87953
0.144743 -3.59286
3.27426 -5.54345
6.02478 -5.14809
2.4961 -5.77723
10.6406 -5.98457
9.59386 -7.44577
5.08832 -4.39379
7.31223 -9.30206
8.02411 -8.84533
5.27486 -4.20522
5.94997 -5.21991
2.00331 -5.86414
1.05432 -3.63525
0.548523 -3.08369
10.7606 -5.76167
1.93211 -6.95124
7.86908 -8.95253
10.976 -6.58248
11.4675 -5.61804
10.8712 -6.75063
2.55966 -6.87958
3.96549 -5.2221
10.9201 -5.4222
10.8591 -5.56388
10.2203 -6.65339
0.842257 -3.64584
2.62159 -5.74567
9.4451 -7.60888
2.8646 -5.68196
10.7749 -5.73395
0.147693 -6.84128
3.84328 -5.2877
8.49988 -8.48625
7.44678 -9.22245
9.20336 -7.85768
11.0603 -5.10119
7.37382 -9.93081
0.0716925 -3.57953
9.28452 -8.59732
7.96978 -9.58448
1.08595 -3.63258
3.58814 -6.62753
5.52084 -3.92507
1.06476 -3.6344
9.71514 -8.18833
4.17609 -5.09913
1.54552 -6.96633
5.17871 -5.84087
1.90022 -5.87673
7.84342 -8.96983
1.69395 -5.89629
1.83054 -6.95732
1.34869 -5.91248
10.4926 -7.29487
1.48492 -3.57394
4.22046 -5.07173
0.746712 -3.64651
10.8035 -5.67749
5.28682 -4.19246
4.63679 -4.78173
0.197038 -3.60149
8.82994 -8.97845
6.67743 -9.63979
3.81237 -5.30365
9.06008 -8.79143
5.8585 -5.30458
1.1283 -3.62856
1.8144 -5.88578
3.7926 -5.3152
8.62125 -8.38675
11.3063 -5.97644
4.35212 -4.98642
7.79119 -9.00469
5.37977 -5.69773
7.73873 -9.0392
9.40649 -8.48661
11.5164 -5.49646
2.05422 -3.40382
0.593282 -3.08486
6.27993 -9.8218
0.986014 -5.90756
11.2988 -4.35212
1.34915 -3.59919
0.916856 -5.90409
4.17764 -6.39908
0.66441 -3.63383
1.54699 -3.56052
2.26893 -3.30981
0.267566 -6.86304
0.673978 -3.08531
2.61977 -6.86956
4.84862 -6.04798
0.281205 -3.61378
5.59879 -3.82756
10.4807 -6.25672
9.75927 -7.25438
1.42231 -3.58628
6.9908 -3.93656
-0.242288 -5.725
4.67751 -4.75068
1.71096 -5.89496
7.20339 -9.36434
0.836566 -3.62219
3.49869 -5.45187
-0.175163 -5.7417
5.50968 -3.93866
9.55167 -7.49286
0.128655 -5.80739
11.2774 -6.03548
1.23965 -6.96298
1.07711 -6.95566
0.914172 -6.9446
-0.207232 -3.51472
5.16403 -4.31949
5.82766 -5.33238
10.6253 -6.01175
7.23107 -9.34868
0.555493 -5.87284
11.2754 -4.44401
10.7313 -5.81776
1.53676 -3.56282
0.0946755 -5.80084
2.34523 -3.27196
0.328235 -6.87325
1.74898 -6.9611
7.60319 -9.80395
3.64594 -6.60802
2.07354 -5.85392
1.23361 -3.61633
11.3898 -5.79785
11.137 -4.89453
3.07853 -6.7743
5.39412 -4.07427
0.95143 -5.90592
0.367016 -5.84777
9.50976 -7.53871
11.8024 -4.497
3.23671 -6.73349
1.29702 -5.91315
1.38045 -3.59386
4.61831 -6.18236
7.02296 -10.1101
3.66495 -6.60123
2.80011 -6.83613
4.5521 -4.84597
0.218053 -3.60474
4.81357 -4.64047
11.7349 -4.81396
2.83134 -5.69166
3.22582 -5.56171
1.83138 -5.88409
5.12653 -4.35666
5.81241 -5.34599
10.4638 -6.28405
