-0.637244 -3.03541
-5.98116 -7.26671
-2.63715 0.271216
6.81253 1.56703
3.31302 -1.8472
-1.67402 4.33077
-8.34621 3.16924
6.01621 3.26061
-8.72333 -2.38742
-5.20769 0.478118
-0.386133 4.48734
-5.05535 -1.15919
4.74838 4.82515
nan nan
1.60968 -3.12248
-0.603286 7.56854
9.80544 -0.833094
-1.54246 -10.1883
nan nan
nan nan
2.71253 2.37888
-4.55672 -2.5528
nan nan
1.25906 7.04451
nan nan
3.53511 -5.9712
-4.78763 1.813
5.13263 -4.39907
5.19217 -10.4741
nan nan
nan nan
-1.50485 -2.42446
9.72053 -7.65905
11.382 -2.68368
-4.39739 7.05841
nan nan
nan nan
3.87809 0.528401
10.7786 -6.24545
nan nan
nan nan
-6.07488 6.14144
-1.31926 1.80651
-9.03307 -0.382536
8.33354 -8.96879
-4.11297 3.03686
3.7315 -0.761346
-2.64451 -5.05756
nan nan
nan nan
7.23275 -1.27415
nan nan
nan nan
5.77508 -4.89637
1.76761 -10.8609
nan nan
-2.60402 7.55434
0.480075 -6.26446
-2.32873 1.14998
2.07493 -6.31733
nan nan
1.96035 3.19989
-1.01006 -5.83356
nan nan
6.80699 -2.94973
-2.26575 -1.61287
0.521571 -3.25315
-7.50067 4.75993
nan nan
-8.89122 1.40157
3.49703 1.47001
nan nan
nan nan
2.56203 -2.63545
-0.0258126 -10.6114
-3.14832 -9.44543
nan nan
nan nan
-3.08565 3.93271
-4.63876 -8.50788
nan nan
nan nan
3.47351 -10.8106
-7.2157 -5.80149
3.31047 6.02951
nan nan
nan nan
nan nan
nan nan
nan nan
-8.05102 -4.1915
-3.73888 -3.92644
11.4627 -4.25867
1.03457 3.98439
7.42093 0.198438
6.93569 -9.7834
-2.66365 -0.657287
nan nan
nan nan
nan nan
