16 24.62
4.09 15.99
21 18.94
25.03 9.62
21.85 6.33
22.62 12.85
16.23 26.15
22.97 16.85
15.19 6.36
25.84 23.63
27.66 18.91
23.02 22.09
11.2 4.99
24.6 9.57
4.07 4.43
29.59 4.35
22.89 24.56
15.95 33.14
26.25 39.21
25.12 30.41
22.63 11.71
26.16 15.43
6.45 28.84
14.05 23.88
10.61 17.56
3.72 35.23
21.67 7.22
23.21 32.11
11.66 36.65
9.92 14.56
23.09 24.66
3.94 17.42
9.89 28.58
20.49 16.38
22.41 23.35
18.75 7.09
10.46 6.88
4.86 4.1
15.99 36.78
3.22 22.17
19.91 17.07
22.03 24.51
16.64 10.27
6.5 13.17
22.37 11.55
22.78 17.45
26.51 12.69
6.4 25.97
26.85 25.97
16.18 36
3.96 7.78
7.26 14.4
15.7 5.33
8.92 14.68
4.21 13.29
17.34 13.35
14.3 9.02
17.28 33.65
27.36 14.47
3.88 25.87
7.63 9.73
28.11 20.22
3.05 27.44
24.27 10.95
24.67 8.81
25.08 7.2
12.66 9.75
10.66 34.42
8.37 30.05
25.07 5.13
22.08 24.04
21.4 20.38
11.47 4.46
23.59 28.62
26.72 17.88
29.84 26.25
14.18 11.37
24.12 6.75
17.4 24.1
14.84 21.65
3.07 32
26.79 27.01
25.03 9.4
11.76 16.73
26.89 19.49
25.23 13.51
9.04 33.68
21.27 19.06
18.17 22.22
19.6 13.79
28.7 5.12
17.54 6.48
3.06 35.04
