1.80731 -6.28512
1.80731 -6.28512
1.80731 -6.28512
1.80731 -6.28512
1.80731 -6.28512
1.80731 -6.28512
1.80731 -6.28512
1.80731 -6.28512
1.80731 -6.28512
1.80731 -6.28512
1.80731 -6.28512
1.80731 -6.28512
1.80731 -6.28512
1.80731 -6.28512
1.80731 -6.28512
1.80731 -6.28512
1.80731 -6.28512
1.80731 -6.28512
1.80731 -6.28512
1.80731 -6.28512
1.80731 -6.28512
1.80731 -6.28512
1.80731 -6.28512
1.80731 -6.28512
1.80731 -6.28512
1.80731 -6.28512
1.80731 -6.28512
1.80731 -6.28512
1.80731 -6.28512
1.80731 -6.28512
1.80731 -6.28512
1.80731 -6.28512
1.80731 -6.28512
1.80731 -6.28512
1.80731 -6.28512
1.80731 -6.28512
1.80731 -6.28512
1.80731 -6.28512
1.80731 -6.28512
1.80731 -6.28512
1.80731 -6.28512
1.80731 -6.28512
1.80731 -6.28512
1.80731 -6.28512
1.80731 -6.28512
1.80731 -6.28512
1.80731 -6.28512
1.80731 -6.28512
1.80731 -6.28512
1.80731 -6.28512
