10.1241 -0.56712
11.8386 -3.36294
11.2353 -2.08551
10.9973 -1.57909
11.1709 -1.9238
10.089 -0.537964
11.2875 -1.99186
11.3335 -2.05622
11.3772 -2.12075
10.5455 -1.24015
11.7221 -2.83882
10.3261 -0.746346
11.3077 -2.30835
11.8659 -3.85174
11.3487 -2.46757
11.858 -3.55811
10.6699 -1.11144
11.8663 -3.78652
10.2611 -0.686294
11.4258 -2.97719
10.8675 -1.51732
10.6587 -1.33154
11.8617 -3.9819
10.2287 -0.657296
10.8965 -1.41671
11.5628 -2.44462
11.76 -2.96802
11.853 -4.11164
11.1398 -1.80526
11.2579 -2.14934
11.4765 -2.28228
10.5836 -1.27022
11.3921 -2.69067
11.8502 -4.14354
11.4367 -3.26263
11.8456 -4.16881
11.862 -3.62359
10.9204 -1.45336
11.7688 -3.00136
11.8654 -3.88513
11.052 -1.70524
10.4249 -1.14868
11.0232 -1.6741
11.8556 -4.07878
10.4191 -0.836524
11.4138 -2.84974
11.4355 -3.16797
11.829 -3.29663
11.8602 -3.59132
11.7879 -3.1038
11.4204 -2.91349
10.389 -0.80669
11.2393 -1.92769
10.1937 -0.626547
11.1443 -1.86332
11.6996 -2.77195
11.3069 -2.28729
10.8007 -1.45521
10.5361 -0.958296
11.4347 -3.38919
10.6445 -1.08106
10.4985 -0.917451
11.3627 -2.53146
11.1087 -1.76865
11.3755 -2.59534
11.8593 -3.64212
11.2888 -2.2445
10.9928 -1.64209
10.4662 -1.17937
11.806 -3.16521
11.7849 -3.06706
10.9627 -1.61107
11.2685 -2.18069
11.4965 -2.31758
11.4301 -3.04084
11.8183 -3.23093
11.8528 -3.49257
11.3333 -2.40369
11.1855 -1.95817
11.6878 -2.73866
11.2233 -2.05319
10.7311 -1.39321
10.5056 -1.20926
11.8497 -3.46026
11.7769 -3.03375
11.4101 -2.81832
11.866 -3.75435
11.609 -2.54304
11.0152 -1.61015
11.1583 -1.89461
10.8141 -1.29751
11.4231 -2.94498
11.1294 -1.83112
11.4356 -3.35712
11.1145 -1.79987
11.387 -2.65925
11.4186 -2.18544
11.3252 -2.37221
11.4318 -3.07218
10.9598 -1.51615
11.406 -2.76006
11.3407 -2.43449
10.6178 -1.04983
11.6232 -2.57533
11.3165 -2.33981
11.3111 -2.02438
11.7922 -3.09948
11.5468 -2.41248
11.4382 -2.21737
10.836 -1.32823
11.4579 -2.25029
11.8556 -3.52582
10.6299 -1.30941
10.768 -1.23529
11.2641 -1.96022
11.7511 -2.93565
11.7317 -2.86995
10.6958 -1.14303
10.8997 -1.54833
10.4496 -0.867303
10.8341 -1.48587
11.2112 -2.02181
10.72 -1.17326
11.3813 -2.62681
11.4017 -2.75451
11.6505 -2.64081
10.4787 -0.89728
11.2466 -2.11691
11.8238 -3.2633
11.4173 -2.88209
10.5913 -1.01956
11.5789 -2.47774
11.4345 -3.13573
11.8437 -4.20819
11.0831 -1.73653
11.8662 -3.81961
11.2147 -1.89615
11.8644 -3.91687
10.384 -1.11898
11.594 -2.50993
11.6759 -2.70635
11.5126 -2.34732
11.8338 -3.32899
10.3574 -0.77604
11.8599 -4.0139
11.4361 -3.19922
11.0332 -1.6423
11.4333 -3.10443
11.8579 -4.04683
10.8582 -1.3599
11.4362 -3.32595
10.1597 -0.597229
11.3692 -2.56294
11.8425 -3.39464
11.4388 -3.25026
11.0811 -1.73738
10.8792 -1.39071
11.7106 -2.80429
10.9785 -1.54715
10.7657 -1.42371
11.1629 -1.83229
11.8646 -3.68901
11.05 -1.67328
