-4.97976 6.71906
-8.31397 3.9652
-6.10912 5.96696
-7.01331 5.09395
-5.80708 6.70385
-4.49516 6.94241
-6.74782 5.97742
-7.63097 5.01916
-4.27059 7.46574
-4.66418 7.31174
-8.24214 4.09574
-7.30582 5.41204
-6.23179 5.86576
-6.92287 5.81284
-6.42041 5.70066
-4.43364 6.96874
-7.29102 4.7528
-6.95231 5.16342
-5.44705 6.44003
-6.73299 5.399
-5.09108 7.11447
-6.79677 5.33268
-6.2907 6.3608
-5.8942 6.13345
-6.66801 5.45245
-4.71948 6.84046
-5.13772 6.62404
-5.1539 7.08259
-4.46849 7.39148
-5.52314 6.39139
-4.81482 7.24586
-5.86675 6.66469
-5.68766 6.77997
-7.52528 5.15291
-6.31805 5.79173
-6.38695 5.72473
-5.91211 6.12008
-4.67888 6.85961
-5.38247 6.96018
-7.57079 5.09609
-8.07811 4.3735
-7.56248 4.37274
-6.51988 5.60894
-4.59736 6.89713
-4.88098 6.76088
-5.5418 6.37925
-7.49681 4.46954
-6.98291 5.1288
-7.40244 4.60303
-7.20835 5.51983
-8.10407 4.33127
-4.33731 7.44136
-6.47723 6.21193
-5.82715 6.69081
-5.83917 6.17398
-5.31281 6.52252
-7.05888 5.67726
-6.53972 6.17058
-5.74738 6.23978
-5.07896 6.65661
-7.49452 5.1907
-5.35142 6.49922
-6.81842 5.91233
-7.95849 4.56064
-5.67291 6.29157
-6.55388 5.57638
-6.77924 5.35166
-7.97733 4.51111
-4.31493 7.44959
-6.24719 6.39946
-6.32836 6.33153
-7.47007 4.50802
-4.75996 6.82104
-5.9659 6.07946
-5.216 6.57949
-6.65877 6.05715
-7.12594 5.60778
-6.92157 5.19773
-4.98561 7.16629
-7.52333 4.43086
-8.14234 4.26787
-5.42365 6.93701
-7.19216 5.53733
-7.16186 4.91674
-5.8862 6.65172
-6.71716 5.41519
-4.4469 7.39989
-4.35902 7.4333
-7.27354 5.44821
-4.36059 7.00128
-6.1618 5.92407
-6.76497 5.36595
-4.70744 7.29323
-6.30108 5.80648
-4.53438 7.36536
-5.09839 6.64593
-7.66073 4.98036
-6.87516 5.24875
-5.7874 6.71667
-4.90043 6.75117
-7.87575 4.68385
-5.34114 6.98309
-7.69025 4.94134
-8.05192 4.41552
-7.41592 4.58436
-4.41267 6.97757
-6.60489 6.10415
-6.85343 5.87941
-6.10097 5.97048
-5.17515 7.07166
-8.03892 4.43614
-8.12977 4.28885
-5.19578 7.06094
-6.61976 5.5126
-7.07348 5.02359
-6.47074 5.65455
-5.62514 6.81985
-6.53206 6.16625
-8.02547 4.45733
-7.60099 5.05774
-5.87572 6.14716
-7.76284 4.84311
-5.92556 6.6252
-5.70745 6.76759
-6.03796 6.02357
-7.89001 4.66264
-7.14732 4.93467
-4.83657 7.23603
-6.19611 6.4326
-7.64557 5.00039
-5.00652 7.15619
-6.28357 5.82161
-5.64739 6.80489
-6.66847 5.46435
-5.65464 6.30402
-8.27834 4.03069
-5.19779 6.58959
-6.71266 6.00871
-7.31921 4.71567
-7.24856 4.80781
-5.217 7.04984
-8.36081 3.87678
-7.27706 4.771
-5.85773 6.16041
-4.47488 6.95117
-6.1196 6.48883
-5.32074 6.99427
-7.21984 4.8444
-5.7475 6.74226
-5.71029 6.26574
-6.73031 5.9933
-7.75159 4.8493
-5.61717 6.32935
-4.55586 7.35668
-8.21757 4.13907
-8.20502 4.16092
-6.99176 5.74402
-6.38647 5.73125
-7.37492 4.64079
-6.17962 5.90937
-4.45397 6.96012
-7.54962 4.39198
-7.38535 5.32087
-6.4217 6.25703
-6.93716 5.1804
-7.79156 4.80332
-6.96786 5.14588
-5.42821 6.45185
-7.33343 4.69675
-6.50423 5.62336
-7.44311 4.54629
-6.35235 5.76161
-6.13897 6.47483
-6.57067 5.56029
-8.22971 4.11775
-7.40086 5.30283
-5.72912 6.2526
-7.11785 4.97051
-4.7506 7.27444
-7.9312 4.60172
-7.34717 4.67833
-7.83398 4.74352
-6.14445 5.93829
-4.40301 7.41673
-6.78322 5.945
-6.43707 5.6855
-4.59939 7.33886
-7.24105 5.48414
-5.38989 6.47567
-7.20561 4.86235
-6.12656 5.95285
-4.29318 7.45751
-5.78432 6.21357
-7.08818 5.00612
-5.05889 6.66758
-7.17657 4.89862
-4.64282 7.32076
-6.02301 6.55794
-6.10048 6.5028
-7.25809 4.79804
-4.99979 6.69935
-4.62051 7.33027
-7.04224 5.69423
-4.3923 6.98606
-4.85768 7.22639
-7.02506 5.71164
-4.79364 7.25537
-5.17692 6.60189
-6.88825 5.84625
-7.35361 5.35762
-4.78469 7.25135
-8.11676 4.3104
-5.96478 6.59841
-7.58614 5.07666
-7.98554 4.51935
-6.00213 6.05151
-7.25834 5.46297
-7.6753 4.96117
-5.54638 6.86586
-4.67858 6.8641
-7.15915 5.57267
-7.02566 5.08086
-5.03944 6.67811
-4.51222 7.37422
-6.19688 5.89504
-5.37032 6.48771
-5.11836 6.63485
-7.17544 5.55529
-4.68614 7.30239
-6.3474 6.31659
-7.86211 4.70319
-7.05829 5.04153
-6.00383 6.57136
-7.41688 5.28388
-5.27922 7.01677
-5.80787 6.19516
-4.90044 7.20664
-5.50684 6.40116
-4.43145 7.40198
-7.77702 4.82352
-5.36212 6.9715
-7.0435 5.05888
-5.25494 6.55683
-5.13318 7.0932
-6.84386 5.28259
-5.40879 6.46397
-7.91766 4.62188
-7.32165 5.39413
-6.62272 6.0887
-6.40323 5.71619
-6.90533 5.82982
-5.48492 6.90185
-6.81236 5.31621
-8.34936 3.89863
-8.19275 4.1822
-6.23419 6.40399
-6.15787 6.46096
-4.94038 6.73058
-6.87059 5.86314
-7.1909 4.88077
-7.51179 5.16518
-6.7658 5.961
-5.98442 6.06519
-4.61808 6.88771
-6.53754 5.59194
-4.96352 7.17723
-6.90626 5.21469
-7.33789 5.37564
-6.07362 5.99539
-6.56857 6.13533
-6.04272 6.54405
-6.27209 6.37512
-6.82836 5.29918
-5.27407 6.54557
-7.1423 5.59059
-8.30227 3.98686
-6.49537 6.19691
-4.80032 6.80136
-7.46354 5.22825
-5.29871 7.00692
-5.84668 6.67797
-5.4647 6.91356
-7.00831 5.72849
-4.87939 7.21641
-6.65242 5.48036
-4.73941 6.83094
-4.5569 6.91519
-5.98403 6.58512
-6.44028 6.24221
-6.64103 6.07273
-7.3887 4.62184
-6.36584 6.30202
-4.92013 6.74105
-5.72779 6.75477
-7.09251 5.64264
-6.26652 5.83624
-7.73389 4.88268
-7.55582 5.1149
-5.94834 6.09276
-7.30535 4.73398
-7.44819 5.24667
-7.99879 4.4989
-7.5099 4.45053
-7.70471 4.92204
-5.60698 6.82955
-5.50561 6.88984
-6.06182 6.5305
-6.97418 5.76251
-6.17729 6.44661
-5.52572 6.87806
-6.69464 6.02535
-4.94309 7.1866
-8.28988 4.01146
-5.48517 6.41584
-4.57721 6.90621
-7.53631 4.41173
-7.47522 4.50587
-5.8211 6.18711
-6.68488 5.44789
-5.04886 7.13547
-8.32595 3.94285
-5.57956 6.35442
-7.42974 4.56507
-4.35086 7.0031
-5.23757 7.03899
-6.45851 6.22732
-5.02801 7.14571
-4.53624 6.92444
-4.86036 6.7715
-6.40315 6.27224
-6.58648 6.12002
-7.28947 5.43041
-6.45417 5.66983
-5.56642 6.85394
-6.02033 6.03737
-6.70081 5.43181
-4.63818 6.8785
-8.33752 3.92109
-6.93986 5.79629
-7.43233 5.26558
-8.01235 4.47785
-6.58692 5.5446
-5.2352 6.56836
-5.94173 6.61687
-4.77986 6.81138
-6.24849 5.85176
-8.16767 4.22514
-7.80562 4.78364
-6.30983 6.34598
-8.25415 4.07432
-5.56097 6.36669
-8.09073 4.35392
-5.69196 6.27843
-7.90366 4.64259
-7.54036 5.1342
-4.49069 7.38276
-7.82004 4.76331
-5.66725 6.79265
-4.82017 6.79157
-4.96002 6.72034
