24.68 39.54
17.34 27.18
19.72 33.05
3.06 22.35
4.32 19.56
17.5 22.86
5.98 18.17
19.89 22.15
22.23 28.86
17.75 32.83
25.12 22.31
20.63 38.58
13.77 25.62
18.21 26.85
29.53 32.83
25.42 25.75
8.44 27.19
18.65 33.91
20.58 24.74
20.04 35.04
11.52 26.64
27.35 26.77
3.29 28.14
21.17 21.61
13.7 31.16
24.15 19.86
5.15 24.58
14.31 25.73
29.64 39.62
26.15 30.56
17.54 22.01
25.55 38.99
15.97 22.71
12.04 31.33
9.94 22.37
8.55 36.04
25.15 37.06
9.9 26.51
3.27 21.29
17.61 25.33
19.84 36.68
17.39 23.25
14.55 24.07
16.82 39.34
23.92 23.41
13.81 36.46
14.56 31.46
21.12 32.31
6.78 37.72
27.53 30.1
3.03 30.69
28.93 26.95
28.13 23.06
22.28 26.11
15.85 21.71
15.4 22.41
4.21 26.53
21.91 21.49
18.34 21.15
12.77 26.55
22.85 30.85
8.74 36.73
20.21 34.83
21.27 24.1
25.44 29.64
16.03 21.8
5.15 23.95
4.19 21.59
10.23 20.21
27.84 34.47
25.84 21.15
28.53 18.89
18.24 25.17
5.72 37.53
22.67 31.66
21.21 36.91
8.85 31.54
10.48 24.49
23.96 35.14
21.16 34.61
15.29 25.07
24.26 27.44
5.72 30.39
22.99 34.67
8.27 25.19
22.81 28.68
14.99 22.64
22.4 23.96
17.24 36.61
18.01 32.75
5.25 36.36
20.78 37.52
