3.16755 -2.43511
0.768114 -10.0127
-6.77237 -6.39261
-8.49772 -3.72598
11.3577 -5.17735
2.98864 -6.26659
6.0436 -4.48903
-3.36985 -4.58615
-2.39275 7.3592
-2.07621 -2.13647
4.92689 -3.2474
-8.43906 3.13493
-1.5293 2.66412
5.16087 2.91093
-6.15191 5.9653
8.50945 -8.61628
-2.38655 -9.60386
5.49444 -10.1608
2.69811 6.68886
7.10247 1.32662
-3.85238 1.39017
2.39353 2.22799
-2.45459 -0.881006
-4.70328 -1.69602
-7.99855 1.01129
-0.796252 -5.18212
-0.800702 6.66103
1.02254 -3.20816
10.0194 -0.612007
1.12933 2.68585
