0.128655 -5.80739
0.789248 -3.64652
1.80956 -3.26545
3.74098 -1.9207
2.36122 -5.80546
4.05229 1.05056
0.186692 -3.59985
3.58271 -2.17708
3.09778 -1.73604
-1.13943 -5.42232
3.99612 -1.35021
4.30819 -5.0155
4.08898 0.94803
1.20211 -3.62033
3.55525 0.00202666
2.80022 -2.99072
7.81946 0.641776
6.77276 0.062845
3.98849 -1.37202
0.937748 -3.64263
3.30478 -2.53246
2.77844 -2.1601
-0.470032 -3.43285
6.77845 -0.0565839
-0.685771 -5.59356
4.10419 -1.03564
-0.227708 -3.50908
-2.28321 -5.90978
3.01328 -5.63581
-2.64369 -4.52342
4.23501 -5.06257
-1.60489 -5.20242
3.23544 -1.48677
1.27946 -5.91327
6.297 2.17055
-2.1069 -4.91012
2.51381 -3.17943
-1.92219 -2.52501
3.49208 2.34802
4.39597 0.881792
-1.6366 -2.12418
3.71907 -5.35031
0.249432 -3.60944
3.28904 -5.53814
3.87347 1.58724
5.72125 0.630038
3.55056 0.128094
3.54817 -0.297862
2.00444 -2.757
-2.02074 -6.06043
3.56222 -5.42381
0.693701 -3.64579
3.55585 -0.0500154
-2.43731 -5.81465
3.27457 1.05314
6.59301 1.24893
3.51461 0.476954
3.55749 -2.21366
-1.09921 -2.55875
1.62977 -3.54076
3.42178 -1.00859
3.32152 1.23037
6.61695 1.14827
-0.82344 -2.71954
4.11806 -0.912225
4.56189 1.6105
4.02173 -1.27347
-0.237785 -3.50626
2.54841 -2.38564
-1.36988 -2.97849
2.91058 1.90784
2.34801 -5.80698
1.68326 -2.90074
4.14313 -0.784429
2.41189 -5.79524
-0.62258 -2.8156
2.2826 -2.59068
0.986946 -3.06668
0.176044 -3.59812
6.72941 0.5235
-1.15788 -2.51968
0.239086 -3.60788
0.333777 -3.069
3.8297 -1.75106
0.4182 -5.85517
6.67268 -1.45122
4.49545 -4.88715
2.8395 -2.09081
2.96095 -1.93809
3.67829 2.01494
1.43261 -3.59114
2.21454 -2.63558
1.98589 -5.8664
4.20474 -0.0506603
4.19458 -0.367961
-0.623344 -5.61486
3.20782 -2.6361
2.9195 -2.89853
-0.818866 -5.54795
-1.47097 -2.27853
2.13764 -2.68298
4.64982 -4.77223
3.07905 -5.61391
-0.373011 -2.91281
-1.72649 -2.03084
1.69395 -5.89629
-1.12034 -2.54857
1.38331 -5.91179
3.0288 -1.85252
3.60941 -5.40234
2.89274 -2.02649
-0.841456 -3.28031
3.56082 -0.221342
6.34373 2.05043
0.895249 -3.64438
6.77924 -0.0764853
-1.90013 -2.54678
1.91468 -3.45568
3.84328 -5.2877
-1.85563 -2.58931
1.11756 -3.62963
-2.47128 -5.793
-0.888924 -3.25749
-0.242288 -5.725
-1.27106 -3.03911
-1.8425 -6.15495
2.82143 -2.11179
2.67716 -3.07703
2.55064 -3.15749
2.50735 -2.42053
2.99423 -2.83644
6.76682 -0.745202
1.67641 -5.89762
4.20237 0.048495
2.98612 -2.84337
1.46407 -3.57818
1.41792 -5.91088
3.06252 -1.79172
-0.898953 -3.25325
-0.753797 -5.57102
0.545268 -3.63966
3.8276 -5.29582
-2.02033 -4.96496
-1.49076 -2.26117
2.20821 -5.83342
1.35949 -3.5973
6.97409 0.993869
2.72045 1.93633
3.52839 -0.500972
4.1962 -0.343703
-2.6164 -4.54108
4.20289 -0.197715
6.40113 1.8844
3.30594 1.2725
3.27426 -5.54345
-0.963457 -2.64235
-1.04588 -6.50685
-1.4044 -2.95479
6.70947 0.664279
4.18894 -0.440547
-0.815647 -2.72359
-1.22933 -3.0696
0.576963 -3.64148
6.13551 2.54546
3.04315 -2.79361
-0.27605 -5.71636
6.72349 -1.14914
3.50239 -0.675059
-2.07109 -2.37001
1.02262 -3.06246
2.96402 -5.65161
6.78289 -0.353574
6.66399 0.926382
3.53039 0.360178
-0.569553 -3.39635
3.74586 0.985406
3.88924 -5.2635
3.06756 -1.78393
4.18386 0.346541
3.31824 -1.30272
1.49518 -3.57181
3.22582 -5.56171
-2.45406 -5.804
5.99998 1.2753
1.65805 -2.91003
0.253613 -3.05967
-0.628444 -3.37327
-0.561533 -6.62581
6.61235 1.16817
0.428801 -3.63061
3.7489 1.85701
2.36423 -3.26216
-2.62193 -5.69335
0.0819667 -3.58153
2.44577 -5.78814
0.387424 -3.07408
2.26012 -2.60582
6.06068 2.70212
3.49888 0.572644
4.02876 -1.25134
6.65198 0.986679
-1.74061 -5.12935
1.64112 -2.91613
4.41879 1.63962
-1.64929 -2.11159
0.369532 -3.07249
6.58809 1.26883
-2.71915 -4.99484
3.39504 1.00856
2.5626 -2.37291
4.16564 -0.643328
1.7001 -2.89438
2.40051 -2.50586
3.43086 0.881249
3.2185 1.50048
2.7152 -2.22728
3.13658 -1.67133
1.55752 -3.55813
1.98472 -3.43052
2.65041 -3.09472
-0.107846 -5.75764
4.03902 -1.21817
-1.84055 -2.60341
3.19647 -1.56332
-2.07785 -2.36255
0.572434 -5.8748
3.33623 -1.25786
2.52818 -2.40287
2.73445 -2.20731
1.79191 -2.85753
2.97204 -1.92302
3.96483 -1.43703
1.71691 -2.88791
1.76708 -2.86786
1.89506 1.21668
6.49953 1.5908
-1.062 -2.58257
0.682754 -3.08525
-0.15051 -2.98031
6.6261 1.10787
3.90528 -1.58577
2.94546 -1.9634
4.01796 -1.28455
0.280488 -3.06303
-0.735704 -3.32835
-0.460168 -3.4363
-1.95857 -2.48884
3.47857 -0.788172
-1.55526 -2.20263
4.35212 -4.98642
2.07401 -3.39589
4.99386 1.51827
3.50439 0.540839
6.59634 1.23211
3.40747 -1.0555
-0.176423 -3.52258
-1.97297 -2.47419
-1.97689 -4.99175
-1.03865 -3.18025
3.15548 -1.6384
-0.590451 -5.62541
4.07127 -5.162
2.21091 -3.33699
0.675725 -5.88569
-1.98003 -2.46694
1.75269 -3.50736
3.9072 1.50054
3.68788 -5.36538
-1.69109 -2.06848
0.598205 -3.64254
6.69809 0.402498
1.44434 -2.97837
4.20642 1.68158
3.14141 -1.663
3.78968 1.78414
-1.01094 -3.19516
3.27627 -1.40014
2.38597 -2.51682
4.10683 0.824231
4.02521 -1.26257
2.09867 -2.70572
4.10133 -5.14434
3.32254 -5.52472
5.16403 -4.31949
3.17397 -1.60516
4.19327 0.222335
6.47476 1.67126
4.20545 -5.08111
-1.52876 -5.24158
-1.36339 -2.36821
-0.0548461 -3.00404
2.55991 -3.15272
-1.89616 -6.12714
3.23811 -2.60466
1.66054 -3.53286
4.01302 1.18862
3.44183 0.838649
0.926828 -3.64406
1.19141 -3.62154
3.55525 -0.132992
0.754654 -3.08363
3.45327 -0.894467
1.49617 -2.96347
-0.777675 -6.60123
3.43641 0.859952
3.7354 -1.93065
3.50397 -0.660545
1.26139 -3.02278
-0.457686 -2.88254
6.38016 1.95143
2.98029 -5.64644
3.52909 0.370951
2.60343 -2.33606
-2.26285 -4.80632
0.00917646 -3.56693
4.02622 -5.18798
6.74312 -0.996407
3.29958 -1.34718
3.20532 -1.54641
3.52964 -0.491048
3.88331 1.56245
0.863519 -3.64535
-1.0439 -5.46187
-1.65355 -2.76671
1.90684 -2.80604
-0.647208 -2.8047
-2.35161 -5.86739
1.29679 -3.60744
-0.448795 -2.88576
1.71175 -3.51903
4.20395 -0.14865
3.26493 1.37713
-0.0122876 -6.80896
-0.308975 -3.48548
2.54204 -2.39092
3.26048 -2.58091
2.24498 -2.61584
4.36642 -4.97683
1.40034 -5.91137
-0.549734 -3.40386
1.31781 -3.60423
3.28581 1.32489
3.21835 -1.52103
6.63499 1.06747
-2.31773 -5.88892
-0.614508 -2.81911
2.13987 -5.84451
-0.909519 -2.67313
-0.325663 -5.70314
2.82141 2.19543
6.71219 -1.2253
3.58803 2.18259
3.54883 -0.287748
-0.523999 -2.85489
2.82843 2.18536
4.05874 -1.15108
1.73224 -3.51326
3.70367 -5.3578
3.53445 -0.450619
2.10349 -3.38392
0.067843 -3.02995
6.1078 2.60458
4.06186 -1.14
-1.32784 -5.33884
2.4294 -2.48362
3.19599 1.06384
2.02458 -3.41542
2.88699 -2.03363
-0.869922 -3.26672
5.2991 -4.1793
-0.727977 -2.76727
2.83469 2.17607
-1.44633 -2.30028
4.19502 0.197381
2.68122 -5.73269
4.09573 0.874635
4.09995 -0.992589
3.51709 -0.581047
3.4045 -2.41595
4.14922 -0.749414
2.86036 -2.9454
0.0327298 -3.02302
0.315945 -5.83994
-0.20875 -5.73344
3.49503 0.593957
6.70926 -1.24401
6.76229 -0.80322
-0.133151 -2.98485
-2.30464 -4.77737
-1.87578 -2.57793
-2.68807 -5.64857
3.41612 -1.02745
0.603749 -3.08465
3.45978 0.76421
1.3905 -2.99324
1.54699 -3.56052
4.11215 0.799028
-1.02444 -2.60591
4.17552 -0.54711
5.55535 0.664844
2.34523 -3.27196
4.00539 1.21372
3.28091 1.3449
-1.91833 -5.02713
3.9199 -5.24704
-1.30997 -6.4024
6.67625 -1.43274
-0.926765 -3.23874
4.14722 0.610632
1.32816 -3.60259
1.71096 -5.89496
-0.382607 -2.90586
-2.16402 -4.87285
-0.638412 -3.36925
-0.258792 -5.72077
1.37012 -3.59565
1.20853 -3.03331
1.28611 -3.60903
-0.659213 -2.79829
-2.17892 -5.97132
6.78167 -0.432469
2.37684 -2.52095
6.91926 1.00996
4.14089 0.648218
3.19327 -5.57369
2.89498 -5.66885
-1.39013 -5.30962
2.4961 -5.77723
2.46503 -2.45535
3.34755 1.15662
4.19137 0.247309
3.51558 -0.591087
7.7314 1.03903
3.53737 0.296846
2.74438 1.1217
3.49667 -0.700071
3.50569 -0.650785
-0.870642 -2.6945
4.04206 1.08811
0.651179 -3.64465
2.49601 -2.42461
-2.40142 -4.70841
3.55501 0.0127139
2.43965 -3.2217
-0.873827 -6.56873
3.77299 1.82071
2.22493 -5.8306
-1.51449 -2.8755
1.96472 -3.43789
-0.191007 -6.76839
-0.375434 -5.6895
2.44375 -2.47236
3.72995 -1.94029
0.225485 -3.05827
2.86902 -2.93869
0.111862 -3.03802
3.44308 1.82066
-2.12663 -6.00134
4.1855 -0.47644
3.85594 1.74767
-1.21825 -5.38828
4.16732 -0.631664
7.78122 0.828537
3.94362 1.40088
3.34092 -2.49147
1.16447 -3.04132
1.69181 -2.89752
-0.00106896 -3.56477
-0.167843 -2.97567
7.81039 0.688634
0.270515 -3.61233
0.0854904 -3.03326
6.67171 0.885991
1.79806 -5.88708
7.69395 0.747197
1.59934 -3.56155
3.54596 -0.32877
0.51328 -3.63754
6.0719 2.68021
6.5403 1.45009
-0.392315 -5.68477
2.78159 -5.70576
-2.67177 -5.6598
0.179447 -5.81682
2.27519 -2.5957
3.52792 -0.51994
-1.53614 -2.22031
0.0299901 -3.57125
1.29702 -5.91315
-1.91487 -2.5324
2.74819 -5.71495
-0.465565 -2.87949
3.98925 0.947813
3.59386 -5.40947
3.13842 -2.70513
3.2003 -2.64378
3.47651 2.37129
-1.14061 -6.47072
-1.78684 -6.18036
7.75992 0.922257
3.79544 1.77169
-0.539664 -3.40763
-1.54247 -2.21449
2.9789 1.95013
-2.62332 -4.68605
4.20412 -0.136539
6.60281 1.20855
3.53977 -0.400026
3.66731 -2.04631
2.93293 -1.97527
5.71346 1.34887
3.22981 1.46067
6.67917 0.845606
-1.42155 -2.94282
6.22329 2.34881
-0.0633134 -3.55094
-0.399894 -3.45673
3.54076 -0.389701
2.72168 -2.22062
-0.770329 -5.56523
3.37645 -2.44983
-1.69699 -2.0623
0.0591557 -3.02828
2.56379 -5.76168
-0.466584 -6.69644
1.42231 -3.58628
5.26853 -4.20752
3.51079 -0.620837
0.924537 -3.07302
3.96513 1.33861
-1.62501 -6.26229
-1.64298 -6.25363
3.3836 -2.44128
-0.0489646 -3.00602
-0.441928 -5.67058
4.1026 -0.981297
3.55571 -0.101964
0.593282 -3.08486
4.19188 -0.404096
0.365329 -3.62411
-1.68502 -2.07482
-1.0201 -3.19026
-1.91438 -6.11763
6.75439 0.302606
-1.23839 -3.06398
0.452449 -5.85988
3.75026 -5.33496
0.405326 -3.07556
3.29192 -1.3649
5.14067 0.747529
-1.80642 -6.17334
-0.599049 -3.38492
3.55541 -0.00822005
3.12698 -1.68772
6.53458 1.47054
2.79694 -2.13959
2.48615 -3.19549
0.129562 -3.04109
2.99074 1.93014
4.12996 -0.854438
3.97285 -1.41543
2.29758 -2.58041
3.43488 -5.47908
4.49136 1.62493
6.75161 0.37932
4.15688 -0.702315
1.24515 -5.91328
-1.68043 -5.16227
-1.35662 -2.3736
2.00467 -3.42304
4.52384 -4.86666
2.09376 -3.38784
-0.901859 -2.67739
4.16891 -0.619578
2.6698 -2.27294
-1.29149 -6.41009
6.78068 -0.471836
6.74535 -0.976921
4.11472 0.786611
-1.42203 -6.35451
5.02439 -4.4543
3.20083 -1.55508
4.20253 -0.209781
-2.03504 -4.95578
1.87434 -3.46938
3.71712 1.77279
4.66348 -4.76164
6.76904 0.122517
3.99392 1.72235
3.32529 1.21998
3.3146 -1.31154
2.24234 -5.82756
0.524043 -3.63829
4.19082 -0.353709
2.92427 2.03934
0.836566 -3.62219
2.41499 -2.49479
-0.661332 -6.6386
4.0487 -1.21201
4.17609 -5.09913
-0.557497 -5.63578
2.87741 -2.93215
-0.253823 -2.95114
4.84954 1.54982
2.08878 -5.85225
0.682917 -3.64554
3.12797 -5.59703
-1.06014 -5.45529
3.55216 0.0963704
2.05451 -5.85717
3.53327 2.27753
2.12314 -3.37558
4.90689 -4.56049
3.5062 0.530031
0.414148 -3.07625
1.35764 -3.00098
-2.30023 -5.89953
6.39447 1.91142
-0.423696 -2.89495
-0.288108 -2.94063
2.95545 -1.94547
4.11654 -5.13531
0.916501 -3.64357
3.03118 1.86
3.3735 -1.1576
3.53946 0.275658
5.27486 -4.20522
-0.789747 -2.73629
1.30715 -3.60588
3.55589 -0.0602959
-0.368591 -6.72335
-0.783889 -3.30693
0.418021 -3.62971
7.82392 0.618009
3.64969 -2.07464
1.34017 -3.00519
2.7828 -3.00337
4.16111 -5.10843
3.50911 -0.630927
6.71796 -1.18726
6.07019 1.25669
3.10922 1.87599
5.28682 -4.19246
1.84413 -3.47928
1.74218 -2.87786
7.69415 1.17947
3.33283 1.19888
6.78233 -0.195769
2.49332 -2.43223
3.5026 0.551335
6.52895 1.4904
5.5695 1.38446
-0.767938 -2.74776
3.93271 -0.630704
-0.207232 -3.51472
0.262662 -3.06083
3.47882 0.678069
2.73045 -3.04067
3.24794 -1.46101
3.41905 -5.4857
-1.21601 -2.47934
-2.38782 -4.71826
0.536096 -5.87098
2.17406 -5.83907
2.81698 1.11313
-1.60523 -2.80569
0.312685 -3.61788
3.62103 2.12303
-0.11484 -3.53866
-0.508194 -5.65092
3.25618 -1.44367
4.27633 1.66793
6.21214 1.21833
2.72149 -3.0469
-1.08463 -3.15487
2.78511 1.9266
6.66009 0.946285
2.58989 -2.34844
3.19754 1.53325
-2.8125 -4.38322
3.60124 -2.14952
5.12653 -4.35666
-1.45564 -2.9186
-1.58717 -2.16636
-0.796717 -6.59491
1.8144 -5.88578
-1.77022 -6.19155
-1.10297 -3.14452
2.84435 -2.9611
-1.19386 -3.09146
0.32403 -3.61641
1.59875 -2.93085
4.31261 0.89576
1.34869 -5.91248
5.96788 0.576357
2.91015 -2.0045
2.62159 -5.74567
3.9257 1.45076
4.18777 -0.452368
-0.431989 -2.89194
4.18052 -0.52445
3.57455 2.2064
2.81531 -2.11876
1.82503 -2.84332
0.884777 -3.64473
-2.14962 -4.88234
2.6235 -2.31741
0.010148 -5.78368
7.7916 0.78158
-1.21623 -6.44081
-1.38477 -6.37067
2.42089 -3.232
-1.94766 -5.00951
3.30715 -1.3294
3.8328 1.68576
1.10255 -3.05141
-2.06649 -4.93662
-2.02257 -2.42249
1.03765 -5.90962
0.826022 -3.08038
0.512625 -3.08228
-0.364657 -2.91566
4.1899 -0.428253
-0.27264 -3.505
0.386473 -3.6264
4.03218 -1.24041
0.407631 -3.62857
-2.38745 -4.71093
0.710196 -5.88892
3.44065 -0.942263
4.05643 -5.17062
2.92153 -1.99004
0.316362 -3.06705
-1.95123 -2.49625
0.494683 -3.08141
-0.816306 -6.58835
6.44245 1.7714
0.587366 -3.64226
-1.49773 -2.88794
3.73848 1.89397
-0.948079 -2.65126
0.289275 -3.06408
3.51227 2.31275
0.291592 -3.61516
-2.51652 -5.78131
3.50792 0.519538
1.23361 -3.61633
1.15986 -3.62523
4.19735 0.160173
4.26446 -5.04383
3.44713 0.817341
1.93934 -2.79035
-0.379723 -3.46333
-1.02952 -3.1852
-0.540436 -2.8502
1.39108 -3.59198
4.03851 1.10087
4.07083 -1.10613
-1.13946 -3.12353
-2.88367 -5.50846
1.61495 -5.9084
1.93478 -3.44864
-1.41347 -2.73003
1.19983 -3.03494
4.86721 -4.59495
-1.75815 -2.69223
3.85414 -1.70003
0.502826 -3.6368
2.22979 -2.62576
3.96892 -1.42608
-1.66702 -2.09341
5.88663 0.594307
2.76595 -2.17373
-0.96401 -5.49356
-1.8254 -2.61744
0.629924 -3.6439
6.76765 0.142832
2.74072 -2.20072
-1.58054 -2.82508
4.67751 -4.75068
7.37317 0.861909
3.52079 0.434412
4.05895 1.0254
4.13669 -0.819683
3.48281 -0.768646
6.55147 1.4096
3.53667 -0.43035
1.38367 -2.99449
1.83138 -5.88409
4.64234 0.839292
-1.00927 -2.61513
1.00306 -5.90829
6.64571 -1.58159
-1.75629 -2.67958
3.5305 -5.43794
-1.46727 -5.27227
1.45252 -5.90977
-1.63035 -2.13039
6.77493 0.022905
3.42808 0.891739
1.53874 -5.90612
1.21748 -3.0316
3.91418 -1.5647
-1.11404 -2.54907
3.48695 0.636592
-1.23037 -2.46907
-0.0521616 -6.80032
2.02021 -5.86189
7.66075 1.29604
2.09984 1.19575
3.4727 -2.32978
5.3891 0.698715
-0.0373491 -3.00804
3.69617 -1.99854
1.84885 -5.88231
-0.655243 -2.8011
-2.00847 -2.43737
3.97757 1.30126
1.48743 -2.96606
2.24964 -3.31899
3.58121 2.19468
3.59515 -2.15864
0.847739 -5.89982
-1.86024 -6.14581
3.24761 1.41896
6.18019 2.44728
2.64127 -3.10064
3.52508 0.402665
6.48727 1.63104
-1.17847 -6.45587
6.73493 -0.998664
2.59622 1.14006
6.64361 1.02708
0.182749 -3.04967
-2.02948 -2.41513
3.35479 -5.51192
1.93461 -5.87274
4.74596 -4.69616
3.69065 1.99075
3.45229 0.796029
1.50415 -5.90774
3.55589 -0.0708739
4.06863 0.987816
-2.51114 -4.62707
-1.87797 -2.56812
3.43539 -0.961323
-1.69551 -5.15404
2.62535 1.92668
4.19768 -0.319405
-0.746276 -3.325
2.80923 -2.12573
2.75819 -2.18316
-1.37709 -2.35721
-0.793657 -3.3025
4.13646 0.673405
0.449982 -3.63253
2.63269 -2.68332
-2.77674 -5.59573
2.76431 -5.71064
-0.33946 -3.47591
4.68012 1.58069
6.18883 2.42784
3.18752 -1.58016
-1.27244 -6.41796
-0.507202 -2.86347
-0.831454 -2.71536
-2.16169 -5.98127
3.53845 0.286095
2.84835 1.91696
2.57796 -3.14079
-0.931829 -5.50597
3.41838 -2.39886
3.86373 -1.6794
6.26482 2.25002
-0.973613 -3.21481
3.241 -2.62978
2.66835 -3.0829
6.61589 -1.71081
-1.51028 -2.24378
2.1064 -2.70128
1.19364 -3.03071
3.54327 0.233326
-0.783889 -2.73979
-1.30027 -3.02467
-0.0717855 -6.79598
3.15403 -2.68995
-2.75387 -5.60256
1.72215 -3.51612
3.29398 1.30389
-1.38394 -2.35164
1.27896 -3.01905
-0.72031 -6.6208
3.09711 1.73863
-0.573513 -2.83658
-0.419474 -5.67569
-1.60632 -6.27097
-1.61323 -2.7993
-0.598093 -2.82619
3.31083 -1.32061
1.7504 -2.87465
3.01407 1.89004
4.7141 0.831337
-0.972533 -3.19887
6.73697 0.463403
4.6911 -4.74
-0.146924 -5.74589
6.12204 2.55211
3.5201 -0.56124
3.69052 -2.00802
3.67234 -5.37285
4.13188 0.698598
4.07185 0.975038
1.46956 -5.90915
2.16081 -2.66905
1.47893 -2.96854
3.39052 -2.43294
1.97958 -2.7702
1.40139 -3.59013
1.60729 -2.9279
-1.28264 -3.03604
1.51598 -3.56738
7.7431 0.992193
-1.30893 -3.01904
6.77591 0.0032413
3.3652 1.10386
6.72092 0.584653
1.19089 -3.03659
4.19089 -0.416357
1.90022 -5.87673
6.62898 -1.65573
6.78106 -0.135881
-0.219416 -2.96126
4.12294 -0.889085
3.51777 0.455674
2.82742 -2.10489
-1.81016 -2.6314
3.46977 -0.829367
-1.15982 -6.46321
2.66854 1.13138
4.10789 -0.958332
6.78155 -0.156047
0.271443 -3.06193
4.18827 0.284623
4.14099 -0.796302
2.71473 -5.72392
3.79768 0.546289
-0.440117 -3.44322
-1.44035 -6.34647
3.33891 -5.51825
-0.703911 -2.7787
1.82941 1.22314
1.19316 -5.91311
0.467911 -3.07993
0.978151 -3.06765
3.70317 1.96655
0.557368 -3.08397
1.4432 -3.58229
-1.16654 -3.10762
0.879921 -3.07674
2.59747 -5.75364
3.90255 1.51279
1.88246 -2.81748
3.38301 -1.13064
1.08213 -5.9127
-1.74068 -2.69321
3.26058 1.38776
6.75241 0.322977
2.02761 -2.74509
3.14635 -2.69744
1.06701 -3.0566
1.56461 -2.94218
-2.60412 -4.5549
3.60196 2.1588
1.1203 -3.04866
7.80579 0.711721
1.25468 -3.6135
2.96754 1.09401
-2.57747 -4.57581
6.05119 2.72135
-1.07697 -2.57307
-1.67726 -2.74649
0.485845 -3.08095
2.79802 -5.70116
-0.0287231 -3.00998
-1.58684 -2.1728
-0.225279 -5.7293
1.96897 -5.86854
0.555493 -5.87284
3.46603 -2.33835
6.29564 0.501217
3.73491 -5.34255
4.186 0.309644
3.77857 -1.85157
1.14677 -3.04434
3.23403 1.45058
-0.96949 -6.53492
3.75013 1.86959
-0.145607 -3.53096
0.790548 -3.08219
3.49869 -5.45187
6.63746 -1.61871
0.960291 -3.06955
2.11345 -3.37966
-2.12103 -4.90099
0.435549 -5.85758
0.700787 -3.08499
1.69119 -3.52406
4.85558 -4.60385
4.07716 -1.08372
-0.387989 -6.71813
2.8673 2.12757
-1.77943 -2.6591
2.40206 -3.24218
2.31251 -2.57004
0.611242 -3.08514
-0.916253 -2.66907
-1.45919 -6.33814
3.419 -1.01789
6.19767 2.40781
3.28414 -1.38255
-0.603202 -6.65648
-0.700187 -6.62636
4.26493 -5.04956
3.53768 -0.419966
6.78196 -0.175619
3.19288 1.54344
4.80027 -4.65157
-0.0236898 -5.77646
-0.85485 -6.57524
6.1172 2.58468
2.8646 -5.68196
2.43014 -3.22694
2.94479 -2.87803
1.07226 -5.91075
7.70116 1.15557
4.11305 -0.935308
-0.667668 -3.35728
-1.3354 -3.00173
4.63679 -4.78173
-1.53117 -2.86297
3.99372 1.25116
5.81026 1.32191
3.17692 -2.66668
2.19915 -2.64537
6.76316 0.202617
3.26825 -1.41781
-0.992308 -3.20503
4.84046 -4.6178
4.10135 0.849434
3.09913 -2.74246
3.55549 -0.0902861
3.13187 -1.6794
6.77079 -0.686964
3.49092 -0.72945
0.367016 -5.84777
3.92474 1.735
6.45577 1.73093
3.57645 -2.18652
4.04573 -1.19587
3.22535 1.47093
0.263425 -5.83165
-2.69627 -4.4808
3.57782 -5.41678
3.93162 -1.52235
-2.49676 -4.63779
2.16808 1.18848
1.56773 -3.55577
0.641274 -5.88225
3.59462 2.17084
3.63164 -2.10303
4.18184 -0.51229
4.88034 -4.58362
6.35077 2.03135
4.09291 0.88705
-1.6617 -2.76002
6.68275 0.825712
1.1761 -5.91292
6.69663 0.744974
-2.48795 -5.78226
-2.08479 -2.35485
-2.07312 -6.02997
2.16234 -3.35871
3.43807 -0.951659
3.38696 -5.49891
-0.0741181 -5.76533
0.486772 -5.8644
3.1307 -2.71256
-1.86302 -2.58233
6.72878 -1.11094
3.93583 -1.51186
3.70755 -1.97921
6.78261 -0.215312
3.35525 -2.47484
3.98882 1.26361
5.13894 -4.34444
3.35699 -1.20334
-2.93174 -5.47285
1.63993 -3.53818
2.12301 -5.84712
-0.289684 -6.74395
-1.4043 -2.33501
1.60912 -3.54589
-0.799792 -2.73173
3.31197 -2.52441
0.0268341 -5.78717
7.7962 0.758584
6.46199 1.71145
4.00726 -1.31752
5.31098 -4.16646
1.85398 -3.47487
1.34878 -3.00313
6.7647 0.182876
3.12011 1.07401
-2.04344 -2.40016
2.97763 -1.91534
4.1839 0.0437862
6.85719 0.361342
3.04694 -1.81548
5.07575 -4.40584
3.48299 -5.45866
-0.711865 -2.77495
6.7155 0.623953
6.78265 -0.373463
4.17204 -0.595779
3.84831 1.64891
3.49308 0.604479
-0.556995 -2.84344
5.10122 -4.38134
6.69248 -1.3201
3.26912 1.36683
-0.744043 -2.75951
3.83958 1.66114
-1.8004 -5.0958
-0.954861 -3.22448
-2.52171 -5.76034
6.73197 0.503659
0.704178 -3.64599
2.00331 -5.86414
-1.83513 -5.07717
4.78655 -4.66295
5.18897 -4.29436
3.02693 -2.808
3.4806 0.668418
2.9056 2.06876
3.46752 -0.836626
2.98208 1.94313
3.92296 -1.54356
4.41015 -4.94679
0.041538 -3.02482
0.990681 -3.63976
3.64037 2.08722
4.02784 1.13839
-0.524482 -5.64597
0.173978 -3.04827
2.9696 -2.85736
-0.64808 -3.36533
4.20447 -0.0873146
3.29684 -1.34945
2.19166 -2.65004
-1.41158 -2.94752
2.75672 -3.02218
3.42235 0.913026
3.55173 -0.236456
-0.883658 -5.52418
2.25913 -5.82459
4.04547 1.07572
3.46193 2.39467
3.09522 -5.60839
0.830726 -5.89864
0.0607349 -5.7941
-1.46446 -2.28419
2.56955 -2.36674
4.15868 -0.690681
-1.70923 -2.72024
3.16955 -2.67467
3.99591 -5.20514
1.53676 -3.56282
4.13449 -0.831156
-1.37866 -2.97252
1.30516 -3.01329
-2.13555 -4.89154
4.32302 -5.00575
-1.56955 -6.28812
0.761682 -5.89337
3.11249 -1.71195
3.58885 -2.16801
-1.77181 -2.66588
-1.73244 -2.0244
3.04249 1.83983
2.91179 2.05906
0.772603 -3.08296
6.20619 2.38835
2.63111 -5.74539
0.691939 -3.08512
1.10687 -5.91168
-2.03872 -6.05055
6.7801 -0.491211
3.03132 -1.83877
3.63775 -2.0935
-0.389941 -2.90695
-0.115766 -2.98929
4.12957 0.711011
1.22322 -3.61768
2.57628 -2.36072
3.43369 0.870443
4.15328 0.572692
3.00476 -1.87731
-0.509969 -3.41857
7.17452 0.928964
1.45349 -3.58029
2.6959 -2.24697
3.50984 0.508285
-0.389961 -3.46
3.34326 -1.23975
2.37796 -5.80214
1.70165 -3.52182
2.70428 -3.06044
4.20213 -0.222197
2.67645 -2.26639
1.0962 -3.63346
1.18216 -3.03819
2.28816 -3.3005
6.67987 -1.41369
1.27005 -3.02096
-0.720146 -2.77104
1.86581 -5.88052
3.14379 1.64664
3.4105 0.955576
-0.47509 -5.66084
-0.408709 -5.68013
-0.292254 -5.71205
1.57328 -2.93934
-1.43639 -5.28738
4.13888 -0.80782
0.24485 -3.05852
3.10771 1.71822
-2.19666 -5.96105
-0.230604 -6.75868
1.90733 -2.81451
3.12223 -1.69571
6.32036 2.11112
-1.17571 -3.10217
-0.482297 -2.87313
-1.47766 -2.2727
-1.36133 -2.98428
4.19084 -5.09018
3.25213 -1.45222
-1.02734 -6.51421
2.61689 -2.32359
-1.87434 -5.05313
3.43215 -2.38166
-0.0574845 -5.76905
3.4458 -0.92315
3.80953 -1.79162
1.22617 -3.02991
0.107627 -6.83354
-2.42004 -5.82557
3.22302 -2.62043
1.87465 -2.82091
-0.159052 -2.97804
3.5487 0.159555
2.34217 -2.54899
0.147274 -3.04405
-1.75537 -5.12114
6.68982 0.785338
2.83356 -2.09776
-1.4809 -2.9003
3.59537 1.78347
0.948213 -3.64213
-0.695709 -2.78254
4.92061 1.53438
-0.498991 -2.86668
-1.54696 -2.84978
1.74546 -5.89211
-0.65617 -5.60412
3.89175 -1.61706
1.31408 -5.91298
0.638053 -3.08537
3.78376 -1.84173
3.24206 1.85437
-1.62947 -2.78628
3.42732 -0.989668
3.0189 -2.81504
2.61432 -3.118
0.555727 -3.64029
3.45575 -0.884763
-0.996118 -5.48098
-0.381587 -2.90985
4.1783 0.384807
6.65758 -1.52601
3.78421 1.79622
-1.52325 -2.23208
4.13423 0.685816
4.56085 0.853559
0.162673 -5.81375
1.1283 -3.62856
3.37206 1.08267
-1.83287 -2.61053
0.426629 -5.84689
-0.77439 -3.31122
-0.480178 -3.42927
4.19582 0.185095
1.72846 -5.89354
6.66895 -1.47067
2.54718 -5.76557
2.93094 -5.66193
6.63068 1.08729
-2.68298 -4.49166
3.40751 0.966052
4.0205 1.16351
3.8396 -1.73065
3.0573 -1.79973
-1.16538 -2.51465
1.47435 -3.57611
3.46289 -0.855976
-2.99545 -5.42442
-2.01543 -2.43005
-2.87587 -4.328
-0.170881 -6.7732
0.332794 -5.84257
2.38318 -3.25223
-0.491407 -5.65598
4.08883 -1.03828
0.396223 -3.07482
3.37539 1.07223
4.01686 1.17588
4.19458 -0.156925
-1.04827 -3.17536
1.07603 -3.05532
3.45732 0.774751
3.16055 -1.62847
3.53211 -0.470848
3.37993 -1.13915
3.2319 -1.49203
4.97428 0.779059
-0.124927 -5.75367
3.91652 1.47566
0.95143 -5.90592
6.12627 2.56534
-2.25215 -5.96147
2.07491 -2.7192
7.72533 1.06279
3.91931 1.46314
4.09834 0.861902
3.50038 -0.680331
7.68772 1.20252
3.20932 -5.56781
3.52467 2.23892
-2.04929 -4.94683
-0.529873 -3.41127
-2.46961 -4.65818
-0.270981 -2.94593
-0.0809187 -2.99788
3.85847 -5.27976
-0.210922 -2.9637
-1.79483 -2.64529
-1.5932 -2.1667
2.87384 2.11766
-0.705059 -5.58777
-1.64562 -2.77319
-0.80313 -3.29816
4.81357 -4.64047
3.81969 -1.77139
6.63256 1.09858
4.14517 -0.772885
2.52318 -3.17391
3.5363 0.30729
6.76384 -0.784087
0.351649 -3.0708
0.401268 -5.85278
2.44887 -3.21658
6.66716 0.907819
2.65926 -3.08891
-2.77379 -4.41624
0.0925796 -3.5835
4.19694 -0.331735
2.01165 -2.75356
5.06503 1.50242
-1.38717 -2.96669
-1.2659 -2.44315
3.62745 2.11122
-0.135459 -3.53353
0.781445 -3.08259
5.17619 -4.30738
-2.37386 -4.72833
2.05422 -3.40382
3.53162 0.349719
6.53758 0.44277
-1.10766 -5.43567
-2.89967 -5.49682
3.54517 -0.338833
-0.726144 -3.33251
-0.925027 -2.66442
7.09171 0.298288
6.77944 -0.511151
6.77874 -0.530495
2.58721 -3.13506
-1.32647 -3.00754
3.22072 1.48149
-1.04697 -2.59199
-1.33939 -2.38818
6.7777 -0.0366419
-1.08432 -2.56836
3.06721 -2.77192
3.95661 1.36361
6.1423 1.23732
-0.323 -2.92968
3.51927 0.445192
-2.70481 -5.63696
1.40107 -2.99001
3.64365 -2.08422
3.25633 1.39806
3.12855 1.67729
2.33585 -3.27675
4.19962 -0.283066
6.76623 0.162557
4.04525 1.14844
-0.964372 -3.21957
3.16932 -1.61362
3.37646 1.83195
-1.5997 -5.20751
6.24834 2.28969
-0.0198289 -3.01195
3.38625 -1.12064
-1.96567 -2.48163
3.11307 1.70781
1.52179 -5.90679
6.63316 -1.62773
-1.67954 -6.2361
0.103157 -3.03648
3.42996 -0.981502
-1.19446 -2.49454
7.24188 0.906536
3.30186 1.28312
3.36229 -2.46665
-0.151321 -6.77781
4.19872 0.135273
1.70863 -2.89111
0.619454 -3.64348
1.43496 -5.91036
-0.186722 -3.52025
6.25673 2.26957
3.96549 -5.2221
-0.408725 -6.71418
-0.500088 -3.42204
4.20144 -0.246739
4.00928 1.20099
4.19901 -0.295069
-2.27667 -4.7968
3.55417 0.0440047
-2.20646 -4.84462
-1.45163 -5.27984
3.07017 1.78935
6.65372 -1.54438
-0.00755506 -5.78005
6.77527 -0.608888
1.88459 -3.46596
3.16478 -1.62182
4.11982 0.761409
3.40134 0.987309
-1.78726 -2.6521
-1.62427 -2.13642
-1.59939 -2.16073
0.52112 -5.86872
-1.13154 -5.43494
0.449983 -3.07881
1.97165 -2.77423
4.07492 0.962632
-1.39073 -2.34614
6.64968 -1.56327
4.99848 -4.47826
3.29011 -2.54872
-0.912264 -6.55532
4.16925 0.459756
-0.988899 -6.52788
-2.86746 -5.52064
3.06476 1.79935
-0.7067 -3.34087
1.86176 -5.89501
-0.590649 -3.39063
3.54047 0.26492
2.32406 -3.27294
-3.01105 -5.41239
0.133691 -5.80341
-1.96767 -6.08922
6.71838 0.60409
7.55083 0.165832
-0.936052 -3.23406
2.12205 -2.69218
1.46165 -2.97351
2.51424 -2.41472
2.84786 2.15665
-1.51448 -6.31335
2.46075 -2.5574
0.718745 -3.08464
6.3357 2.07125
1.13804 -3.04579
3.41035 -1.04623
3.6152 -2.11637
-1.15762 -3.1129
3.35136 1.04251
2.49529 -3.19021
0.986014 -5.90756
3.82478 -1.76109
-1.57244 -2.83139
-0.737727 -5.57659
-0.899575 -5.51821
3.17839 1.57465
4.18308 -0.500468
4.16255 0.509995
2.91126 -2.90532
5.11371 -4.3692
-0.329278 -3.47927
1.5817 -2.93657
3.43275 -0.970691
7.81503 0.664861
3.54074 0.248944
3.38861 1.02979
2.86091 2.13718
0.744684 -5.89195
4.19885 0.147251
3.26803 -2.57278
-0.490021 -3.42576
3.38933 -1.11149
4.17089 0.447362
1.28761 -3.01718
3.46056 -0.86549
-2.52378 -4.61726
3.54578 0.201773
2.40787 -2.50026
-2.24859 -4.81609
1.65039 -3.5355
3.051 -2.78625
4.19995 0.110397
2.37878 -2.5222
-2.94749 -5.46097
-1.65019 -5.17849
-1.03896 -2.59681
4.17691 0.397164
7.74875 0.969109
-0.329167 -6.73375
1.50466 -2.96093
3.88706 -1.62762
0.996 -3.06565
7.67442 1.24929
2.83134 -5.69166
2.77211 -2.16703
0.0676074 -6.82557
-1.01675 -2.6106
3.53293 0.338717
-0.298959 -3.48849
1.34915 -3.59919
-2.5639 -4.58638
-1.77055 -5.11265
-2.21381 -5.95099
3.32913 1.20927
3.893 1.53763
5.25046 -4.23096
6.14449 2.52604
5.35407 1.43608
6.76955 -0.706252
3.54472 -2.23181
0.0502154 -3.02654
2.45079 -2.46677
3.48601 -2.31212
-0.812854 -3.29365
6.07977 2.66303
2.29021 -2.58548
-0.89396 -2.68176
2.45112 1.15703
6.78301 -0.254959
2.66469 -5.73694
2.80901 -2.98422
0.227051 -3.05612
-1.41781 -2.32381
-1.43784 -2.30697
3.54169 -0.379664
3.41033 -2.40605
3.55586 -0.0811431
2.03545 -2.74087
0.165707 -3.59641
0.968634 -5.90672
1.94468 -3.44517
6.31271 2.13075
3.40439 0.976837
2.65586 -2.28707
3.3854 1.04025
3.94795 1.38858
0.102879 -3.58541
4.20387 -0.0132441
6.71757 0.677552
4.03502 1.11326
0.894521 -3.07416
2.73914 -3.0346
4.20103 0.0855447
0.692793 -5.88729
-1.58886 -2.81857
0.357634 -3.07621
3.08321 -2.75725
3.99227 -1.36129
3.51133 0.498243
-0.44052 -2.88882
6.62027 -1.69265
3.21407 -1.52942
4.09719 -1.00421
-0.369771 -3.46653
2.68289 -2.26
-2.67004 -4.50218
2.78457 -2.15335
2.37385 -3.25714
0.672439 -3.64529
3.3637 -1.18503
3.51675 -2.26497
6.75625 0.282828
3.54717 2.25388
3.1489 1.63621
3.36031 -1.19431
2.3197 -2.56505
3.09185 1.74868
4.12048 -0.900831
-1.99429 -2.45219
3.4548 0.785527
2.29761 -3.29587
-0.559503 -3.40017
3.01975 1.88014
-0.851297 -5.53615
-0.0111887 -3.01384
3.82224 1.7104
-1.57442 -5.21825
3.41329 -1.03673
2.43624 -2.4784
1.95552 -2.78234
3.69669 1.97883
-0.882199 -6.54512
3.7732 -1.86168
2.17626 -2.6596
3.37029 -1.16667
3.72083 1.9303
-0.0735117 -3.54857
3.74637 -1.91101
2.15318 -2.67368
-2.57186 -5.72732
2.59617 -3.12946
0.76798 -3.64658
-0.319279 -3.48234
3.76795 -1.87147
-0.406836 -2.901
0.566477 -3.08423
2.95487 1.98996
2.88104 -2.04096
-1.30815 -2.41138
-0.427319 -6.7074
6.72403 0.563786
6.68637 0.805228
3.18803 1.55397
-1.7207 -2.03709
3.9443 -1.49053
-1.34742 -6.38663
5.01164 -4.46612
1.08595 -3.63258
3.19254 -2.65165
1.62415 -2.92211
-1.12193 -6.47797
5.49845 1.40169
2.96695 1.97006
3.47396 0.700245
1.53904 -2.95035
1.95485 -3.44146
2.22076 -3.33247
3.90667 0.960896
-0.0528047 -3.55335
4.18433 -0.488283
-1.30104 -2.41679
3.17448 1.86543
2.99394 -1.89263
-2.29217 -4.78641
0.459666 -3.07923
-1.31784 -3.01322
3.46913 2.38316
-0.111635 -3.55616
-0.217324 -3.51196
4.17921 -0.536251
-0.0319383 -6.80473
6.68333 -1.39517
1.14148 -5.9124
3.01062 -2.82227
1.78316 -3.49834
3.52574 -0.521102
4.42416 -4.93739
0.0440279 -5.79071
3.38206 1.05101
1.77311 -3.50133
-2.33469 -5.87857
3.00255 -2.82926
0.493676 -3.63049
-1.32896 -2.39534
6.3656 1.99141
-1.34282 -2.3845
3.64686 2.07502
3.28028 -1.39122
3.51924 2.30114
-2.24857 -5.93048
6.04446 0.561519
3.11193 -2.74427
4.18358 0.334682
3.78537 1.76051
3.49803 2.33627
6.42903 1.81152
1.99564 -2.76193
0.915723 -3.0738
6.28104 2.21031
-2.42886 -4.68836
-0.0840138 -3.54612
-1.55594 -2.84412
6.83804 1.03643
4.95955 -4.51367
3.47204 -0.817225
6.69332 0.764814
1.59034 -5.90331
5.22591 -4.25653
3.54498 0.212183
3.66579 2.03907
4.10531 -0.969654
3.55113 0.117411
3.20965 -1.53805
1.32267 -3.00929
1.03312 -3.63688
-1.73298 -2.6999
-1.93311 -5.01825
-0.940483 -2.65562
1.15854 -5.91268
3.33272 -1.26676
3.98172 1.28856
-0.0933286 -6.79436
3.48692 -0.749072
3.93515 -5.2387
0.844087 -3.07924
6.62162 1.12777
-1.90762 -2.53949
-0.0425925 -3.55567
2.19146 -3.34579
0.155623 -3.59324
3.0082 1.90023
-1.13607 -2.53447
2.41145 -3.23756
2.65013 -2.29209
3.51864 -0.571102
-0.500857 -3.11585
2.01413 -3.41702
3.05916 1.80963
7.71934 1.08585
-0.16618 -3.52567
3.41042 1.04409
6.24013 2.30921
0.28177 -5.83445
2.10565 -5.84974
2.92732 -1.98256
4.71859 -4.71818
2.83477 -2.96494
6.58296 1.28931
0.897827 -3.07533
0.629204 -3.08532
4.18933 0.272302
2.61009 -2.3299
0.16745 -6.84501
3.41352 0.944858
0.916856 -5.90409
3.7926 -5.3152
4.00157 1.22608
3.22695 -1.50393
7.78625 0.805449
1.57331 -5.90429
1.75862 -2.87132
2.87524 -2.04806
1.86438 -3.47268
4.18713 0.297315
4.04899 -1.18487
6.37578 0.482148
2.31676 -3.28637
1.67495 -2.90383
2.07354 -5.85392
3.50744 -0.640714
1.10713 -3.63064
3.04181 -1.82317
-0.915946 -5.51203
1.81383 -3.4889
0.799387 -3.08177
3.14608 -1.6549
3.55421 -0.174467
3.90085 -1.59611
2.99945 -1.88464
3.54143 0.254484
2.52232 1.14877
-1.93197 -6.10827
-1.23004 -2.47118
1.08479 -3.05406
-1.34393 -2.99596
-2.6053 -5.70498
-0.755072 -3.31984
7.01472 0.319313
1.80352 -3.4921
1.00479 -3.06462
0.354917 -3.62294
4.20442 -0.0626541
3.16066 -5.58546
-0.193661 -2.96857
-1.1846 -3.09685
6.71248 0.644409
-0.349543 -3.47296
2.39517 -5.79867
-1.26493 -3.04732
-0.245325 -2.95367
-1.69368 -2.06243
3.32905 -1.27622
1.12904 -3.04726
1.84153 -2.83605
0.530572 -3.08303
3.02888 -5.63088
-2.8883 -4.317
6.78424 -0.241649
-2.70914 -4.47022
6.70618 -1.26326
1.33134 -3.00726
1.48492 -3.57394
1.26488 -3.61559
4.01456 -1.29553
-1.73392 -6.20956
3.65315 2.06317
0.144743 -3.59286
7.32094 0.234839
-1.99006 -2.46078
-0.0941903 -3.54367
3.15821 1.61653
3.25192 1.40867
2.79085 -2.14638
2.81753 -2.97789
3.47944 -2.3208
-0.250141 -6.75392
0.796196 -5.89611
4.12529 -0.877663
3.55008 -0.267196
2.77422 -3.00965
4.10947 0.811814
-1.17111 -5.40879
3.4389 -2.37315
-0.751941 -2.75565
2.18186 -3.35009
4.23188 0.909094
3.43998 0.847519
-1.28004 -2.43263
0.534499 -3.63898
3.11819 1.69777
7.73721 1.01595
-2.72103 -5.62564
3.66714 0.997142
6.78241 -0.393048
2.47178 -3.18324
-1.49304 -6.31757
0.656016 -3.08539
3.98572 1.27622
-1.15076 -2.5246
3.00247 1.91012
3.55121 -2.22262
-2.05731 -2.38511
4.06547 1.00022
3.53091 -0.480801
-2.55069 -4.5966
3.47423 -0.80765
3.24182 -5.55573
1.92311 -2.79825
-1.52961 -2.22629
3.52011 0.423001
1.54748 -2.94768
4.53775 -4.85652
7.39975 0.210819
-1.14353 -2.52947
-0.348597 -6.72865
-1.42114 -5.29476
1.55618 -2.9449
0.906651 -3.07459
-2.23471 -4.82554
4.20365 -0.00105488
-0.835311 -6.58192
2.66333 -2.27928
3.87319 -1.6587
-1.56798 -2.19071
5.20955 1.46966
-0.950622 -6.5417
-1.37035 -2.36264
6.7462 0.382955
1.36624 -2.99886
3.48925 0.601843
-1.47262 -2.90639
2.05133 -2.73224
3.53402 0.328498
-2.00602 -4.97384
3.5473 0.180655
-1.49806 -5.257
1.80849 -2.85048
3.54673 -0.318365
3.54349 -0.359267
7.75597 0.724043
4.20195 0.0607245
0.460422 -3.63344
6.04135 2.74114
0.298602 -5.83718
-2.61722 -4.54454
-0.11158 -6.78701
2.1453 -2.67841
4.16006 0.546742
6.49344 1.13926
3.49275 -2.30315
3.20693 1.51251
-0.847263 -2.70704
3.41649 0.934305
3.07534 -2.76449
2.04445 -3.40768
7.10873 0.950567
0.196728 -5.81992
2.56896 -3.14633
-0.638933 -2.80839
3.49105 0.615273
3.82728 0.973087
6.77203 -0.667238
1.27574 -3.61054
3.81237 -5.30365
3.34018 1.18228
-1.02815 -5.46822
-0.544897 -6.67385
0.709898 -3.08482
4.39535 -4.9572
2.80138 2.22424
3.07773 -1.76804
2.26756 -2.60085
3.17009 -5.57415
1.95149 -5.87072
-2.07815 -4.92855
3.55503 -0.143524
1.6193 -3.54339
6.27387 2.21458
3.42517 -2.3904
1.77529 -2.86448
1.02236 -3.63761
0.087376 -6.82939
3.76292 -1.88196
1.55577 -5.90524
2.97796 1.89685
4.0681 -1.11747
3.9735 1.31359
2.207 -2.64037
6.44896 1.75162
3.33981 -1.24868
-0.505783 -6.68527
2.03437 -3.41162
-0.296534 -2.93798
3.52545 -2.25871
5.6426 1.36649
5.22268 0.731649
-1.01191 -5.47472
4.20422 -0.0379636
4.59405 -4.81474
-0.879569 -3.26205
-1.40542 -5.30232
0.147693 -6.84128
3.48365 2.35974
1.81664 -2.84697
-1.725 -2.70676
0.852736 -3.64559
4.16601 0.48486
3.53878 -0.410044
4.622 -4.79358
3.47618 0.689741
2.81493 -5.69637
-1.66554 -5.17028
4.16223 -0.667029
3.81471 -1.78138
2.8978 -5.67205
3.16378 1.60547
2.88095 2.10387
2.89294 2.08841
4.03361 -5.18672
1.96334 1.20983
3.55543 -0.122758
4.19281 -0.39218
4.08996 0.899834
1.63276 -2.91909
3.45252 -2.3558
2.86925 -2.05535
3.99983 -1.33944
3.18329 1.56416
-1.25169 -2.4536
4.97235 -4.50215
-2.55534 -5.73826
2.06426 -3.39982
3.08107 1.76903
6.77053 1.05713
-1.05714 -3.17014
4.47712 0.867996
3.35018 -1.22157
4.20444 -0.0994531
-0.515638 -2.86014
-0.347676 -2.92138
2.93069 2.02917
-0.854957 -2.70293
3.35472 1.13547
-2.36023 -4.73809
3.39247 -1.10206
-0.175163 -5.7417
6.45802 0.462283
3.98074 -1.39377
-1.31503 -2.4061
-0.305204 -2.93523
3.76163 1.84517
-0.802937 -5.55369
0.873993 -3.64506
3.55351 -0.195161
5.13729 1.48626
3.35821 1.12504
3.81683 1.72289
3.17847 -1.59693
3.52224 0.423924
0.145434 -5.81055
0.20051 -3.05233
3.27753 1.34587
-1.80238 -2.63812
3.59558 0.475332
7.82661 0.573433
0.548523 -3.08369
1.62489 -5.90118
-0.485905 -6.69097
3.34025 1.17776
-2.96367 -5.44871
4.20407 -0.0257886
2.27841 -3.30524
-1.22052 -3.07503
3.92013 -1.55576
-0.738968 -6.6139
3.32649 -2.50799
-1.24467 -2.45872
2.1331 -3.37135
-0.0112921 -3.5618
4.15312 -0.72589
-1.44702 -2.92477
-0.420025 -3.45003
-1.40314 -6.36273
-0.994054 -2.62428
3.72669 1.91832
2.88018 2.10802
3.55452 -0.164294
-2.79951 -4.39437
3.49926 -2.29441
3.3511 1.1462
1.05432 -3.63525
4.15128 0.58546
3.05368 1.81961
6.73129 -1.09209
2.8515 -2.07665
6.50798 1.55746
6.64155 -1.60042
-1.5132 -5.24942
3.45814 -0.875274
3.6079 2.14696
3.09273 -1.74418
-1.18669 -5.40206
2.70883 -2.23384
0.21352 -5.82289
-2.00325 -6.06998
1.6602 -2.91122
2.96659 -1.93045
-1.61186 -2.1486
-0.672325 -5.59877
3.02073 -1.8543
0.247628 -5.82876
3.96084 -1.44764
6.70314 -1.28193
-0.907872 -3.24817
6.75536 -0.880722
6.78304 -0.334107
2.0907 -2.71027
3.55476 0.0230362
3.47645 -0.797773
3.4668 -5.4656
1.83317 -2.83975
6.21562 2.36719
3.55122 -0.24661
3.55233 0.0780699
-0.657991 -3.36121
-0.565138 -2.84007
-1.87848 -6.13636
0.344199 -3.6217
5.42522 1.41924
-1.12125 -3.13407
4.12804 0.747381
0.342843 -3.06993
7.43765 0.839482
-1.89284 -2.55384
-0.228155 -2.95873
1.21251 -3.61904
-1.25619 -3.05284
3.6844 2.00303
-2.33249 -4.7578
0.763501 -3.08331
-2.14392 -5.99148
-1.12509 -3.12355
2.89437 -2.9188
-1.20159 -2.48954
4.17644 -0.560167
-2.09145 -6.02122
4.06512 1.70869
5.05014 -4.43016
3.05929 -2.7791
2.01952 -2.7494
7.68102 1.22625
2.25548 -2.60756
7.82818 0.594924
0.376054 -3.62529
0.307119 -3.06613
0.1238 -3.5892
3.75722 -1.89129
4.1797 0.372086
-0.342104 -5.69868
3.87856 1.57467
1.58844 -3.5509
4.70551 1.58057
3.5124 -0.611029
3.27534 -2.56487
3.57946 1.79712
3.23959 -1.47828
6.61934 0.422358
-1.464 -2.91258
3.15385 1.62607
-2.05615 -6.04092
2.5047 -3.18476
3.77853 1.80865
4.19035 0.259632
2.86341 -2.0624
-0.278603 -3.49453
3.45083 -0.903983
0.835255 -3.07979
1.04356 -3.63609
1.04922 -3.05903
-0.630882 -2.81195
3.07431 1.78074
-1.27293 -2.43789
7.88043 0.676549
6.74955 -0.938382
6.51734 1.53069
7.24667 0.254976
5.0662 -4.41278
-1.70144 -2.72685
-1.81506 -5.08745
3.98778 -1.38573
4.19835 -0.30742
0.0508291 -3.57545
3.01548 -1.86191
3.85851 1.62419
3.49285 -0.719764
3.31762 1.24106
3.0462 -5.62496
2.81483 2.20496
-0.681053 -6.63242
-1.00773 -6.52099
3.7444 1.88161
3.77958 -1.79021
4.29379 -5.02489
4.16766 0.47248
1.65943 -5.89884
3.62569 -2.11227
3.51241 -2.27661
-1.42444 -2.31827
5.30742 0.714893
-1.49724 -2.25543
3.98094 -5.21352
4.08017 -1.07222
3.5557 -0.0291301
3.55346 0.0649954
3.29685 -2.53993
0.809461 -5.89796
-0.86054 -3.27123
3.48905 0.625776
4.19661 0.172448
0.608673 -3.64302
6.77316 -0.647994
4.48272 -4.90897
4.43831 -4.92755
2.92807 -2.89174
1.8988 -2.80984
3.55268 -0.215824
6.69677 -1.31976
7.81936 0.700029
2.94724 -5.65687
4.09446 -1.01546
1.84964 -2.83243
3.17676 -5.57967
2.36414 -2.53302
-1.32912 -6.39461
1.89453 -3.4626
3.12273 -2.7202
2.63028 -2.31102
3.61352 -2.13095
4.93329 -4.53717
-1.36311 -5.32702
3.36169 1.11443
-0.0218441 -3.56027
3.28985 1.31454
3.67327 -2.03714
1.181 -3.62284
3.95662 -1.45849
2.8543 2.14706
-0.776034 -2.74373
0.197038 -3.60149
-2.0365 -2.40751
2.52132 -2.40872
-1.35903 -5.32431
6.75042 0.342767
3.91194 1.48792
4.15499 -0.714281
0.11349 -3.58734
-1.55938 -5.22598
0.727185 -5.89044
3.95047 -5.23038
6.75152 -0.919368
-1.84475 -5.07037
-0.955887 -2.64675
3.64092 -5.38769
6.50547 1.57096
2.53006 -5.76952
4.98567 -4.48999
-2.76108 -4.42697
6.77033 0.102821
-0.0983551 -2.99363
3.4889 -0.739308
3.92724 -1.53312
4.20309 0.0237066
-1.01542 -2.61899
4.75934 -4.68531
6.77852 -0.553623
-1.20187 -5.39527
-0.945601 -3.22921
0.218053 -3.60474
3.70883 1.95458
-0.248156 -3.50334
-2.34618 -4.74811
2.65809 1.9456
3.95263 -1.46912
4.04845 1.06304
1.13872 -3.6275
5.63714 0.647813
4.13127 -5.12648
-1.2589 -2.44831
3.54031 2.26553
2.75337 -2.18727
-0.886276 -2.68599
6.77685 -0.016997
2.17108 -3.35004
0.942419 -3.07134
0.432062 -3.07758
3.24553 -2.59686
-1.65487 -2.10579
6.41536 1.85162
1.04224 -3.05719
-2.6386 -5.68247
-0.67151 -2.79372
2.53289 1.96388
3.93474 1.42583
6.77489 0.0705109
7.17055 0.276423
-0.0897677 -2.99574
-1.90383 -5.03575
3.53838 -2.24071
6.74745 -0.957943
0.423235 -3.07694
4.14999 -0.73712
6.27306 2.22991
6.09861 2.62389
4.05549 -1.16246
3.24384 -1.46953
3.1025 1.72828
-1.59692 -2.81223
0.0716925 -3.57953
6.32817 2.0909
-0.141528 -5.74976
3.47164 0.711063
3.54807 0.169826
-0.82232 -3.28929
-0.639526 -5.60959
4.56598 -4.83571
6.57791 1.30919
2.88603 -2.92539
0.260137 -3.61089
1.05824 -3.05781
6.69993 -1.30111
-0.978782 -2.63336
3.2162 1.49173
1.35194 -5.9157
2.80802 2.21475
0.958988 -3.64157
3.45106 -5.47228
3.70408 -1.95922
0.209267 -3.05361
4.33737 -4.99625
-1.10267 -6.48537
3.73269 1.90597
-2.58884 -5.716
6.37281 1.97171
2.94888 1.99974
-2.78656 -5.5793
3.54396 -5.43272
3.54745 -0.308268
4.15519 0.560296
0.86527 -5.90098
4.20427 -0.124067
4.5521 -4.84597
2.33467 -2.55437
-1.03189 -2.60133
7.3069 0.884579
2.6324 -3.10642
-0.00228597 -3.01576
-1.08395 -6.49251
3.25312 -2.58877
3.36696 -1.176
-1.07557 -3.15993
2.34944 -2.54374
3.40623 -1.03952
-0.523839 -2.85688
0.778458 -3.64657
0.0946755 -5.80084
6.77713 -0.569721
4.11733 0.773824
0.0063652 -3.0176
-0.579299 -3.3926
2.55583 -2.37888
5.2012 -4.28192
3.4948 -0.709779
7.70692 1.13267
1.52622 -3.56483
-2.40323 -5.83613
6.70068 1.07825
2.94423 -1.96042
6.35326 1.17918
2.32737 -2.55956
4.08107 0.937442
4.58024 -4.8251
3.51618 0.466469
-0.503649 -2.93358
6.75895 -0.842005
-1.70888 -2.04972
0.862008 -3.07804
-0.839223 -2.71128
6.13222 0.539244
-1.5514 -6.2965
-0.330662 -2.92701
-1.63526 -5.18643
3.46463 0.74289
1.52705 -2.95508
6.75737 -0.863323
4.08306 -1.06103
2.71276 -3.05291
6.70318 0.70462
4.2005 0.0981497
0.736701 -3.08419
3.79419 -1.8217
4.06218 1.01299
2.03029 1.20298
3.54998 0.138473
1.96347 -2.77836
-1.20892 -2.48437
4.16427 0.49761
-1.1917 -6.44009
3.84937 -1.71015
-0.590185 -2.8296
0.324976 -3.06808
3.26431 -1.42626
1.04044 -3.06019
-1.64265 -2.11812
6.76062 -0.822907
-2.59062 -4.56552
-0.946524 -5.49996
6.49334 1.61121
3.04246 1.08427
-0.687733 -2.78625
1.73367 -2.88133
2.69823 -5.72827
0.969451 -3.64101
6.73622 -1.05378
-1.20259 -3.08599
3.36947 -2.45811
0.606844 -5.87862
0.333793 -3.62047
2.46754 -3.2061
2.06717 -2.72351
2.08295 -2.71467
5.08832 -4.39379
0.439235 -3.63157
7.63181 1.32616
1.24379 -3.0264
-0.716285 -3.33676
0.469858 -5.8622
3.02563 1.86985
-1.25391 -6.42555
-0.581636 -2.83317
3.64555 2.04999
-0.410115 -3.45335
0.748612 -3.08309
3.89625 -1.60675
0.0197323 -3.56914
-0.541382 -5.64081
-0.971265 -2.63779
0.620093 -3.08524
0.0888964 -3.0351
-2.7227 -4.45912
-2.73771 -5.61396
6.78313 -0.314049
6.66525 -1.48866
-2.78686 -4.40516
-1.15505 -5.41567
2.39336 -2.51128
3.32553 -1.28477
6.77426 -0.628162
3.52637 2.28917
6.48096 1.65144
-0.107128 -2.99144
-0.313614 -2.93254
1.06476 -3.6344
-0.687208 -3.34913
3.5278 0.381416
1.25153 -3.02507
2.93632 -2.885
3.55223 -0.225993
4.22046 -5.07173
4.12477 0.736209
1.40964 -2.98776
4.20349 -0.173199
-1.32211 -2.40065
4.80811 0.809647
-1.0919 -2.56349
3.30662 -5.53095
1.22778 -5.91332
4.34852 1.65367
3.39359 1.01593
-1.43125 -2.31255
2.85493 -2.07476
3.083 -1.75929
6.75794 0.263
4.1493 0.59786
1.41845 -2.98542
7.64673 1.34276
2.50025 -2.42646
0.746712 -3.64651
0.882293 -5.90205
2.91813 2.04906
3.0878 -1.75208
4.17398 0.422256
7.74316 0.94932
-1.78526 -5.10437
5.05623 0.763643
4.46694 -4.90745
1.427 -2.98312
1.02061 -5.90899
-1.39592 -2.96066
3.37879 1.06147
3.67898 -2.02721
0.817324 -3.08083
1.97487 -3.43417
2.85194 -2.95187
-1.71057 -5.14589
-2.90106 -4.30563
3.93913 1.41354
2.20653 1.2056
-0.760063 -2.75166
-1.48414 -2.26701
-1.45118 -2.29561
3.80451 -1.80158
3.30332 -1.33842
2.64767 -5.74125
4.0742 -1.09487
0.575324 -3.08446
-1.11225 -3.13922
-1.09394 -3.14963
-0.786366 -5.55957
-1.18711 -2.49967
6.72613 -1.13033
2.14277 -3.36721
-1.12881 -2.53931
-1.75235 -6.20045
1.0119 -3.63838
1.79349 -3.49518
-1.92952 -2.51795
0.481619 -3.63518
2.1314 -2.686
-0.356046 -2.91857
0.138546 -3.0426
6.43567 1.79176
0.757093 -3.64704
3.68468 -2.01777
3.86857 1.59945
3.35509 -1.19953
3.56093 2.23017
2.51342 -5.7733
3.86348 1.612
0.673978 -3.08531
3.81153 1.73502
-1.716 -6.21837
-1.6791 -2.08097
4.15894 0.535141
-2.97934 -5.43676
3.05221 -1.80749
6.75983 0.242708
2.35488 -3.26701
0.725444 -3.64631
-1.28113 -5.36022
6.56746 1.34955
2.63685 -2.30479
-1.54983 -2.20796
-1.24717 -3.0585
7.5667 0.793684
-1.29413 -2.42204
-1.68555 -2.74022
2.97302 1.95996
2.91415 -5.66708
2.42908 -5.79166
3.84523 -1.72136
3.55165 0.107041
6.2833 1.19877
0.842257 -3.64584
3.46936 0.721568
2.20134 -3.34134
0.714967 -3.64617
3.44969 0.806841
-0.186562 -2.97087
-1.67298 -2.08729
-1.29657 -5.35321
3.54685 -0.36659
3.88254 -1.63792
6.78315 -0.294558
3.50846 1.02028
6.72078 -1.16935
6.74172 0.423167
-3.0305 -5.40237
-0.258211 -3.50045
-0.618753 -3.37714
2.2303 -3.32805
-2.83511 -5.54429
4.18102 0.359737
6.55676 1.38989
6.73942 0.442964
2.90435 -2.01193
4.11495 -0.92355
-0.236634 -2.95625
6.73454 0.483233
1.86607 -2.82501
3.52298 -0.541192
0.165003 -3.04691
3.85902 -1.68957
3.54657 0.191057
-0.490526 -2.86996
2.2592 -3.31468
4.13859 0.660659
3.57015 -2.19542
-0.432569 -3.45039
-0.642163 -6.64456
4.17047 -0.607859
4.89383 -4.57191
-0.0723191 -2.99994
1.2624 -5.91334
-2.82509 -4.37237
5.85699 1.31248
3.80068 1.75959
2.22228 -2.63061
3.11496 -2.72757
2.72798 -2.21407
-2.83074 -4.36526
5.8028 0.612548
-2.17809 -4.86355
-2.45619 -4.66817
-1.31246 -5.34593
3.48489 0.647096
6.65601 0.966776
7.77595 0.852312
3.55053 -0.256317
4.08706 0.912248
2.91588 -1.99729
-0.210539 -6.76367
2.26893 -3.30981
3.63402 2.09905
0.66441 -3.63383
0.820992 -3.64621
1.11081 -3.05027
-2.36903 -5.85744
1.47024 -2.97103
3.65554 -2.06531
0.539377 -3.08338
2.45802 -2.46099
-1.58064 -2.17872
-2.73517 -4.44866
4.20151 0.0733097
2.695 -3.06503
1.77994 -5.88905
1.38045 -3.59386
2.79166 -2.99699
2.96101 1.97987
6.69017 -1.35751
4.77318 -4.67396
3.87409 -5.27154
3.82747 1.69827
2.53226 -3.16852
2.98012 -2.85536
-1.26521 -5.3674
2.32723 -5.81205
0.968831 -3.06872
3.40153 -1.07423
-0.156048 -3.52829
4.45285 -4.91738
0.476747 -3.08045
3.23877 1.43983
-1.58822 -6.27945
3.1736 1.58483
0.023941 -3.02126
1.12391 -5.91206
1.68111 -3.52741
3.83796 1.67361
-1.07582 -5.44886
3.39549 -1.09289
-1.84799 -2.59647
6.40143 1.89168
0.93361 -3.07218
3.55479 -0.153744
4.20171 -0.234245
-1.52272 -2.86934
3.55448 0.0336712
3.53183 -2.24985
3.13879 1.65677
0.281205 -3.61378
-0.17637 -2.97335
2.98303 -1.90786
-1.06938 -2.5779
0.58989 -5.87676
-0.35902 -5.69405
3.55262 0.0860076
3.7243 -1.95019
2.30839 1.17317
-1.47747 -6.33001
-1.88889 -5.04459
6.78052 -0.116287
3.78136 -5.31941
2.47962 -5.78082
4.06873 0.935461
4.14517 0.623036
4.08654 -5.15306
-0.525072 -6.67969
6.38725 1.93172
6.16247 2.48669
1.94729 -2.78644
-1.24973 -5.37434
1.78826 -2.86308
3.52158 -0.551074
1.61578 -2.92502
0.127361 -6.83738
0.0276353 -6.81738
-2.4834 -4.64785
3.06239 -5.61954
2.93663 2.01956
2.27642 -5.82149
3.71881 -1.9598
4.20073 -0.258674
3.53331 -0.46059
4.00361 -1.32833
3.27235 -1.40877
3.29796 1.29353
1.52186 -2.9557
7.77075 0.875399
3.31935 -2.51609
4.20437 -0.111944
-1.54385 -5.23392
3.30805 1.84343
-2.81912 -5.55589
-0.564171 -6.66819
0.799726 -3.64645
-1.94409 -2.50343
-2.85154 -5.53231
6.5458 1.43023
4.17353 -0.584037
-2.85055 -4.35024
4.0523 -1.17351
0.85318 -3.07865
-1.71724 -2.71341
-1.53937 -2.85677
2.16866 -2.66427
3.31379 1.25144
3.10266 -1.7281
2.2932 -5.81842
2.953 -2.87124
1.89052 -2.81373
-0.0912348 -5.76146
-1.57423 -2.18481
0.120842 -3.03959
0.191498 -3.051
6.74091 -1.01539
-1.66959 -2.7535
1.82384 -3.48576
3.18497 -2.65928
3.01005 -1.86974
-1.43863 -2.93075
2.47921 -2.44384
-1.17995 -2.50463
5.21375 -4.26906
3.9524 1.37591
