-7.03361 5.35764
1.75729 6.86435
1.784 -6.21789
-3.66604 3.71082
4.41866 -0.126689
-2.47446 -0.664607
-1.26679 5.86726
-1.70437 -6.64002
-1.13564 -3.03208
-0.904513 1.84281
-7.92327 -4.86361
-8.71575 -2.84753
-5.04222 -4.48946
5.51922 -4.8026
5.31679 4.26998
11.5905 -3.7507
-3.3794 -0.176552
-8.40175 -0.867764
8.30988 -8.58137
-6.13451 -7.23293
2.75636 -2.73147
-2.5598 -4.92709
3.16253 6.04122
5.40935 -10.6063
-8.63775 2.93532
3.19516 0.521517
-5.25544 -1.7487
3.62802 -4.37595
1.8138 4.88497
-4.81126 6.90187
-2.28874 7.57134
-4.49064 1.38734
6.6432 0.909439
3.34441 -10.8835
-4.01447 -8.69068
-9.05347 0.968059
10.5337 -3.30227
6.08649 -3.9012
0.05511 -4.25213
-1.12978 -2.75441
2.23565 -6.6413
-8.23995 2.89387
6.14709 2.71406
1.60977 -4.96232
2.74918 -10.75
1.49683 3.1973
-0.250145 2.67747
3.34875 0.856966
-2.10447 3.47264
-1.29087 -10.4514
