-3.15221 3.60564
-4.83143 1.88398
-0.76876 4.57565
-2.59948 0.757754
-0.76445 1.61529
-4.28936 7.22789
-6.2869 5.87912
-5.06409 -0.0945499
1.24513 3.62457
-0.86003 7.47335
-2.49444 -1.43257
-8.14295 4.08068
1.49358 7.08285
-8.94496 1.72098
2.93474 2.15202
-4.1296 -2.7972
-0.868246 -3.05008
-8.84016 -1.04238
3.99741 -0.757811
2.75135 -2.74711
-2.87026 -5.17819
5.88755 3.94933
-8.36104 -3.86227
-1.14613 -6.08089
6.75004 1.66353
-7.2267 -5.80654
6.31394 -2.64458
1.82886 -6.70846
-5.49026 -7.79866
7.67718 -0.575582
5.16292 -5.62923
9.64406 -0.357576
-1.34074 -10.1393
1.08485 -10.7074
12.16 5.46993
3.60474 -11.0403
6.39455 -10.0967
11.2669 -5.0754
9.44856 -7.91389
10.5072 -14.6546
