-7.99879 4.4989
-4.72584 3.14716
-5.34114 6.98309
-7.95802 -4.07587
-5.78458 -0.233873
-9.28136 -0.596691
-5.73724 0.707956
-5.56097 6.36669
-5.27744 2.25936
-8.41183 -2.89451
-6.57067 5.56029
-4.40301 7.41673
-8.02607 -4.93641
-8.25868 -3.34422
-5.31739 2.17407
-8.52506 -3.88044
-4.88098 6.76088
-8.73837 1.36834
-8.58646 2.07604
-5.44497 1.86838
-9.12723 1.68424
-5.78487 -0.487148
-5.58076 1.45864
-5.74535 -0.751411
-5.76348 -0.578406
-4.87132 2.95181
-5.73664 -0.820955
-8.83054 -0.741786
-5.78734 0.0050734
-7.25834 5.46297
-5.8942 6.13345
-9.27042 -0.763042
-6.14445 5.93829
-4.71948 6.84046
-8.49886 2.3856
-4.55167 3.35659
-6.44028 6.24221
-9.08952 1.86382
-5.68015 1.04875
-4.0165 7.12968
-4.09375 7.5266
-8.16858 -3.58078
-8.41771 3.76551
-9.28288 -0.569414
-5.29871 7.00692
-6.24849 5.85176
-5.32381 2.15997
-8.14974 3.31007
-8.39509 3.81019
-4.10417 3.79745
-8.83796 -0.636064
-5.66712 1.11303
-7.98154 -4.02393
-8.99629 2.24362
-4.75996 6.82104
-8.19951 -3.50152
-6.53972 6.17058
-9.29136 -0.376409
-9.23458 1.00457
-5.78451 0.140956
-9.06037 1.99102
-9.28942 0.306846
-5.17863 2.45392
-4.70742 3.17162
-8.6873 3.16741
-3.735 7.63542
-3.78949 4.04504
-9.25952 -0.922596
-7.41592 4.58436
-5.62873 1.25186
-8.46794 -4.01734
-8.93293 -2.68835
-8.11676 4.3104
-3.93748 7.5764
-4.96352 7.17723
-4.79058 3.06277
-8.16767 4.22514
-5.70443 0.919603
-5.42208 1.92763
-9.06483 -2.15759
-8.19275 4.1822
-8.72982 1.41802
-5.76651 0.443229
-4.26768 7.0364
-5.11836 6.63485
-8.55608 -2.38991
-9.05871 -2.1852
-8.54088 2.24275
-4.55586 7.35668
-9.29661 -0.0195492
-7.85409 3.92252
-5.74738 6.23978
-8.85599 -0.163542
-8.18917 -3.52822
-8.65395 -3.55014
-8.53523 -2.46951
-5.78505 0.123763
-5.38044 2.0301
-9.23773 0.977627
-5.61462 1.33423
-9.07106 -2.12916
-5.69267 0.984329
-4.90044 7.20664
-8.62861 1.9077
-6.23179 5.86576
-8.84903 -2.97047
-8.77658 1.11902
-6.19688 5.89504
-8.4066 3.7876
-4.08151 3.81682
-4.95766 2.8251
-8.27788 -3.29143
-8.62676 -2.09679
-5.80708 6.70385
-8.10824 3.40252
-6.76497 5.36595
-4.43364 6.96874
-8.63855 3.29407
-8.33335 2.86966
-8.30086 2.94909
-5.77759 -0.38851
-9.22357 -1.23516
-5.01575 2.73463
-8.69442 -3.43933
-6.66847 5.46435
-7.70647 -4.59016
-8.20598 -4.58776
-9.27804 -0.652094
-8.60471 2.00626
-8.81311 2.83359
-7.49452 5.1907
-9.27274 0.603856
-8.85567 0.0709404
-8.01608 -3.94625
-3.74053 7.22006
-7.66627 -4.66628
-4.84482 2.98899
-3.88955 7.17277
-5.19779 6.58959
-9.23018 -1.17962
-7.64557 5.00039
-5.6736 1.08085
-8.29721 -4.3986
-4.62051 7.33027
-8.28738 -3.26486
-8.84269 -0.557277
-6.71266 6.00871
-4.3923 6.98606
-5.72912 6.2526
-8.78985 1.01826
-8.11824 3.38107
-6.30983 6.34598
-8.36727 2.77836
-8.05192 4.41552
-8.07723 3.46803
-7.90359 3.80755
-8.49469 3.60764
-6.98291 5.1288
-9.1277 -1.84978
-8.38382 2.73248
-8.09421 -3.76391
-7.44819 5.24667
-3.97423 7.14434
-4.92013 6.74105
-4.97976 6.71906
-6.07362 5.99539
-9.2815 0.469386
-5.78558 -0.199549
-8.4291 3.74272
-5.57181 1.48964
-5.1539 7.08259
-5.77085 -0.76146
-5.76651 -0.543772
-8.82548 -3.0509
-7.81105 3.97257
-4.4469 7.39989
-8.31397 3.9652
-4.24713 7.04444
-4.88025 2.93911
-8.1582 3.29354
-5.73041 0.756993
-9.21146 -1.36226
-9.24853 -1.0129
-7.92623 3.76559
-7.8694 3.86966
-9.16249 -1.65415
-8.92505 2.49194
-4.3559 3.56405
-7.92235 -4.15327
-8.79594 2.88187
-7.95849 4.56064
-5.41633 1.94217
-8.5474 -3.8254
-5.7411 -0.786174
-7.54036 5.1342
-9.13734 1.63254
-7.61414 4.29417
-7.83624 -4.33365
-4.04912 7.54121
-5.76202 0.493034
-4.63045 3.26461
-5.48711 1.74794
-8.42832 -2.8415
-3.76537 4.06224
-5.17515 7.07166
-8.8502 0.277782
-4.30932 7.01988
-8.55428 2.19519
-5.38989 6.47567
-6.92287 5.81284
-5.62266 1.30279
-4.41267 6.97757
-7.57079 5.09609
-7.51261 -4.94448
-7.8227 3.95232
-4.35902 7.4333
-8.84687 0.355733
-8.66203 1.76186
-8.33752 3.92109
-8.89332 -2.82768
-8.43538 2.57272
-7.83398 4.74352
-5.74939 -0.716666
-5.14145 2.52193
-8.98957 2.26832
-5.52572 6.87806
-5.61872 1.31829
-5.40454 1.97159
-4.57721 6.90621
-4.85768 7.22639
-3.84754 7.60338
-9.27462 0.5773
-5.52935 1.62774
-8.61274 -3.65963
-8.74384 -1.48418
-8.44711 2.54808
-6.51988 5.60894
-6.23419 6.40399
-8.7695 1.16925
-8.44447 -4.07214
-9.08246 -2.07414
-5.85773 6.16041
-9.27241 -0.735031
-6.74782 5.97742
-3.64437 7.65986
-8.4525 -2.76202
-4.1008 7.09957
-8.52088 -2.52281
-5.22077 1.56924
-9.04603 -2.24124
-4.13779 3.76825
-8.82999 2.78515
-8.81459 -0.926807
-8.78006 1.0935
-7.30535 4.73398
-7.93761 3.74427
-8.78179 -1.21863
-9.23353 -1.15185
-4.73941 6.83094
-5.56441 1.50324
-8.87084 2.66371
-6.99176 5.74402
-5.31074 2.18857
-8.72099 1.4676
-9.2959 0.0620976
-6.49537 6.19691
-6.10912 5.96696
-8.85475 0.122947
-8.32595 3.94285
-7.63097 5.01916
-5.5418 6.37925
-7.91512 3.78625
-6.35235 5.76161
-7.91766 4.62188
-8.85658 -0.0332808
-8.31599 2.91506
-5.60698 6.82955
-9.25715 0.791327
-4.67858 6.8641
-9.01968 -2.3533
-8.85522 -0.215908
-5.64927 1.19232
-7.02506 5.71164
-6.43707 5.6855
-3.63369 7.25176
-9.11157 1.76118
-9.14812 -1.73774
-8.77839 -1.24485
-4.81482 7.24586
-5.09839 6.64593
-5.78669 -0.148384
-8.81017 0.841358
-4.77986 6.81138
-4.28882 7.02805
-4.9063 2.90153
-7.84617 3.91109
-8.97049 -2.54888
-7.70212 4.15504
-8.31535 -3.1857
-5.36201 2.0735
-8.76213 1.22685
-4.16021 7.50428
-9.20907 -1.34687
-7.20561 4.86235
-8.2842 -4.42614
-9.18486 -1.51463
-8.79482 -1.11226
-8.37181 -3.02147
-5.78758 -0.0458184
-5.32074 6.99427
-8.74247 1.34382
-5.78755 -0.0290103
-7.69025 4.94134
-5.74374 0.658311
-4.76313 3.09906
-5.4647 6.91356
-7.35361 5.35762
-7.52493 -4.92188
-5.25494 6.55683
-8.64003 1.85921
-6.93986 5.79629
-8.06702 3.48918
-8.65571 -1.9637
-7.31921 4.71567
-7.73389 4.88268
-5.5194 1.65822
-8.91729 -2.74426
-4.78157 3.0748
-8.34206 2.84656
-5.78338 -0.268233
-5.67031 1.09663
-5.5487 1.5665
-8.84289 0.432693
-7.70471 4.92204
-4.86036 6.7715
-8.68784 1.63983
-3.95503 3.92035
-7.80562 4.78364
-8.02477 3.57513
-9.24573 -1.04034
-6.40315 6.27224
-6.02033 6.03737
-5.19326 2.42642
-9.00601 -2.40931
-5.77195 -0.474584
-7.47522 4.50587
-5.77943 0.258971
-9.0542 2.0168
-9.29732 -0.0447698
-8.84414 -0.530524
-8.50008 -2.59954
-7.69328 -4.61531
-3.80245 7.61644
-5.73896 -0.8033
-7.41688 5.28388
-9.29661 -0.101349
-8.97661 -2.52241
-8.48403 3.63004
-5.77652 0.309215
-8.72193 -1.61713
-6.68488 5.44789
-8.63861 -2.0434
-4.20535 7.06055
-8.81203 -0.952942
-5.9659 6.07946
-8.93992 2.44243
-8.23466 3.11737
-8.95567 -2.60484
-4.32406 3.59555
-6.3474 6.31659
-8.97572 2.31835
-5.78748 -0.0799659
-8.17914 -4.64172
-5.35782 2.13048
-9.28822 -0.458812
-8.8501 -0.399263
-8.09672 -4.80304
-4.05873 3.83602
-5.13318 7.0932
-8.43641 -2.81519
-8.87685 -2.88353
-6.62272 6.0887
-6.79677 5.33268
-8.20946 -3.4756
-5.11091 2.57595
-8.25415 4.07432
-4.8545 2.97792
-4.2374 3.67828
-9.27649 0.549976
-5.92556 6.6252
-8.39188 2.70982
-9.21448 1.16268
-8.71533 3.09676
-5.8862 6.65172
-4.5569 6.91519
-7.29102 4.7528
-3.77762 4.05353
-8.35994 -4.26298
-9.13227 1.65891
-8.8328 0.586225
-7.1423 5.59059
-4.83657 7.23603
-9.06628 1.96594
-8.21757 4.13907
-5.86675 6.66469
-5.55336 1.55135
-7.99717 -4.98973
-8.85414 -0.268334
-6.03796 6.02357
-8.85657 -0.0854908
-4.05869 7.11476
-8.59888 2.02801
-8.89677 2.26022
-8.37779 -3.00067
-8.00328 3.61784
-4.45397 6.96012
-4.73535 3.13501
-6.4217 6.25703
-5.36212 6.9715
-3.59894 7.67165
-8.69769 1.59066
-8.64378 -3.5774
-8.59921 3.37775
-4.35086 7.0031
-8.80932 -0.979864
-7.66073 4.98036
-8.45486 2.52447
-5.34945 2.10243
-4.28946 3.623
-5.75859 -0.630148
-5.07896 6.65661
-8.5272 2.29017
-7.05888 5.67726
-7.87348 -4.2567
-4.66913 3.21791
-8.73095 -1.5638
-5.38247 6.96018
-8.74662 1.31854
-7.33789 5.37564
-8.42067 -4.12687
-5.77193 0.376346
-9.1116 -1.93342
-5.56642 6.85394
-7.43233 5.26558
-5.78198 -0.302628
-5.70152 0.93605
-5.74972 0.60899
-5.67291 6.29157
-8.57884 3.42408
-5.75349 0.575868
-8.84563 0.381135
-8.08776 3.44594
-5.75323 -0.681942
-4.07478 7.53092
-8.66817 3.21453
-8.66677 -1.91031
-8.09788 3.42457
-5.18569 2.44021
-4.16347 7.07641
-5.2148 2.38515
-5.29092 2.23105
-4.47064 3.44526
-4.40845 3.5107
-9.2407 0.951421
-4.39812 3.52132
-7.71429 4.13525
-8.81676 -3.07836
-5.78697 -0.131014
-8.00475 -3.97191
-8.73358 -3.32833
-8.85282 0.200447
-8.56842 3.44732
-5.13377 2.53569
-8.6827 -1.83061
-8.3425 -3.10668
-8.70244 1.5664
-5.35142 6.49922
-4.02452 3.8644
-5.19578 7.06094
-7.76284 4.84311
-8.55266 2.17676
-5.04886 7.13547
-9.27972 -0.624792
-8.77313 1.14377
-7.08818 5.00612
-6.24719 6.39946
-5.78322 0.174768
-9.11681 1.73581
-8.24214 4.09574
-6.30108 5.80648
-9.29501 0.116706
-5.53425 1.61274
-5.76799 0.426302
-8.84121 -0.58327
-3.8374 4.01014
-8.42391 2.61744
-8.5674 2.14749
-5.73505 0.724166
-5.17692 6.60189
-6.19611 6.4326
-8.76 -1.37758
-5.60652 1.36567
-6.40323 5.71619
-7.83464 3.93143
-5.27073 2.27327
-8.13835 3.33739
-8.83821 2.76122
-8.54219 -2.44324
-8.82245 0.714397
-4.64282 7.32076
-5.05606 2.6691
-5.69562 0.968406
-4.99931 2.76069
-4.41905 3.49973
-5.00743 2.74787
-8.76379 -1.35134
-4.3346 3.58519
-8.16788 3.27187
-8.21908 -4.56114
-5.72313 0.805865
-8.81343 0.830954
-8.66434 -3.52205
-8.61689 1.95606
-6.55388 5.57638
-8.46231 2.50147
-9.25198 0.84479
-9.18061 -1.54219
-5.78394 0.15764
-8.83526 -0.666733
-6.60489 6.10415
-5.71802 0.838519
-4.51222 7.37422
-8.50626 2.3607
-8.83985 0.48417
-5.12626 2.549
-8.86263 2.68773
-7.54125 -4.89406
-8.67752 -1.85692
-8.20502 4.16092
-3.622 7.6657
-8.60213 -2.20355
-8.32259 -4.34428
-8.75839 1.24401
-8.84678 -0.477718
-8.40011 2.68644
-7.98249 3.65745
-8.80444 2.85812
-5.78432 6.21357
-9.16692 -1.62628
-7.67722 4.19512
-4.18243 3.72859
-8.85275 -0.320818
-4.82689 3.01373
-8.65657 1.78651
-5.48492 6.90185
-3.92009 3.94766
-8.11589 -3.71155
-4.65937 3.22981
-5.44705 6.44003
-8.60169 -3.68795
-8.75057 1.29397
-9.22488 1.08375
-6.64103 6.07273
-4.18276 7.49654
-7.42974 4.56507
-8.02547 4.45733
-7.25809 4.79804
-8.90989 2.54131
-5.45053 1.85374
-8.72642 -1.59084
-3.61252 7.25783
-8.28988 4.01146
-9.16466 1.47183
-8.61102 1.97984
-5.64739 6.80489
-4.63818 6.8785
-9.09507 1.83858
-3.57654 7.67736
-6.87516 5.24875
-8.03892 4.43614
-8.39655 -4.18153
-5.57624 1.47438
-7.14732 4.93467
-8.01235 4.47785
-7.62672 4.27469
-9.22694 -1.20765
-5.06382 2.65595
-5.78637 -0.165262
-8.85338 0.17363
-3.71401 7.64021
-6.13897 6.47483
-5.77825 -0.371132
-7.27354 5.44821
-7.24856 4.80781
-8.17906 -3.55412
-5.7874 6.71667
-4.37708 3.54276
-8.27156 3.02757
-5.0954 2.60278
-8.42002 -2.86834
-5.71271 0.871102
-8.51614 3.56202
-8.51392 -3.90754
-3.70484 4.1044
-8.6726 1.71299
-5.58953 1.42756
-6.85343 5.87941
-9.28828 0.334385
-5.78633 0.0731074
-3.8729 3.98368
-8.05465 -4.88298
-8.71186 1.51705
-7.84859 -4.3083
-5.77753 0.292645
-5.79041 0.0579562
-4.67857 3.20632
-9.29377 -0.293405
-4.58148 3.322
-5.71029 6.26574
-5.23757 7.03899
-8.6229 -3.6327
-9.0097 2.19338
-4.14281 7.08412
-3.54771 7.27595
-9.29548 -0.211187
-5.76192 -0.595478
-8.11081 -4.77586
-7.20835 5.51983
-5.98403 6.58512
-7.40244 4.60303
-8.56942 -3.7703
-4.16017 3.7485
-4.53624 6.92444
-7.9312 4.60172
-5.84668 6.67797
-9.24368 0.92441
-8.77155 -3.21699
-5.54638 6.86586
-8.13725 -3.65913
-7.33343 4.69675
-8.64984 -1.96875
-8.29677 -3.23859
-4.96597 2.81243
-4.46849 7.39148
-8.83254 -0.714957
-7.05829 5.04153
-9.17462 1.42529
-7.49681 4.46954
-7.77702 4.82352
-5.5851 1.44334
-7.46929 -5.01954
-7.58346 -4.81861
-8.84547 -0.504555
-6.36584 6.30202
-9.03302 -2.29727
-5.78402 -0.250794
-5.35567 2.0882
-6.45417 5.66983
-4.03163 7.12545
-5.257 2.30142
-9.29044 0.280082
-8.47724 2.45469
-5.78719 -0.114155
-7.70804 -4.61467
-3.89654 3.96575
-8.01391 -4.96078
-4.31318 3.60618
-6.97418 5.76251
-7.17657 4.89862
-8.06861 -4.85662
-8.27834 4.03069
-5.75505 -0.664841
-9.10609 1.78726
-7.82004 4.76331
-5.7475 6.74226
-8.17778 3.24952
-7.52333 4.43086
-9.02281 2.14299
-8.73407 1.39339
-8.4911 -3.96247
-5.74161 0.675041
-5.2352 6.56836
-6.31805 5.79173
-5.63817 1.23966
-8.58933 -2.25692
-8.81954 -0.873785
-8.02767 -3.9198
-7.02566 5.08086
-4.90043 6.75117
-8.40882 -4.15381
-8.85419 0.148545
-4.2485 3.66792
-9.01298 -2.3809
-8.83437 -3.02262
-6.1196 6.48883
-9.2644 0.609418
-5.3744 2.04445
-8.80473 0.892128
-8.62909 3.30825
-4.11426 3.78575
-7.78523 -4.43654
-7.73302 -4.53904
-5.73198 -0.855753
-9.28571 -0.514087
-4.29318 7.45751
-8.78846 -1.16543
-6.04272 6.54405
-8.98244 2.29221
-8.81775 0.765414
-9.29549 0.089811
-4.66418 7.31174
-5.67695 1.06458
-8.84794 -0.451883
-7.98554 4.51935
-4.21548 3.69867
-8.69833 -1.74938
-4.93198 2.86359
-4.50115 3.4122
-9.18321 1.373
-5.12217 2.56671
-8.73528 -1.53751
-8.93242 2.4676
-8.68456 -3.46665
-7.16186 4.91674
-5.76933 -0.509165
-5.63051 1.27127
-3.8259 7.19342
-3.7292 4.08761
-7.12594 5.60778
-5.67831 0.993549
-5.52314 6.39139
-5.73949 0.691272
-5.72961 -0.872902
-9.07702 -2.10155
-4.03586 3.85512
-7.07348 5.02359
-9.28446 0.415289
-4.36059 7.00128
-9.20333 1.24239
-8.85646 -0.111237
-6.70081 5.43181
-7.75159 4.8493
-8.8787 2.63959
-5.96478 6.59841
-6.69464 6.02535
-8.65118 1.8106
-6.81842 5.91233
-7.91007 -4.17954
-8.38454 -4.20844
-8.63264 -2.07048
-6.61976 5.5126
-5.29716 2.21672
-7.48366 -4.9948
-8.3603 -3.05369
-7.9486 3.72352
-3.9783 3.90186
-6.42041 5.70066
-9.22002 -1.26348
-7.11785 4.97051
-8.78055 -3.18974
-5.00652 7.15619
-8.46826 -2.70882
-7.47007 4.50802
-4.27059 7.46574
-4.45004 3.46722
-6.90626 5.21469
-8.30227 3.98686
-7.94579 -4.10228
-5.61059 1.34968
-8.20654 3.1835
-8.65836 3.23838
-8.71416 -3.38385
-9.18917 -1.48624
-7.52528 5.15291
-8.8535 -0.294187
-4.12672 3.77793
-9.26388 -0.845964
-6.17729 6.44661
-9.16123 1.50314
-8.85662 -0.0589389
-5.30424 2.20262
-7.40086 5.30283
-5.77437 -0.440031
-5.48517 6.41584
-5.94834 6.09276
-8.72445 3.07295
-9.19326 -1.45869
-5.40879 6.46397
-8.64433 -2.01709
-5.217 7.04984
-9.15188 1.55514
-7.46354 5.22825
-4.87939 7.21641
-5.26378 2.28757
-6.87059 5.86314
-3.93186 7.15872
-6.38647 5.73125
-3.75346 4.07065
-6.95231 5.16342
-4.80032 6.80136
-4.70744 7.29323
-5.2431 2.32945
-7.44311 4.54629
-5.49897 1.71889
-3.71945 7.22646
-8.5062 -2.57609
-8.12651 -3.68541
-8.10524 -3.73735
-5.91211 6.12008
-8.77124 -1.29808
-8.60914 3.35485
-5.42821 6.45185
-8.51324 2.33745
-4.82017 6.79157
-8.80193 0.917107
-4.42931 3.48904
-8.86454 0.0515277
-8.47939 -3.99031
-7.67514 4.20961
-8.46219 3.67538
-8.86006 -2.93935
-4.94907 2.8381
-8.84293 -2.99514
-8.7126 -1.67049
-6.2907 6.3608
-8.79898 0.942802
-8.24545 -4.50705
-5.7651 0.459698
-9.14605 -1.79788
-8.82146 2.80974
-8.22944 -3.42293
-9.29229 0.2257
-5.73437 -0.838097
-8.70295 -1.72385
-4.98561 7.16629
-8.50239 -3.93541
-7.01331 5.09395
-3.74094 4.0787
-7.3887 4.62184
-7.97072 3.68126
-6.50423 5.62336
-8.85195 -0.346696
-9.21079 1.18945
-3.6683 4.12916
-8.88501 -2.85601
-8.83474 0.560855
-4.5616 3.34477
-8.06188 -3.84827
-5.78264 0.191468
-7.79956 3.99188
-5.20773 2.3988
-5.78271 -0.285174
-4.79364 7.25537
-8.30734 2.93738
-5.24337 2.351
-8.35044 2.82409
-5.20041 2.41283
-5.78693 0.039113
-6.58692 5.5446
-4.52143 3.38987
-7.86211 4.70319
-8.23351 -4.53267
-5.8211 6.18711
-6.15787 6.46096
-7.74528 -4.51466
-4.75076 3.05573
-5.43361 1.89806
-5.31281 6.52252
-9.27822 0.523397
-9.29443 0.144341
-7.98283 -5.01597
-4.22619 7.0525
-7.63897 -4.71715
-4.61083 3.26129
-5.72779 6.75477
-8.78735 2.92359
-4.49516 6.94241
-9.27439 -0.707545
-7.5099 4.45053
-4.00439 7.55554
-3.83562 4.04284
-3.78326 7.20687
-9.19149 1.32059
-8.80661 -1.00602
-8.85626 -0.137765
-8.30977 -4.37184
-8.58292 -2.28321
-8.8365 0.535564
-8.68796 -1.80353
-8.83094 0.612123
-7.65209 4.235
-6.65877 6.05715
-8.09073 4.35392
-3.6928 4.11261
-7.78722 4.01352
-6.65242 5.48036
-6.78322 5.945
-8.76195 -3.24537
-8.79882 -3.13407
-8.85114 0.252275
-5.04 2.69548
-5.02379 2.72174
-4.59122 3.31072
-4.818 3.02587
-4.78469 7.25135
-6.12656 5.95285
-5.68766 6.77997
-9.19741 -1.4303
-4.47488 6.95117
-8.85628 0.0188635
-6.53754 5.59194
-8.36081 3.87678
-3.88491 3.9746
-5.65647 1.16051
-7.72678 4.11476
-3.68038 4.12103
-8.43952 2.57103
-9.26834 -0.790401
-9.04814 2.04181
-7.0435 5.05888
-6.84386 5.28259
-8.76772 -1.32392
-9.20713 1.21543
-9.29443 -0.2662
-5.39258 2.0009
-5.64565 1.20797
-5.78113 0.225245
-7.90366 4.64259
-6.58648 6.12002
-7.89807 -4.20503
-8.12451 -4.74936
-3.98233 7.5625
-4.99979 6.69935
-4.38756 3.5324
-8.54925 -2.41625
-5.50422 1.70354
-5.56267 1.52054
-3.76221 7.2134
-8.48372 -2.65559
-4.67888 6.85961
-6.73031 5.9933
-5.75527 0.559527
-5.75621 -0.647435
-5.37032 6.48771
-5.49383 1.73377
-5.77432 0.342808
-8.15198 -4.69559
-9.23979 -1.09608
-9.26201 0.737768
-6.71716 5.41519
-7.21984 4.8444
-8.75207 -1.43087
-9.25958 0.764952
-3.95337 7.15146
-9.11699 -1.90581
-3.8135 4.02767
-8.22548 3.13906
-9.29669 -0.0743344
-4.2266 3.6883
-8.75602 -1.40462
-3.68972 7.64778
-7.49838 -4.96929
-9.15294 -1.71014
-3.96685 3.91099
-8.70725 1.54138
-9.28839 -0.48268
-8.44009 3.72054
-4.61808 6.88771
-5.60228 1.38099
-5.57956 6.35442
-7.30582 5.41204
-9.29306 -0.321275
-5.94173 6.61687
-4.51146 3.40089
-4.45562 3.44872
-8.28958 2.98256
-8.90131 -2.80015
-6.92157 5.19773
-4.1383 7.51171
-9.2871 0.361108
-4.71657 3.15892
-8.26258 3.04969
-9.08333 1.88686
-4.14915 3.75825
-7.55582 5.1149
-8.22514 -3.43875
-8.18734 3.22777
-8.59586 -2.22985
-8.01421 3.5962
-6.77924 5.35166
-8.34936 3.89863
-7.27706 4.771
-8.82471 0.688487
-5.72558 0.789752
-3.95959 7.56959
-8.71724 -1.6442
-5.75875 0.526311
-6.45851 6.22732
-4.49112 3.42315
-5.27922 7.01677
-7.19216 5.53733
-8.62287 1.93154
-4.07944 7.10731
-5.50928 1.6886
-4.99272 2.77604
-7.00831 5.72849
-5.216 6.57949
-7.9342 -4.12774
-4.25925 3.65783
-7.51179 5.16518
-8.85525 0.0965722
-5.61717 6.32935
-8.35157 -3.0798
-4.24895 7.47338
-6.38695 5.72473
-9.18745 1.34642
-9.23146 1.03074
-4.30258 3.61646
-8.33502 -4.31745
-6.90533 5.82982
-5.53911 1.59717
-8.32483 2.89205
-5.77852 0.275568
-6.32836 6.33153
-9.13807 -1.79375
-5.0877 2.61595
-4.33731 7.44136
-8.2491 -3.37021
-5.66725 6.79265
-8.1924 -4.61514
-5.75706 0.542683
-8.74302 -3.30096
-6.02301 6.55794
-5.77735 0.327181
-4.7506 7.27444
-7.87575 4.68385
-5.79243 -0.213748
-7.88601 -4.24454
-5.75258 0.593199
-8.59112 -3.71514
-8.26846 -3.31744
-5.62514 6.81985
-5.09108 7.11447
-5.75131 -0.699556
-8.39496 -2.9476
-8.52511 -3.86552
-5.83917 6.17398
-8.80087 -1.05913
-8.55821 3.47024
-5.72056 0.822441
-4.80882 3.03834
-9.02651 -2.32483
-6.96786 5.14588
-7.15915 5.57267
-6.82836 5.29918
-4.96002 6.72034
-5.4616 1.82388
-5.78747 -0.0117134
-8.82684 0.663304
-8.77849 2.92999
-4.11571 7.5193
-8.60906 -2.17501
-6.26652 5.83624
-5.07196 2.64258
-8.79562 -1.09419
-9.14715 1.58072
-8.40331 -2.92145
-3.5695 7.26994
-4.53438 7.36536
-8.49189 2.40777
-6.66801 5.45245
-4.94309 7.1866
-9.25397 -0.957214
-3.82534 7.60985
-8.53731 3.51622
-8.94825 -2.63241
-8.52691 3.53881
-9.25134 -0.984637
-7.56248 4.37274
-8.06128 -3.84194
-6.73299 5.399
-5.70745 6.76759
-7.60146 4.31343
-3.5264 7.28179
-9.07805 1.91495
-8.67435 -3.49476
-5.76934 0.409828
-4.48074 3.43438
-7.04224 5.69423
-5.69196 6.27843
-5.66348 1.12861
-9.29381 0.171241
-9.00313 2.21815
-6.17962 5.90937
-8.14234 4.26787
-8.32309 -4.31554
-5.64188 1.22405
-5.27407 6.54557
-8.69662 3.14413
-8.66728 1.7378
-5.13772 6.62404
-4.34542 3.57449
-7.7979 -4.41124
-7.99259 3.63882
-7.99302 -3.99831
-5.42365 6.93701
-9.08888 -2.04551
-5.46716 1.80871
-5.03944 6.67811
-8.04602 3.53225
-9.21799 1.13666
-9.25469 0.818944
-8.67763 3.19134
-4.59939 7.33886
-8.58015 -3.74313
-8.84695 0.436148
-5.47252 1.79395
-5.22903 2.35736
-9.24276 -1.06862
-9.17028 1.45101
-7.24105 5.48414
-5.07973 2.62948
-7.60099 5.05774
-7.38535 5.32087
-5.77548 -0.423018
-4.59736 6.89713
-3.86847 7.1797
-7.97733 4.51111
-8.52799 -2.49655
-8.03883 -3.89413
-8.56966 -2.33657
-7.28947 5.43041
-8.58891 3.40128
-6.47723 6.21193
-4.6109 3.28774
-8.37536 2.75629
-8.53786 -2.42421
-9.14222 1.60702
-5.54386 1.58207
-5.69864 0.952004
-6.1618 5.92407
-5.7795 -0.354032
-9.22555 1.04669
-5.48327 1.76391
-6.56857 6.13533
-8.47592 -2.68259
-8.65013 -1.99004
-8.75192 3.00151
-8.24416 3.09446
-5.65295 1.17619
-8.69904 -3.41803
-7.62546 -4.74211
-6.53206 6.16625
-6.47074 5.65455
-4.28098 3.63722
-5.50684 6.40116
-4.04747 3.84543
-7.09251 5.64264
-4.20457 3.70852
-8.99915 -2.4369
-8.83441 -0.688903
-9.2465 0.898155
-4.12151 7.09199
-9.03563 2.09247
-8.78521 -1.19164
-7.8234 -4.35981
-8.57376 2.12394
-4.88888 2.92674
-6.00213 6.05151
-8.85467 2.71254
-7.34717 4.67833
-5.78552 0.107055
-9.26867 0.657647
-3.93116 3.93758
-5.78719 -0.0968733
-9.25909 -0.901569
-4.94038 6.73058
-7.76315 4.05428
-3.78021 7.62277
-8.58024 2.09966
-5.59378 1.41221
-8.83824 0.509501
-4.92357 2.87618
-8.81719 -0.899694
-4.43145 7.40198
-5.82715 6.69081
-8.79173 -1.13846
-7.32165 5.39413
-8.64877 3.26148
-8.40803 2.6637
-4.86261 2.96412
-8.6777 1.68887
-6.10097 5.97048
-8.74274 3.02573
-8.12977 4.28885
-9.15783 -1.68173
-5.87572 6.14716
-3.91461 7.58342
-5.45615 1.83859
-8.15831 -3.60666
-5.80787 6.19516
-6.00383 6.57136
-7.1909 4.88077
-9.26612 -0.818584
-6.93716 5.1804
-5.70721 0.903612
-5.24997 2.31566
-8.27149 -4.45287
-6.81236 5.31621
-7.79156 4.80332
-5.33671 2.13125
-5.50561 6.88984
-5.02801 7.14571
-5.36813 2.0592
-8.33361 -3.13277
-7.75928 -4.48784
-8.82419 -0.8208
-5.76798 -0.526207
-6.28357 5.82161
-7.53631 4.41173
-4.57141 3.33357
-9.17902 1.39878
-8.82852 -0.767855
-5.41037 1.9571
-7.37492 4.64079
-5.98442 6.06519
-7.63962 4.25458
-7.58614 5.07666
-5.65464 6.30402
-5.77658 -0.405508
-4.94069 2.85071
-5.74577 0.642048
-4.64986 3.24133
-8.76591 1.19395
-4.74456 3.12318
-7.71998 -4.56424
-3.69471 7.23442
-8.78336 1.06869
-6.7658 5.961
-4.68614 7.30239
-7.61136 -4.76793
-9.28436 -0.541335
-9.1004 -1.98946
-3.86121 3.99246
-3.5907 7.26401
-9.29645 -0.129187
-3.75729 7.62922
-4.64002 3.25314
-9.20133 -1.40277
-4.31493 7.44959
-7.17544 5.55529
-9.1007 1.81256
-3.84915 4.00148
-8.50561 3.58452
-4.54158 3.36739
-8.76076 2.97794
-5.71584 0.85535
-8.84807 0.329497
-8.94714 2.41797
-8.89444 2.59053
-7.89001 4.66264
-8.52035 2.31348
-5.05889 6.66758
-9.17171 -1.59816
-9.12248 -1.87736
-8.75267 -3.27276
-7.73885 4.09485
-9.29226 -0.348431
-7.89238 3.82805
-5.70936 0.727039
-8.96323 -2.57646
-9.10596 -1.96185
-5.76504 -0.560833
-8.85433 -0.244147
-7.81087 -4.38516
-8.96158 2.36823
-9.26428 0.711346
-8.88672 2.61472
-8.07811 4.3735
-8.69298 -1.77723
-6.27209 6.37512
-9.21649 -1.291
-8.8077 -3.10663
-8.08342 -3.78968
-4.0703 3.8263
-9.27992 0.496007
-8.38383 3.83228
-8.73443 -1.52738
-3.94352 3.9294
-4.20463 7.48897
-9.28608 0.389528
-8.46992 2.47776
-8.90952 -2.77171
-4.49069 7.38276
-6.06182 6.5305
-8.22971 4.11775
-8.25327 3.07242
-5.78121 -0.319587
-7.58843 4.33356
-8.49122 -2.62936
-8.98499 -2.4929
-6.10048 6.5028
-8.08291 -4.82945
-5.15649 2.49474
-5.78716 0.0223497
-7.54962 4.39198
-9.29621 -0.156236
-8.10407 4.33127
-3.67661 7.23924
-8.47264 3.65762
-3.89255 7.59003
-5.16384 2.48129
-4.79986 3.05041
-7.6753 4.96117
-7.5696 -4.84354
-5.14888 2.50855
-8.6146 -2.15017
-7.75121 4.07429
-5.77068 0.392849
-8.81532 0.790493
-6.88825 5.84625
-9.19947 1.26806
-8.84916 0.304028
-9.29621 0.0351665
-5.3978 1.98585
-4.98271 2.78663
-4.69764 3.1827
-7.59765 -4.79291
-8.69255 1.61946
-8.59459 2.46452
-8.56078 2.17166
-8.79604 0.967733
-4.00147 3.88321
-8.73376 3.04922
-8.82017 0.739536
-9.29041 -0.403593
-5.6865 1.01658
-8.43329 -4.09856
-8.79293 0.993044
-8.9545 2.39276
-9.04184 2.0676
-3.91096 7.16571
