5.85005 -3.47789
3.77958 -1.79021
4.12294 -0.889085
4.13188 0.698598
4.64234 0.839292
4.16766 0.47248
6.63592 3.40484
4.03218 -1.24041
6.58803 -1.82084
6.66581 3.36143
9.94052 -0.420469
7.14602 2.56287
6.64571 -1.58159
6.77713 -0.569721
3.78376 -1.84173
6.35326 1.17918
3.60124 -2.14952
4.01686 1.17588
5.14067 0.747529
4.12957 0.711011
4.04899 -1.18487
6.77874 -0.530495
6.18883 2.42784
4.17552 -0.54711
6.41824 3.7045
7.9342 -0.681022
3.99983 -1.33944
7.89098 0.174558
7.90062 -1.24813
6.77276 0.062845
7.90511 -1.20312
6.54399 3.53375
7.60079 -2.63315
6.43781 -2.30339
10.089 -0.537964
6.40143 1.89168
3.91931 1.46314
6.46889 -2.21308
4.19082 -0.353709
4.186 0.309644
7.33372 2.17612
6.07455 -3.1065
6.74172 0.423167
7.46016 1.87676
4.20151 0.0733097
6.31556 -2.61339
9.05711 0.141805
4.06873 0.935461
7.8189 -1.80227
4.7141 0.831337
6.16247 2.48669
4.10419 -1.03564
6.63256 1.09858
10.5913 -1.01956
5.74835 -3.62655
6.65198 0.986679
4.19962 -0.283066
6.57829 -1.85732
7.48499 1.70504
9.25315 0.0328198
6.9462 2.92174
6.37885 -2.45961
4.19694 -0.331735
7.5715 1.5753
5.85982 -3.46303
6.59301 1.24893
7.4528 1.89913
10.4985 -0.917451
3.8396 -1.73065
6.63746 -1.61871
6.54248 -1.9839
4.14517 -0.772885
7.93442 -0.497712
7.7431 0.992193
7.90584 0.0345773
5.76869 3.24071
6.43156 -2.32064
5.98211 2.85731
6.65601 0.966776
6.13414 4.05916
7.8825 -1.40469
6.27116 -2.7141
7.11601 2.62939
6.70068 1.07825
6.7389 3.25272
6.69248 -1.3201
4.08883 -1.03828
4.0523 -1.17351
6.49334 1.61121
3.59515 -2.15864
6.70618 -1.26326
5.55535 0.664844
4.06863 0.987816
7.69719 -2.31929
4.16601 0.48486
7.81698 -1.82614
6.83804 1.03643
6.76623 0.162557
6.53458 1.47054
6.71219 -1.2253
4.15499 -0.714281
4.05549 -1.16246
6.33002 -2.57936
7.09171 0.298288
6.73493 -0.998664
7.90287 -1.22597
6.08346 -3.09029
7.37317 0.861909
4.80811 0.809647
6.22329 2.34881
4.01796 -1.28455
7.86066 -1.56016
4.16732 -0.631664
6.21562 2.36719
7.12221 2.60812
3.99612 -1.35021
6.78196 -0.175619
3.62569 -2.11227
7.59496 1.50576
6.68333 -1.39517
6.77079 -0.686964
4.13669 -0.819683
7.93494 -0.566476
3.99392 1.72235
3.81471 -1.78138
10.4191 -0.836524
6.77316 -0.647994
4.11472 0.786611
4.16255 0.509995
7.88807 -1.35997
3.93913 1.41354
6.51734 1.53069
7.91124 -1.13577
6.18564 3.99749
7.09805 2.65329
6.72349 -1.14914
10.1666 -0.970258
7.87044 -1.49385
7.77595 0.852312
3.82728 0.973087
6.70947 0.664279
8.98976 -0.351809
3.76795 -1.87147
6.32036 2.11112
4.20412 -0.136539
7.82302 -1.78068
4.0681 -1.11747
3.99372 1.25116
7.69395 0.747197
4.20349 -0.173199
6.76229 -0.80322
10.6178 -1.04983
7.85718 -1.58264
7.91574 -0.0814561
6.12627 2.56534
5.88663 0.594307
5.85699 1.31248
6.0719 2.68021
4.13888 -0.80782
7.51345 1.7377
4.18052 -0.52445
6.78233 -0.195769
7.90791 0.0116517
10.5056 -1.20926
4.20447 -0.0873146
4.41879 1.63962
6.76765 0.142832
6.49344 1.13926
6.77426 -0.628162
6.71838 0.60409
6.05685 -3.13834
4.18308 -0.500468
3.69617 -1.99854
7.03631 2.76549
4.00928 1.20099
3.64365 -2.08422
7.93382 -0.7043
6.24818 -2.76384
7.89625 0.127879
4.13859 0.660659
4.20422 -0.0379636
7.5047 1.76124
5.75887 -3.61164
6.13483 -2.9942
6.297 2.17055
7.68102 1.22625
7.64174 -2.50923
4.08898 0.94803
6.78155 -0.156047
4.01456 -1.29553
3.84937 -1.71015
5.96571 -3.29486
7.54297 -2.798
7.7424 -2.14858
6.89271 3.01067
6.5403 1.45009
7.89581 -1.29306
4.16925 0.459756
6.33691 3.80985
7.77075 0.875399
3.9257 1.45076
6.21982 3.95598
6.61934 0.422358
6.73942 0.442964
4.19089 -0.416357
5.87952 -3.43275
6.38584 3.74687
7.91669 -1.06826
7.91199 -0.0349198
7.20385 2.44971
4.99386 1.51827
7.5667 0.793684
6.1423 1.23732
7.56335 1.59891
9.2881 -0.486152
6.32292 -2.59613
7.93488 -0.612473
4.19137 0.247309
7.92733 -0.266533
5.61731 3.48557
4.02173 -1.27347
3.98882 1.26361
9.94867 -0.839356
4.05874 -1.15108
6.39447 1.91142
6.75737 -0.863323
9.62294 -0.652773
6.72078 -1.16935
5.81026 1.32191
7.57933 1.55235
8.74693 0.300625
5.88783 -3.42168
6.3656 1.99141
4.10789 -0.958332
6.52633 -2.0376
6.75241 0.322977
6.06068 2.70212
7.53555 -2.81815
6.45034 -2.26829
7.92065 -0.173675
6.91644 2.98679
7.88247 0.244284
7.69415 1.17947
7.72533 1.06279
3.94362 1.40088
6.67917 0.845606
3.91418 -1.5647
6.29564 0.501217
4.03502 1.11326
4.17204 -0.595779
3.9735 1.31359
7.69979 0.120027
3.893 1.53763
7.27053 2.3129
9.40268 -0.541115
6.63499 1.06747
9.65863 -0.218885
4.08306 -1.06103
3.66731 -2.04631
6.19267 -2.88021
3.7354 -1.93065
7.81039 0.688634
7.28118 2.29037
4.11733 0.773824
6.36976 3.76769
9.11162 -0.405237
7.7916 0.78158
6.65372 -1.54438
6.57341 -1.87525
7.66679 -2.42472
8.79955 0.274748
6.51524 -2.07344
6.78289 -0.353574
5.92055 2.97324
6.78315 -0.294558
7.4134 1.99197
7.24667 0.254976
5.89952 3.01177
3.91652 1.47566
4.12804 0.747381
7.06134 2.72054
6.86546 3.05498
7.7314 1.03903
8.69216 0.327133
3.80953 -1.79162
3.76292 -1.88196
6.56832 -1.89369
6.83788 3.09919
6.27387 2.21458
3.98074 -1.39377
7.79233 -1.9332
7.7962 0.758584
4.17353 -0.584037
3.9524 1.37591
3.88331 1.56245
7.9345 -0.658412
7.61023 1.45913
7.80148 -1.88966
6.72941 0.5235
6.77685 -0.016997
7.73813 -2.17126
7.90348 0.0582563
6.21687 -2.83047
3.69052 -2.00802
4.06218 1.01299
5.99998 1.2753
6.46265 -2.23307
5.96188 2.89597
4.03902 -1.21817
6.72878 -1.11094
7.88521 0.198866
8.90462 0.221812
4.68012 1.58069
4.20195 0.0607245
8.85579 0.24637
6.65114 3.38283
7.42282 1.96923
6.45577 1.73093
4.13646 0.673405
6.75439 0.302606
7.88528 -1.38267
4.12996 -0.854438
4.23188 0.909094
6.74745 -0.957943
9.77957 -0.737544
7.82392 0.618009
9.15632 0.087562
7.52815 -2.83914
4.20253 -0.209781
4.16223 -0.667029
5.74101 3.28998
6.35313 3.7891
6.69824 3.3378
4.16427 0.49761
6.77924 -0.0764853
6.91962 2.96626
3.79768 0.546289
6.36533 -2.49272
4.09834 0.861902
4.02876 -1.25134
6.58326 -1.83883
6.25673 2.26957
6.09861 2.62389
6.45802 0.462283
9.90249 -0.391727
6.67171 0.885991
6.20619 2.38835
7.85225 0.454427
6.30375 3.85187
6.1078 2.60458
6.58296 1.28931
7.92287 -0.977519
6.11791 -3.02618
9.4841 -0.105711
3.85414 -1.70003
8.80255 -0.273268
4.07083 -1.10613
6.03677 -3.17775
6.62027 -1.69265
6.78265 -0.373463
5.77978 3.22197
9.6177 -0.191723
7.918 0.0501647
5.6426 1.36649
7.9486 0.649365
10.6958 -1.14303
7.86307 0.384566
6.71248 0.644409
3.97757 1.30126
3.87856 1.57467
6.04806 -3.15396
3.9072 1.50054
3.90667 0.960896
6.66716 0.907819
7.93404 -0.543375
6.38016 1.95143
7.62449 0.143366
5.68846 3.37291
7.56575 -2.68345
6.44419 -2.2856
4.1493 0.59786
6.60215 -1.76644
3.96513 1.33861
6.67268 -1.45122
3.90255 1.51279
6.6057 3.44812
6.50392 -2.10917
7.53882 1.66835
5.8199 -3.52302
7.39402 2.0381
6.73197 0.503659
4.19735 0.160173
6.69017 -1.35751
10.768 -1.23529
3.86857 1.59945
6.56746 1.34955
3.92724 -1.53312
3.90528 -1.58577
4.70551 1.58057
6.75895 -0.842005
6.50798 1.55746
9.51429 -0.596661
5.49845 1.40169
6.2703 3.89374
6.75161 0.37932
3.61352 -2.13095
6.73454 0.483233
7.60762 -2.6127
6.25588 -2.74758
10.6445 -1.08106
7.39975 0.210819
6.69993 -1.30111
7.7032 -2.29777
4.16564 -0.643328
6.46199 1.71145
6.97409 0.993869
3.95263 -1.46912
7.37427 2.08417
4.1783 0.384807
6.01188 -3.21705
4.17047 -0.607859
5.9921 2.83811
6.6261 1.10787
6.22468 -2.81416
4.92061 1.53438
7.07354 2.69837
6.61695 1.14827
6.4187 -2.35556
7.71478 -2.2552
6.71796 -1.18726
5.72668 -3.65777
3.93474 1.42583
7.92978 -0.840873
4.19281 -0.39218
7.70116 1.15557
5.79114 3.20266
7.75597 0.724043
7.84458 0.501248
7.04869 2.74336
6.47476 1.67126
3.98778 -1.38573
5.06503 1.50242
4.56085 0.853559
7.93366 -0.451577
4.19901 -0.295069
3.70408 -1.95922
6.77845 -0.0565839
7.69134 -2.34021
6.72403 0.563786
4.15688 -0.702315
6.28598 3.87259
8.54194 -0.170395
3.95661 1.36361
4.13449 -0.831156
6.64968 -1.56327
7.67442 1.24929
7.87941 0.267992
7.80579 0.711721
6.10936 -3.0424
8.12342 0.579596
4.20642 1.68158
3.89175 -1.61706
8.40756 -0.120012
4.20474 -0.0506603
6.34373 2.05043
10.4496 -0.867303
6.64361 1.02708
6.18466 -2.89637
5.87825 3.05022
3.98172 1.28856
4.11215 0.799028
9.45882 -0.568564
7.81503 0.664861
7.32351 2.19873
8.29938 0.50558
10.3574 -0.77604
6.78301 -0.254959
6.78068 -0.471836
6.72613 -1.13033
6.3583 -2.51098
3.93162 -1.52235
7.8484 0.478179
3.82478 -1.76109
7.25948 2.33608
6.1172 2.58468
10.2287 -0.657296
7.4783 1.83045
6.27306 2.22991
5.72125 0.630038
7.83896 -1.69277
4.20103 0.0855447
7.61458 -2.59161
7.77238 0.0971633
7.66057 -2.44546
6.71757 0.677552
4.04573 -1.19587
6.23655 3.93547
4.20437 -0.111944
4.19502 0.197381
7.58674 -2.67457
7.43243 1.94579
6.74955 -0.938382
6.25371 3.91432
7.64673 1.34276
5.71346 1.34887
5.8028 0.612548
7.74316 0.94932
7.55782 -2.75699
10.1597 -0.597229
7.01094 2.81035
4.08706 0.912248
6.66895 -1.47067
6.77852 -0.553623
10.2556 -1.02924
4.19872 0.135273
6.76682 -0.745202
6.06585 -3.1222
6.77203 -0.667238
4.11495 -0.92355
10.6587 -1.33154
6.55836 -1.92491
8.20209 -0.0461602
3.81969 -1.77139
10.2611 -0.686294
6.5136 3.57658
6.76384 -0.784087
4.19035 0.259632
8.52762 0.404274
3.74586 0.985406
6.30837 -2.63006
4.0742 -1.09487
5.13729 1.48626
6.76765 3.2089
8.67362 -0.221486
7.3069 0.884579
6.69677 -1.31976
4.2005 0.0981497
6.7777 -0.0366419
7.44167 1.92302
4.09573 0.874635
7.92881 -0.864025
7.90721 -1.18091
6.01204 2.79925
4.20407 -0.0257886
4.18713 0.297315
4.20289 -0.197715
7.82818 0.594924
7.01472 0.319313
7.61762 1.43614
4.17398 0.422256
6.37212 -2.4766
6.59755 -1.78427
7.32094 0.234839
4.07716 -1.08372
6.27862 -2.69755
6.95916 2.89977
7.30252 2.24458
7.62127 -2.57109
4.20073 -0.258674
5.81321 3.16471
5.63714 0.647813
4.20365 -0.00105488
9.97903 -0.852933
4.15328 0.572692
6.78313 -0.314049
7.85972 0.407566
8.47426 -0.144285
9.24808 0.0407568
4.39597 0.881792
4.1026 -0.981297
5.94685 -3.32582
5.64126 3.44811
9.57257 -0.162082
6.12204 2.55211
9.67537 -0.680621
7.64774 -2.48747
5.78957 -3.56755
10.4787 -0.89728
3.93271 -0.630704
3.58885 -2.16801
4.18433 -0.488283
4.06186 -1.14
10.211 -0.999441
5.3891 0.698715
7.63236 1.38947
5.80991 -3.53782
7.70894 -2.27681
10.299 -1.059
4.00361 -1.32833
7.77813 -1.99798
5.90857 -3.38728
6.49238 -2.14478
7.92361 -0.197291
6.68982 0.785338
6.48727 1.63104
6.55147 1.4096
5.96788 0.576357
7.34414 2.15282
9.43964 -0.078103
7.87635 0.291023
4.09446 -1.01546
5.97191 2.87689
7.67921 -2.38253
4.1839 0.0437862
6.39235 -2.42505
6.37281 1.97171
7.93064 -0.818373
6.68637 0.805228
6.07977 2.66303
6.45034 3.66199
9.72861 -0.709433
6.18019 2.44728
4.04525 1.14844
3.96084 -1.44764
6.63068 1.08729
4.09995 -0.992589
6.40381 -2.43906
8.35798 0.480178
7.82661 0.573433
5.71711 -3.67016
10.6699 -1.11144
5.97498 -3.27938
3.85902 -1.68957
8.24182 0.530163
5.42522 1.41924
6.43567 1.79176
4.20395 -0.14865
6.26344 -2.7311
7.24892 -1.27035
4.12477 0.736209
6.32817 2.0909
8.92871 -0.325752
6.26482 2.25002
6.91926 1.00996
4.49136 1.62493
7.73153 -2.19145
7.73721 1.01595
6.75152 -0.919368
7.83655 0.548081
3.58271 -2.17708
6.2833 1.19877
7.81946 0.641776
4.10531 -0.969654
6.14338 -2.97774
6.69809 0.402498
7.93408 -0.474314
4.19768 -0.319405
4.14517 0.623036
3.71881 -1.9598
6.3357 2.07125
4.18386 0.346541
10.6299 -1.30941
6.38572 -2.4421
3.87347 1.58724
6.77489 0.0705109
4.09291 0.88705
6.98522 2.85511
4.18933 0.272302
5.6292 3.4669
9.00736 0.168342
6.53172 -2.0199
7.78772 -1.95461
7.43765 0.839482
6.78304 -0.334107
9.74231 -0.276106
7.17055 0.276423
4.14999 -0.73712
3.87319 -1.6587
6.42506 -2.33843
3.9443 -1.49053
7.55534 1.62184
6.77591 0.0032413
6.48096 1.65144
6.74312 -0.996407
6.35077 2.03135
6.69332 0.764814
6.57791 1.30919
6.75536 -0.880722
8.06127 0.00238497
7.76826 -2.04124
4.15894 0.535141
6.99806 2.83245
7.35417 2.13017
7.52194 1.71481
4.56189 1.6105
5.91329 2.98832
6.62898 -1.65573
7.7581 -2.08439
6.75794 0.263
7.89872 0.104892
5.5695 1.38446
7.93116 -0.359152
6.75625 0.282828
3.7243 -1.95019
3.99227 -1.36129
7.19245 2.47214
4.14099 -0.796302
5.35407 1.43608
3.98849 -1.37202
4.17644 -0.560167
7.63464 -2.52934
6.69538 3.31791
4.03851 1.10087
6.78261 -0.215312
7.93038 -0.336372
5.88908 3.03072
7.15762 2.54054
6.15117 4.03884
7.93333 -0.72687
6.42903 1.81152
6.77053 1.05713
5.71173 3.33516
7.72038 -2.23419
7.10873 0.950567
6.85719 0.361342
6.74091 -1.01539
7.58822 1.52846
4.14313 -0.784429
7.84999 -1.62682
4.1797 0.372086
6.76062 -0.822907
6.78106 -0.135881
6.67987 -1.41369
7.16948 2.51753
6.13551 2.54546
7.6541 -2.46679
6.73129 -1.09209
6.60281 1.20855
4.15312 -0.72589
4.20387 -0.0132441
4.84954 1.54982
4.20442 -0.0626541
4.17921 -0.536251
3.95662 -1.45849
7.78625 0.805449
7.17452 0.928964
6.85191 3.07677
4.19885 0.147251
4.14089 0.648218
4.31261 0.89576
10.0743 -0.911362
6.03174 2.76033
6.44245 1.7714
4.11305 -0.935308
6.04031 3.83478
6.47474 -2.19774
8.18201 0.55532
4.05229 1.05056
7.66075 1.29604
5.91836 -3.37174
3.72995 -1.94029
6.21214 1.21833
6.68275 0.825712
9.86277 -0.362267
6.82416 3.12092
6.64155 -1.60042
7.75992 0.922257
3.94795 1.38858
6.24013 2.30921
6.77527 -0.608888
10.1241 -0.56712
9.52928 -0.134255
7.84649 -1.64866
5.69597 -3.69918
7.92549 -0.932041
7.88043 0.676549
8.00293 0.628396
4.14722 0.610632
4.19458 -0.156925
7.90118 0.0812289
5.22268 0.731649
6.61589 -1.71081
7.85591 0.431365
4.04547 1.07572
3.77857 -1.85157
4.20171 -0.234245
6.70314 -1.28193
7.93474 -0.635113
5.80211 3.18389
6.5372 -2.00165
6.7462 0.382955
4.08107 0.937442
4.15868 -0.690681
6.55676 1.38989
7.92146 -0.999899
6.7155 0.623953
6.12647 -3.01014
6.78241 -0.393048
6.70926 -1.24401
7.62514 1.41247
6.78052 -0.116287
9.3466 -0.513961
6.04446 0.561519
5.7231 3.31654
6.66399 0.926382
4.18102 0.359737
7.79701 -1.91112
3.67327 -2.03714
7.18091 2.49517
6.75983 0.242708
6.49953 1.5908
7.91496 -1.09056
6.73622 -1.05378
7.08603 2.67551
3.80451 -1.80158
4.00726 -1.31752
7.70692 1.13267
7.24188 0.906536
6.56001 3.51249
6.49768 3.5983
3.57645 -2.18652
10.1202 -0.940322
5.30742 0.714893
6.17284 -2.92837
6.03006 -3.18558
6.15164 -2.96173
9.20569 0.0598896
7.78122 0.828537
6.67625 -1.43274
7.92843 -0.290045
5.92781 -3.35662
6.72092 0.584653
9.88079 -0.794987
10.5836 -1.27022
6.65758 -1.52601
6.55301 -1.94779
6.40563 -2.39037
7.59368 -2.65417
4.18777 -0.452368
4.18894 -0.440547
4.18827 0.284623
4.15128 0.58546
4.19458 -0.367961
3.92013 -1.55576
6.76316 0.202617
5.05623 0.763643
6.16825 -2.92912
4.19835 -0.30742
6.53758 0.44277
10.72 -1.17326
6.87934 3.03251
6.34426 -2.54523
7.65656 -2.33801
3.57015 -2.19542
3.89625 -1.60675
4.20144 -0.246739
6.2936 -2.66387
7.24866 2.35858
5.73808 -3.64098
7.55083 0.165832
3.74098 -1.9207
7.71934 1.08585
9.8236 -0.333732
6.77033 0.102821
6.04135 2.74114
7.93258 -0.40539
6.14449 2.52604
6.37578 0.482148
3.91194 1.48792
7.8907 -1.33791
9.956 -0.430339
7.74766 -2.12743
10.3261 -0.746346
6.29542 -2.67823
3.96483 -1.43703
4.34852 1.65367
6.72462 3.27426
7.92625 -0.909374
5.82421 3.14572
7.87956 -1.42734
6.75042 0.342767
6.77493 0.022905
7.91915 -0.127955
7.95037 -0.759408
4.19582 0.185095
9.78265 -0.304448
6.62107 3.42618
6.00285 -3.2325
5.74601 3.27867
6.8549 -1.2747
6.56332 -1.91157
4.13423 0.685816
3.90085 -1.59611
4.20427 -0.124067
7.82717 -1.75842
7.91837 -1.04527
4.08996 0.899834
4.05895 1.0254
6.76904 0.122517
3.96892 -1.42608
7.83114 -1.73677
6.40113 1.8844
6.07019 1.25669
6.50547 1.57096
4.97428 0.779059
4.15519 0.560296
5.86769 3.06913
9.09131 -0.406813
3.86373 -1.6794
8.4146 0.455226
4.00157 1.22608
8.34038 -0.0954537
6.73697 0.463403
3.65554 -2.06531
10.5455 -1.24015
6.20878 -2.84724
6.78167 -0.432469
4.19661 0.172448
6.63316 -1.62773
5.98437 -3.26376
4.12048 -0.900831
4.27633 1.66793
3.63775 -2.0935
5.69995 3.35432
5.94133 2.93464
4.14922 -0.749414
6.44896 1.75162
4.10683 0.824231
7.63967 1.36578
7.88536 0.221263
7.36434 2.10686
6.66009 0.946285
6.77944 -0.511151
6.529 3.55546
4.1855 -0.47644
10.0159 -0.479039
3.98925 0.947813
6.05119 2.72135
6.48062 -2.18028
3.97285 -1.41543
10.4662 -1.17937
3.8297 -1.75106
6.31271 2.13075
4.00539 1.21372
4.1899 -0.428253
4.07492 0.962632
7.57242 -2.71585
3.64969 -2.07464
10.4249 -1.14868
3.75722 -1.89129
7.93214 -0.772654
3.88706 -1.62762
4.16891 -0.619578
6.97242 2.87712
3.6152 -2.11637
4.04206 1.08811
8.63841 0.352736
6.40235 3.72539
7.84663 0.0733666
10.1937 -0.626547
4.20444 -0.0994531
6.20087 -2.86349
4.0205 1.16351
6.61235 1.16817
4.09719 -1.00421
7.81936 0.700029
5.20955 1.46966
6.09206 -3.07452
7.91993 -1.02292
4.0487 -1.21201
5.84607 3.10747
3.74637 -1.91101
3.93583 -1.51186
7.86988 0.337785
3.70755 -1.97921
5.89903 -3.40232
3.79419 -1.8217
10.384 -1.11898
3.67898 -2.02721
7.81034 -1.84602
6.48661 -2.16229
5.9935 -3.24838
4.1962 -0.343703
6.28104 2.21031
7.75299 -2.10561
8.35293 0.493897
5.83994 -3.49315
3.88254 -1.63792
4.02521 -1.26257
6.13222 0.539244
6.59634 1.23211
7.29518 2.26648
7.92941 -0.312866
7.93467 -0.520422
6.24834 2.28969
4.12529 -0.877663
4.06512 1.70869
4.19995 0.110397
4.08017 -1.07222
4.17691 0.397164
5.67658 3.39202
6.48213 3.61935
7.68772 1.20252
6.41536 1.85162
8.86504 -0.299028
4.07185 0.975038
7.92619 -0.24369
4.47712 0.867996
4.20309 0.0237066
8.73749 -0.246912
4.19188 -0.404096
6.7801 -0.491211
3.86348 1.612
3.7732 -1.86168
7.55054 -2.77721
4.20213 -0.222197
3.63164 -2.10303
7.87662 -1.44932
9.83131 -0.766638
6.38725 1.93172
4.11806 -0.912225
7.8782 -1.47491
6.52895 1.4904
7.898 -1.27081
4.10947 0.811814
6.70318 0.70462
6.61133 -1.72948
6.62162 1.12777
7.4871 1.80762
4.11982 0.761409
6.5907 3.4694
6.79607 3.16497
8.27054 -0.0703539
4.18184 -0.51229
4.06547 1.00022
4.01302 1.18862
6.78167 3.18668
7.49607 1.78409
6.52072 -2.05591
7.96599 -0.398655
7.74875 0.969109
7.92779 -0.886492
9.10774 0.11435
4.18358 0.334682
10.5361 -0.958296
5.83007 -3.50793
6.78424 -0.241649
6.75353 3.2305
4.19327 0.222335
3.68468 -2.01777
6.76955 -0.706252
4.04845 1.06304
7.22643 2.40418
4.02784 1.13839
6.74535 -0.976921
4.17089 0.447362
3.85851 1.62419
7.92221 -1.11882
6.19767 2.40781
5.76905 -3.59713
3.98572 1.27622
6.66525 -1.48866
5.66498 3.41055
6.60684 -1.74759
7.85373 -1.60446
9.23057 -0.459294
6.69663 0.744974
4.20237 0.048495
7.9207 -0.15085
4.16006 0.546742
6.7647 0.182876
10.389 -0.80669
3.92296 -1.54356
9.34759 -0.0224067
5.95149 2.9156
6.24038 -2.78094
7.63181 1.32616
6.5458 1.43023
6.58809 1.26883
7.86396 -1.53829
7.78284 -1.97658
6.33727 -2.56206
7.91746 -0.10437
3.84523 -1.72136
4.10135 0.849434
