2.18273 3.31546
11.6338 -4.39935
-3.12851 -9.48401
-6.77052 -6.25879
-7.29984 9.85848
7.47637 -0.906733
-4.64293 -8.54188
12.2 -12.1
7.46942 -9.58201
-2.60948 -0.46727
6.53403 -3.27337
0.845367 -6.48824
1.42923 -3.09945
-0.784001 4.35619
-2.46008 0.878028
-1.01314 -5.81383
10.7761 -6.25323
-2.00615 7.60327
6.82575 0.870747
8.82697 -8.60368
2.80626 -2.32085
-1.38369 -10.2831
6.17875 3.06344
-3.11495 -9.49202
-8.44244 3.4
-8.997 -1.65161
-9.12479 -0.355616
0.784604 4.15929
-4.07484 3.00089
-1.98042 7.6081
-4.74689 6.97636
-2.6096 -0.473704
6.19146 3.03604
9.11996 5.87998
-5.79595 -7.495
-6.47703 5.94476
-8.90705 1.56848
1.45701 -10.8935
3.91988 5.75776
12.14 8
-3.74754 -3.96898
11.8 9.86
-7.92861 -4.44531
-5.12446 0.155945
14.33 -13.15
3.79945 -0.505916
-6.45948 5.96044
-3.6684 7.36998
-2.6909 4.04522
5.1632 -4.90064
4.63002 -10.6018
3.54575 1.39152
-1.61 -14.85
2.80458 -2.32331
-8.91075 1.54945
-5.16232 -1.57384
11.5281 -2.81534
-8.449 -3.44052
9.99199 -7.46872
9.8 7.03
2.11862 -6.32246
5.41659 -10.3738
6.82703 0.873147
9.71 5.41
3.34915 -5.75979
10.02 9.64
3.33879 -5.76886
-2.25426 -1.78445
14.28 6.92
-5.23074 0.910078
-7.05227 -11.8037
-1.0661 1.73169
-0.686817 -3.02119
-2.70013 -4.86596
-2.46956 0.867043
0.753181 7.23628
2.65241 6.48114
-2.24228 -1.80589
2.89796 -10.9179
3.54534 1.40975
-0.800692 4.35088
-4.07779 2.99636
1.42297 -3.1005
7.48135 -0.894694
0.743624 7.23676
13.9 -9.19
-7.54654 4.78137
-4.90994 -13.6797
-0.330417 -10.5259
3.80027 -0.512355
-0.680966 -3.02202
14.7 -13.64
2.19239 3.3041
-8.81 -13.05
10.4977 -1.43157
5.09249 4.74994
14.24 -9.18
5.19916 -4.8589
-3.76314 -3.95944
-8.48 -14.44
