3.51331 -10.567
2.33662 -10.6426
4.1343 -10.4713
3.33248 -10.5868
2.27221 -11.17
3.05685 -11.1482
2.17334 -11.1688
1.97762 -11.1639
3.76543 -10.5324
4.38747 -10.9811
2.49136 -10.7789
3.0246 -11.1502
2.14105 -11.1682
2.64801 -10.6353
2.8976 -10.6228
4.25702 -10.4479
3.4159 -11.1195
2.23894 -11.1697
3.83879 -11.0703
2.83523 -10.6265
3.48115 -11.113
4.07282 -10.4825
3.019 -10.615
2.77284 -10.6298
2.42988 -10.6414
2.08825 -11.1744
4.16199 -11.0213
2.99065 -10.6167
1.71553 -11.1519
3.20813 -10.599
3.70873 -11.0872
4.61204 -10.9361
3.3506 -11.1256
2.27414 -10.643
3.31842 -11.1284
4.00277 -10.4961
4.13012 -11.0266
3.42518 -10.5767
3.45111 -11.1147
4.77123 -10.9014
3.1459 -10.6045
1.91207 -11.1614
3.12229 -11.1438
3.79608 -10.5279
3.57848 -11.1026
4.06538 -11.037
3.3946 -10.5801
3.87079 -11.0659
3.85763 -10.5185
2.26966 -10.6389
3.88893 -10.5135
3.64363 -11.0951
3.08364 -10.6097
3.51329 -11.1096
2.4357 -11.17
2.30495 -10.6428
4.00058 -11.047
4.51618 -10.956
3.93571 -11.0567
3.36309 -10.5835
3.21984 -11.1366
1.94436 -11.1627
1.74876 -11.1538
2.92753 -11.1549
3.61154 -11.0988
2.66474 -11.166
4.22664 -11.0103
2.46802 -11.1697
2.99139 -11.1521
4.1957 -10.4598
2.52188 -10.6396
4.4944 -10.9553
2.07548 -11.1667
4.58042 -10.9428
2.86596 -10.6248
2.40329 -11.1699
4.03252 -11.0421
1.87928 -11.1599
4.09728 -11.0319
4.25821 -11.0049
2.92832 -10.6209
2.73029 -11.164
4.45186 -10.9687
4.54785 -10.9495
2.58557 -10.6375
2.30453 -11.1702
2.14918 -10.6426
3.82721 -10.5232
2.21166 -10.6429
3.74065 -11.0833
3.28527 -11.1313
2.5336 -11.1689
3.30106 -10.59
2.5548 -10.6385
3.27032 -10.593
1.68327 -11.15
3.1877 -11.1391
3.97343 -11.0486
4.16545 -10.4655
2.50129 -11.1694
2.89363 -11.1573
2.79583 -11.1616
3.48724 -10.5695
3.25308 -11.134
2.91089 -11.0451
4.35572 -10.9871
4.04252 -10.4878
2.00991 -11.1649
2.20663 -11.1693
3.91932 -10.5086
4.29121 -10.9989
2.76258 -11.1629
3.11523 -10.6071
2.59917 -11.1676
2.697 -11.1651
2.3991 -10.6419
3.54925 -10.5619
2.95913 -11.1539
1.78103 -11.1555
4.10402 -10.4769
3.98095 -10.4984
3.77379 -11.079
3.61121 -10.5539
2.80364 -10.6282
4.64458 -10.9292
3.54637 -11.1061
2.71044 -10.6328
2.49234 -10.6401
3.7036 -10.5413
2.61725 -10.6365
4.323 -10.9931
2.7928 -10.6209
4.67616 -10.9224
4.74019 -10.9082
2.3674 -10.6423
1.84654 -11.1586
3.80582 -11.0748
3.57977 -10.558
3.05296 -10.6121
2.37012 -11.1703
2.82812 -11.1603
3.64172 -10.5499
