7.17646 -9.37946
8.20197 -8.7166
5.34439 -10.1701
4.96313 -10.8557
7.36636 -9.27039
5.56194 -10.6888
4.25821 -11.0049
7.575 -9.81996
6.11969 -10.4981
7.94224 -9.6011
5.31131 -10.7633
6.81532 -10.2086
7.84342 -8.96983
7.81695 -8.98756
6.27993 -9.8218
7.83011 -9.6706
6.42524 -10.3783
8.17393 -8.73801
4.67616 -10.9224
6.73368 -9.61227
5.61094 -10.0817
5.81643 -10.0078
5.90375 -9.97484
7.1405 -10.0521
6.93435 -10.1529
6.95611 -9.49897
4.22664 -11.0103
4.40957 -10.4166
7.80152 -9.68785
5.05807 -10.8317
6.84558 -10.1946
8.40768 -9.29308
7.54593 -9.83634
4.38747 -10.9811
4.77123 -10.9014
7.51765 -9.85217
5.27841 -10.773
5.96602 -10.5542
6.70517 -9.62627
7.01147 -9.46963
7.58009 -9.14059
7.71707 -9.73803
5.37436 -10.7452
6.18109 -10.4749
6.25076 -9.83432
7.4601 -9.884
7.06665 -9.43993
7.21799 -10.0192
5.15369 -10.8067
7.74498 -9.72158
5.18489 -10.7983
8.4342 -9.27434
4.89941 -10.8712
5.84528 -9.99702
6.57614 -10.3149
4.77449 -10.3317
7.25754 -9.9922
7.9981 -8.86363
4.04252 -10.4878
6.45514 -10.3659
7.73873 -9.0392
7.60319 -9.80395
4.61204 -10.9361
5.84211 -10.5974
5.40126 -10.1635
4.95512 -10.2845
5.1051 -10.2424
8.19016 -9.44203
8.10048 -8.79083
7.92098 -8.91715
4.51618 -10.956
4.29121 -10.9989
7.12165 -9.40988
5.75776 -10.0294
7.20339 -9.36434
4.10402 -10.4769
8.24492 -9.40531
4.58042 -10.9428
8.46145 -9.25495
4.80413 -10.8937
6.72605 -10.2491
5.24816 -10.781
6.92876 -9.51328
6.98422 -9.48413
6.67743 -9.63979
5.99066 -9.9411
8.64727 -9.1189
4.07282 -10.4825
5.04497 -10.2596
8.05276 -9.5318
7.96978 -9.58448
4.59251 -10.3759
4.37946 -10.423
4.1957 -10.4598
5.78668 -10.0188
7.05267 -10.0958
6.6364 -10.2888
6.45056 -9.74634
8.16314 -9.45992
5.87359 -10.5866
7.63316 -9.10716
7.91391 -9.61931
6.04889 -9.91793
5.81151 -10.6078
5.46826 -10.7175
4.95371 -10.2904
8.21799 -9.42342
6.33351 -10.4154
5.69896 -10.0507
7.86908 -8.95253
7.99722 -9.56718
5.52173 -10.1122
4.65332 -10.3615
7.85782 -9.65376
6.16471 -9.87061
7.7633 -9.02345
5.6562 -10.6591
7.0817 -10.0814
7.48891 -9.86782
8.67323 -9.09935
6.75013 -10.2416
6.02028 -9.92936
6.36443 -10.403
5.22496 -10.207
6.30346 -10.4274
7.97266 -8.88142
6.87492 -10.181
4.35572 -10.9871
6.90018 -9.52822
5.01536 -10.2679
6.62101 -9.66694
6.10687 -9.89445
8.35367 -9.33086
6.24235 -10.4513
4.4944 -10.9553
6.66603 -10.2758
4.83433 -10.3165
5.01527 -10.8324
7.19911 -10.0223
6.15086 -10.4864
6.02777 -10.532
4.16545 -10.4655
6.7859 -10.2221
7.79119 -9.00469
7.28625 -9.97723
6.05821 -10.5208
4.48447 -10.4032
8.04937 -8.82743
7.23107 -9.34868
6.53649 -9.70679
8.62041 -9.13903
7.37382 -9.93081
5.90413 -10.576
8.02411 -8.84533
4.68325 -10.3543
6.26951 -10.4424
5.68695 -10.6491
5.77835 -10.6198
7.3444 -9.94653
6.60585 -10.3021
4.47063 -10.4034
6.22239 -9.84639
4.89477 -10.3007
4.865 -10.3085
5.96208 -9.95229
7.55589 -9.14835
6.47966 -9.73304
5.49258 -10.122
4.56161 -10.383
4.86799 -10.8787
4.74019 -10.9082
4.74392 -10.3394
8.54124 -9.19734
7.02296 -10.1101
5.55182 -10.102
6.07833 -9.90607
7.66002 -9.09006
7.66023 -9.77118
7.10967 -9.41276
4.80451 -10.3242
5.09027 -10.8234
5.25576 -10.1974
7.44678 -9.22245
6.42267 -9.75891
4.25702 -10.4479
8.48784 -9.23602
6.90509 -10.1668
7.60702 -9.12369
5.28473 -10.1887
5.40538 -10.7361
6.36552 -9.78442
8.07533 -8.80891
4.31828 -10.4357
6.50768 -9.72015
4.323 -10.9931
7.42028 -9.23836
7.66982 -9.77869
7.77369 -9.7045
5.34239 -10.7544
6.51572 -10.3406
6.19779 -9.85582
6.87313 -9.54208
6.56443 -9.69373
6.81731 -9.57051
4.62248 -10.3689
6.76133 -9.59857
8.38169 -9.31011
6.78975 -9.58438
5.37374 -10.1608
7.31223 -9.30206
5.7493 -10.6287
5.73044 -10.0389
7.33821 -9.28709
5.53102 -10.6984
5.59367 -10.6789
5.64002 -10.0716
7.55381 -9.15696
8.02543 -9.54928
5.12152 -10.8152
8.10807 -9.49604
6.30822 -9.80955
7.11155 -10.0666
4.53161 -10.3898
7.39295 -9.25465
8.00001 -8.84763
5.02675 -10.8397
4.28759 -10.4418
8.2726 -9.38656
4.45186 -10.9687
7.31578 -9.9617
8.29942 -9.36827
7.14869 -9.39492
6.08938 -10.5094
5.58097 -10.0921
4.8356 -10.8864
8.59438 -9.1583
7.5004 -9.18988
6.3944 -10.3909
5.31414 -10.1796
4.54785 -10.9495
5.16508 -10.2249
7.25791 -9.33338
6.65745 -9.64758
5.62449 -10.6692
6.54564 -10.3279
8.15134 -8.75389
4.34843 -10.4295
5.13554 -10.2336
7.68605 -9.07336
5.43322 -10.1416
4.64458 -10.9292
7.40235 -9.91545
4.1343 -10.4713
6.9936 -10.1245
5.07551 -10.2509
