0.69134 -2.22083
-0.567792 -2.29341
2.75998 -1.81446
2.5047 -1.88317
2.22021 -1.95375
-0.882034 -2.29038
-0.601486 -2.29349
0.270026 -2.26017
-3.10311 -2.03048
0.392048 -2.25032
1.39442 -2.12191
-3.08332 -2.0346
2.04626 -1.99375
-0.176351 -2.28536
1.07973 -2.17129
-1.10484 -2.2831
-0.703682 -2.29314
2.33518 -1.926
3.67312 -1.52844
-3.79598 -1.86668
1.11634 -2.16597
2.79111 -1.80574
-1.34603 -2.27044
-3.4041 -1.96397
0.964287 -2.18733
0.008751 -2.27698
-3.87927 -1.84446
-1.91955 -2.22048
0.79369 -2.209
1.94084 -2.01681
-0.116323 -2.28296
0.474146 -2.24299
1.66982 -2.07198
0.780055 -2.21063
1.04213 -2.17664
0.746978 -2.21451
-0.75472 -2.29263
-3.26465 -1.99568
-0.204095 -2.28636
0.915982 -2.19372
-2.155 -2.19193
1.23023 -2.1487
3.24126 -1.67141
-2.76431 -2.09663
-3.08947 -2.03332
2.27286 -1.94117
-1.09888 -2.28335
3.43541 -1.60881
3.55378 -1.5693
-1.25195 -2.27597
3.73981 -1.50517
-3.24655 -1.99969
0.970077 -2.18656
-1.61889 -2.25015
-3.58805 -1.9198
-0.481879 -2.29277
-1.53933 -2.25672
-1.87637 -2.22521
0.495998 -2.24094
1.0257 -2.17894
-3.18549 -2.013
1.71106 -2.06397
-1.5381 -2.25682
-3.53477 -1.93286
2.79952 -1.80337
-2.85777 -2.07931
0.123329 -2.27032
-0.359819 -2.29077
-1.48686 -2.26076
-3.16932 -2.01647
1.32414 -2.13365
2.23703 -1.94975
-0.657713 -2.29341
-0.82204 -2.29161
-3.39068 -1.96709
0.39068 -2.25044
2.28272 -1.93879
-1.68132 -2.24462
-2.36978 -2.16184
-2.70324 -2.10756
-1.63226 -2.24899
-3.21245 -2.00716
-2.96575 -2.05842
-1.3792 -2.26831
2.95625 -1.75823
3.85824 -1.46306
-2.41114 -2.15561
-2.54569 -2.13435
-2.36975 -2.16185
-1.69589 -2.24328
-1.71005 -2.24196
-2.43232 -2.15236
1.45165 -2.11205
-1.66918 -2.24572
1.20467 -2.15267
-0.289981 -2.28905
-2.6715 -2.11312
1.43084 -2.11566
2.79851 -1.80366
-0.294207 -2.28916
3.24057 -1.67162
0.909831 -2.19452
1.49689 -2.10406
3.09841 -1.71569
-1.9257 -2.21979
1.83484 -2.0391
1.23103 -2.14857
1.09064 -2.16971
-0.182868 -2.2856
3.15446 -1.69849
2.71819 -1.82605
0.531925 -2.23748
-2.13875 -2.19405
-3.2592 -1.99689
2.22639 -1.95228
-3.29745 -1.98836
-2.83335 -2.08391
-1.89663 -2.22301
-2.42663 -2.15324
-2.35531 -2.16399
-3.96643 -1.82065
-0.475207 -2.29269
-2.88998 -2.07318
-3.20963 -2.00777
3.2344 -1.67357
-3.63154 -1.90896
-0.561864 -2.29339
2.63625 -1.84839
-3.74519 -1.87996
1.308 -2.13629
3.61259 -1.54929
-1.7847 -2.23473
-1.60562 -2.25128
-2.77135 -2.09535
1.57783 -2.08935
3.11535 -1.71051
0.476583 -2.24276
-0.449519 -2.29236
-3.4112 -1.96232
-1.20544 -2.27843
0.918054 -2.19345
2.72356 -1.82457
-0.633794 -2.29348
1.94365 -2.01621
1.90736 -2.02395
-2.3551 -2.16402
-2.26385 -2.17716
-1.35482 -2.26989
3.44307 -1.60629
2.74734 -1.81798
3.50416 -1.58599
0.079499 -2.273
0.981201 -2.18505
-0.489706 -2.29286
-3.68638 -1.89509
-3.47224 -1.94792
-3.55794 -1.92721
3.14236 -1.70222
-3.76151 -1.87571
-1.57834 -2.25356
-3.67352 -1.89837
-0.814182 -2.29175
-3.13951 -2.02282
-2.80982 -2.08829
-1.30863 -2.27273
0.792992 -2.20909
-1.41937 -2.26561
2.65309 -1.84384
-1.26531 -2.27523
-2.57551 -2.12944
1.91507 -2.02231
-2.28859 -2.17367
-1.26022 -2.27552
1.71934 -2.06235
0.525434 -2.23811
-0.915323 -2.28956
-3.87088 -1.84672
-2.71304 -2.10583
1.73343 -2.05957
0.845183 -2.20272
-0.622682 -2.29349
2.17102 -1.9653
2.26989 -1.94188
-2.50102 -2.14157
-2.46633 -2.14707
2.73522 -1.82135
3.00816 -1.74287
-0.636181 -2.29347
-2.89606 -2.07201
-3.27913 -1.99246
-1.56811 -2.2544
-3.00602 -2.05039
-3.95842 -1.82286
-3.7736 -1.87255
0.587139 -2.23196
3.40193 -1.6198
0.598326 -2.23081
-2.64127 -2.11834
1.26896 -2.14258
2.82687 -1.79563
2.78416 -1.80769
-0.693513 -2.29322
-3.80775 -1.86357
-1.19982 -2.27871
0.186624 -2.26616
-0.414832 -2.29183
-1.10295 -2.28318
-1.74227 -2.2389
-0.100438 -2.28227
0.204089 -2.26496
0.13817 -2.26938
-3.55096 -1.92892
0.311183 -2.25699
-0.494729 -2.29291
0.509238 -2.23968
-0.606648 -2.2935
-3.49847 -1.94164
-3.57582 -1.92282
0.051082 -2.27465
-3.36746 -1.97245
2.99932 -1.7455
-2.07765 -2.20182
0.594509 -2.2312
1.03095 -2.1782
3.64814 -1.53708
0.341855 -2.25452
0.587452 -2.23192
-3.62798 -1.90986
-1.66795 -2.24583
-0.568294 -2.29342
-1.84351 -2.2287
-2.4981 -2.14204
0.310542 -2.25704
-0.203931 -2.28635
-1.84723 -2.22831
-0.230146 -2.28724
1.91287 -2.02278
-1.48561 -2.26085
-1.06778 -2.28461
-1.48446 -2.26094
2.34174 -1.92438
1.6834 -2.06936
2.62029 -1.85268
-0.646762 -2.29345
3.33646 -1.64106
0.630949 -2.22739
0.610876 -2.2295
0.002862 -2.27729
2.44533 -1.89843
-1.44821 -2.26358
2.0498 -1.99296
0.417918 -2.24807
1.6575 -2.07435
-1.68484 -2.24429
1.05253 -2.17517
-2.03971 -2.20649
-2.8558 -2.07969
2.19429 -1.95986
-1.59365 -2.25229
0.371943 -2.25203
-0.140665 -2.28397
-1.7322 -2.23986
-2.4931 -2.14284
-2.70656 -2.10698
-3.25061 -1.99879
0.24285 -2.26219
2.27904 -1.93968
3.07942 -1.72146
-1.67719 -2.24499
3.45038 -1.60387
0.832129 -2.20433
-0.339147 -2.2903
2.32871 -1.92758
3.762 -1.49735
2.5997 -1.85819
-3.79574 -1.86674
3.29495 -1.65437
-1.82109 -2.23104
0.713475 -2.21834
2.31774 -1.93027
-2.32439 -2.16852
1.84265 -2.03749
-0.63827 -2.29347
3.55392 -1.56925
2.35778 -1.92042
0.217656 -2.264
1.88211 -2.02927
-0.040247 -2.27948
-3.72217 -1.88592
-0.804171 -2.29192
3.33877 -1.64032
-3.57682 -1.92257
2.89698 -1.77552
3.87285 -1.45779
3.33386 -1.6419
-2.43328 -2.15221
-0.713762 -2.29306
0.74644 -2.21457
2.80349 -1.80225
-0.06214 -2.28053
-2.42925 -2.15284
-1.91352 -2.22115
0.547937 -2.23591
2.2464 -1.94752
0.48351 -2.24211
-0.773006 -2.29239
1.24634 -2.14617
2.39859 -1.91024
0.778456 -2.21082
3.53002 -1.57731
2.70571 -1.82949
2.07822 -1.98658
-1.74708 -2.23843
-2.22863 -2.18205
-1.9057 -2.22201
3.62454 -1.5452
-3.87055 -1.84681
0.698204 -2.22006
0.909436 -2.19457
3.95706 -1.42717
-1.45294 -2.26325
3.50857 -1.58451
0.42961 -2.24704
2.29722 -1.93527
2.91179 -1.77123
-2.99727 -2.05214
-0.598964 -2.29349
2.43696 -1.90055
0.856644 -2.20129
0.156448 -2.26819
1.70854 -2.06447
2.30416 -1.93359
-2.43902 -2.15133
0.866061 -2.20011
-2.21918 -2.18334
-0.425097 -2.292
-0.820814 -2.29163
3.6155 -1.5483
-0.519877 -2.29313
-1.91729 -2.22073
2.12876 -1.97508
-1.18486 -2.27945
-3.77376 -1.87251
3.77454 -1.49292
-2.0122 -2.2098
0.562565 -2.23445
-3.89507 -1.84019
2.96376 -1.75602
3.75182 -1.50094
-0.424841 -2.29199
-0.28933 -2.28903
-0.370048 -2.29099
3.19995 -1.68437
2.04461 -1.99412
-1.52619 -2.25775
0.515542 -2.23907
1.12055 -2.16535
1.1633 -2.15898
-2.7779 -2.09416
0.769411 -2.21189
-3.85385 -1.8513
-3.92752 -1.83135
0.726608 -2.21685
2.8873 -1.77832
1.94781 -2.01531
0.98248 -2.18488
3.98195 -1.41802
1.69911 -2.06631
2.53879 -1.87429
-0.78538 -2.29221
-2.02903 -2.20778
0.153101 -2.26841
3.43767 -1.60807
0.915122 -2.19383
-1.33624 -2.27105
-3.35307 -1.97575
0.440816 -2.24603
-0.809158 -2.29184
-0.998951 -2.28709
0.655571 -2.22475
3.75418 -1.50011
-0.583118 -2.29346
3.61199 -1.5495
1.40616 -2.11991
3.23453 -1.67353
-3.53391 -1.93307
-1.98372 -2.21316
2.34963 -1.92243
-3.50994 -1.93888
2.61041 -1.85533
-3.93927 -1.82813
-1.8207 -2.23108
-2.40969 -2.15583
0.844155 -2.20285
1.34012 -2.13101
-0.853734 -2.291
-3.86448 -1.84845
-1.6209 -2.24998
2.35249 -1.92172
3.42175 -1.61331
0.435362 -2.24652
-0.938533 -2.28894
-2.8612 -2.07866
-1.74374 -2.23876
-1.45302 -2.26324
-2.53917 -2.13541
-0.843079 -2.29122
2.68562 -1.835
2.9225 -1.76811
-2.61919 -2.12211
-3.85993 -1.84967
0.533946 -2.23728
-3.58418 -1.92075
-2.45827 -2.14833
-2.31044 -2.17054
0.46342 -2.24398
1.39886 -2.12115
3.18509 -1.689
-0.648047 -2.29344
-0.179024 -2.28546
1.73712 -2.05884
-1.65007 -2.24743
-1.0694 -2.28454
1.03186 -2.17808
3.37466 -1.6287
1.57107 -2.0906
-3.2185 -2.00584
1.29005 -2.1392
3.27842 -1.65964
3.74927 -1.50184
3.84363 -1.4683
0.295564 -2.25821
0.491955 -2.24132
-1.05685 -2.28503
-2.84646 -2.08145
2.78866 -1.80643
3.04849 -1.7308
2.83312 -1.79385
-1.40559 -2.26655
-3.36915 -1.97207
-3.5066 -1.93968
-2.39292 -2.15837
0.629415 -2.22755
3.18288 -1.68969
3.76605 -1.49592
2.01807 -2
2.76955 -1.81179
-3.27053 -1.99438
2.19098 -1.96064
-2.63627 -2.1192
2.52574 -1.8777
-2.29894 -2.17219
3.32852 -1.64362
-3.8623 -1.84903
-3.40463 -1.96385
0.442324 -2.2459
-2.56525 -2.13114
0.102846 -2.27159
-3.96683 -1.82054
0.277621 -2.25959
-3.7192 -1.88668
-1.46364 -2.26247
-0.843468 -2.29121
-3.37672 -1.97032
-3.91839 -1.83385
1.39678 -2.12151
-2.06489 -2.2034
-3.10321 -2.03046
-1.71601 -2.2414
2.16285 -1.96721
1.61488 -2.08244
1.97286 -2.0099
-2.03593 -2.20695
1.09426 -2.16919
1.32651 -2.13326
-2.06366 -2.20356
-2.41585 -2.15489
-0.335751 -2.29022
3.42815 -1.6112
-1.11797 -2.28254
3.85893 -1.46281
0.914124 -2.19396
-0.667424 -2.29337
-2.48864 -2.14355
1.48107 -2.10687
-1.52039 -2.2582
-0.431283 -2.2921
-3.72407 -1.88543
-2.54387 -2.13465
-2.96092 -2.05938
-0.172452 -2.28521
-0.182024 -2.28557
1.79696 -2.04684
-1.06628 -2.28467
-1.25764 -2.27566
-2.54237 -2.13489
-1.67261 -2.24541
-0.290537 -2.28906
-0.846564 -2.29115
0.477135 -2.24271
3.34528 -1.63821
-0.669112 -2.29336
0.607022 -2.2299
2.95188 -1.75952
1.89505 -2.02655
-0.183043 -2.2856
2.83878 -1.79224
2.87833 -1.78091
3.39944 -1.62062
-3.95137 -1.8248
3.99151 -1.4145
0.348853 -2.25395
-1.59922 -2.25182
2.49837 -1.88481
-2.68263 -2.11118
-2.47663 -2.14545
2.16155 -1.96751
2.63149 -1.84968
-1.88568 -2.2242
-2.85208 -2.08039
-1.12566 -2.28221
-0.270605 -2.2885
0.647056 -2.22567
0.370095 -2.25219
-3.76881 -1.87381
-0.115279 -2.28292
0.802305 -2.20797
0.601354 -2.23049
-3.89768 -1.83948
1.91831 -2.02162
0.228434 -2.26323
-1.82382 -2.23075
3.07416 -1.72305
0.968085 -2.18682
-0.290501 -2.28906
0.558138 -2.23489
-3.40312 -1.9642
0.499785 -2.24058
1.52363 -2.09926
0.842828 -2.20301
-3.5088 -1.93915
-0.510414 -2.29305
-3.46418 -1.94984
3.30766 -1.65031
3.56456 -1.56565
-2.4714 -2.14627
3.77505 -1.49274
0.758565 -2.21316
1.08677 -2.17027
0.599217 -2.23071
2.24584 -1.94765
-3.57649 -1.92265
-1.12506 -2.28223
-1.72661 -2.2404
-1.27588 -2.27464
-0.857036 -2.29093
1.7378 -2.0587
-0.917286 -2.28951
-0.712478 -2.29307
-3.39282 -1.9666
-3.97055 -1.81951
-1.18957 -2.27922
0.330028 -2.25548
3.3904 -1.62357
-3.93758 -1.82859
0.455305 -2.24472
-1.18902 -2.27925
-3.46813 -1.9489
-3.86987 -1.847
0.61735 -2.22882
1.4885 -2.10555
3.41382 -1.61591
-2.11127 -2.19758
-2.94454 -2.0626
0.887241 -2.19742
2.6862 -1.83484
-1.15168 -2.28103
-3.83311 -1.85684
1.75054 -2.05617
-1.01156 -2.28667
-0.276477 -2.28867
3.13864 -1.70337
1.72696 -2.06085
-3.78205 -1.87034
-3.60654 -1.91521
-2.47932 -2.14502
2.04115 -1.99489
-1.90443 -2.22215
-1.77892 -2.23531
-3.02894 -2.04576
-0.100812 -2.28229
0.777855 -2.21089
-1.51816 -2.25838
3.92293 -1.43964
-1.62186 -2.24989
2.26629 -1.94275
2.65186 -1.84418
1.92341 -2.02054
1.55015 -2.09444
1.36332 -2.12715
0.305323 -2.25745
-3.60574 -1.91541
-1.40919 -2.26631
2.92528 -1.7673
2.37132 -1.91705
2.56462 -1.8675
0.621947 -2.22834
2.16219 -1.96736
-2.4999 -2.14175
-0.67462 -2.29333
-1.96124 -2.21576
-3.26553 -1.99549
-2.71139 -2.10612
-0.244368 -2.2877
-1.92866 -2.21946
-0.603534 -2.2935
0.115465 -2.27081
1.07087 -2.17256
2.33059 -1.92712
3.93689 -1.43455
3.33532 -1.64143
-3.25688 -1.9974
-3.91152 -1.83572
-2.8339 -2.0838
-2.41747 -2.15464
-2.45707 -2.14852
1.04269 -2.17656
1.70034 -2.06607
0.934285 -2.19132
-3.74675 -1.87955
-0.684334 -2.29328
2.29272 -1.93637
2.68302 -1.83571
-1.19487 -2.27896
-3.56202 -1.92621
-3.5388 -1.93188
2.46829 -1.89256
0.585418 -2.23213
-0.93389 -2.28907
-1.83663 -2.22942
-1.48204 -2.26112
-1.33384 -2.2712
-0.815377 -2.29173
3.26815 -1.6629
-1.25119 -2.27601
-1.29396 -2.2736
-3.45734 -1.95146
1.5743 -2.09
-3.52351 -1.9356
3.27357 -1.66118
-0.92516 -2.2893
-3.87409 -1.84586
0.484825 -2.24199
-3.65775 -1.90236
1.05656 -2.1746
2.57466 -1.86484
-2.79543 -2.09094
-1.29247 -2.27368
-1.25639 -2.27573
-2.66098 -2.11495
-1.24852 -2.27616
1.07568 -2.17187
3.24621 -1.66985
3.31029 -1.64947
-1.42624 -2.26513
1.57457 -2.08995
-1.61258 -2.25069
1.85557 -2.03481
-3.54109 -1.93133
2.43622 -1.90074
3.2959 -1.65407
3.86748 -1.45973
2.64994 -1.8447
0.601351 -2.23049
3.48306 -1.59303
0.610949 -2.22949
-1.17905 -2.27974
2.99573 -1.74657
-1.84541 -2.2285
-0.883324 -2.29035
-2.33792 -2.16655
-2.77161 -2.0953
-0.493667 -2.2929
-1.12839 -2.28209
2.82389 -1.79648
-3.53819 -1.93203
-0.245396 -2.28773
2.55626 -1.8697
2.971 -1.75389
1.20383 -2.1528
-2.3492 -2.16489
-2.42118 -2.15407
1.69525 -2.06706
-3.22842 -2.00367
-3.76956 -1.87361
1.15629 -2.16003
1.03809 -2.1772
-2.82282 -2.08587
-0.453433 -2.29242
1.69236 -2.06762
-3.62751 -1.90997
-1.81462 -2.2317
0.137496 -2.26942
1.20226 -2.15304
-3.60591 -1.91536
2.29305 -1.93629
0.978998 -2.18535
-0.465635 -2.29258
-2.0282 -2.20788
2.38055 -1.91475
-0.329201 -2.29007
-2.86116 -2.07867
1.6078 -2.08377
-1.21505 -2.27793
2.60749 -1.85611
1.13299 -2.16351
-2.74319 -2.10045
0.545165 -2.23618
-3.11621 -2.02774
-0.586367 -2.29347
-1.74512 -2.23862
-2.43104 -2.15256
3.6842 -1.52459
-0.433781 -2.29213
-2.89262 -2.07267
-1.5282 -2.2576
-3.09295 -2.0326
1.32092 -2.13417
0.886568 -2.19751
0.837578 -2.20366
2.77284 -1.81087
-0.69443 -2.29321
3.98833 -1.41567
-3.34873 -1.97675
-3.83294 -1.85689
-3.15458 -2.01962
-0.001555 -2.27752
-0.346616 -2.29048
-2.53265 -2.13648
-0.440123 -2.29223
2.41817 -1.90531
-2.63363 -2.11965
1.60496 -2.0843
1.50601 -2.10243
-0.000831 -2.27748
-1.45716 -2.26294
-0.889273 -2.29021
-3.38097 -1.96934
0.437888 -2.2463
-1.21433 -2.27797
0.89528 -2.19639
-3.80048 -1.86549
0.179236 -2.26667
3.09002 -1.71824
-1.48627 -2.2608
-2.80229 -2.08968
2.07969 -1.98625
0.057194 -2.2743
3.66469 -1.53136
2.04445 -1.99415
-1.32027 -2.27203
2.53037 -1.87649
2.67365 -1.83826
2.77917 -1.80909
2.83572 -1.79311
1.40223 -2.12058
1.71077 -2.06403
-1.77528 -2.23567
3.46107 -1.60033
3.34445 -1.63848
-1.50696 -2.25924
-3.04103 -2.0433
0.12685 -2.2701
-0.790946 -2.29213
0.220754 -2.26378
2.83344 -1.79376
2.27175 -1.94144
1.85168 -2.03562
3.49847 -1.58789
-0.2113 -2.28661
2.77142 -1.81127
0.126682 -2.27011
-0.009746 -2.27795
-3.28334 -1.99152
3.61713 -1.54774
-0.195883 -2.28607
3.55931 -1.56743
-2.88022 -2.07505
-0.546051 -2.29331
-1.84137 -2.22893
2.64205 -1.84683
2.31709 -1.93043
-3.27188 -1.99408
-1.01984 -2.28638
1.60643 -2.08402
0.947162 -2.18962
-1.80604 -2.23258
2.75663 -1.8154
-1.1552 -2.28087
-2.48212 -2.14458
-1.47 -2.26201
-1.22165 -2.27759
1.35099 -2.12921
0.753128 -2.21379
0.814644 -2.20647
-2.08555 -2.20083
3.53184 -1.5767
0.486356 -2.24185
3.6111 -1.5498
-3.18892 -2.01226
-1.99685 -2.21162
-2.149 -2.19271
0.411689 -2.24862
0.261565 -2.2608
2.11988 -1.97711
-2.48222 -2.14457
-2.80839 -2.08855
0.498362 -2.24071
-0.009138 -2.27791
2.7289 -1.8231
1.82197 -2.04174
0.156952 -2.26816
-0.272215 -2.28854
1.87908 -2.02991
-0.9077 -2.28976
1.66157 -2.07357
1.6786 -2.07029
3.39352 -1.62255
1.09234 -2.16947
1.78283 -2.0497
-2.60468 -2.12456
3.65264 -1.53553
2.70328 -1.83016
2.11721 -1.97772
3.08612 -1.71942
0.713836 -2.2183
3.94835 -1.43036
2.23842 -1.94942
-0.698102 -2.29318
2.57999 -1.86343
0.952742 -2.18888
2.27065 -1.9417
-3.39283 -1.96659
-1.2351 -2.27688
3.26301 -1.66453
-2.36632 -2.16236
2.98533 -1.74965
3.90561 -1.44594
3.27571 -1.6605
0.709864 -2.21875
0.728305 -2.21666
-1.82844 -2.23028
3.52555 -1.57881
0.183036 -2.26641
-3.43942 -1.9557
1.22066 -2.15019
3.5828 -1.55946
-3.2008 -2.00969
-3.25241 -1.99839
0.452219 -2.245
-3.68983 -1.89421
2.29919 -1.93479
2.9385 -1.76344
2.30673 -1.93296
3.22897 -1.67528
-3.72686 -1.88471
0.493353 -2.24119
-0.637422 -2.29347
-1.25525 -2.27579
-0.313167 -2.28967
3.0446 -1.73197
1.97958 -2.00844
0.982239 -2.18491
3.83 -1.47319
-2.95703 -2.06014
-0.760599 -2.29256
2.97967 -1.75133
1.43637 -2.1147
2.03778 -1.99564
-2.0671 -2.20313
-2.00751 -2.21036
2.72573 -1.82397
2.44156 -1.89938
-3.65575 -1.90287
-3.34352 -1.97794
3.11773 -1.70978
-1.4709 -2.26194
1.58207 -2.08857
1.76018 -2.05425
1.36767 -2.12642
-3.5792 -1.92198
3.20726 -1.68208
-1.62327 -2.24977
2.87407 -1.78213
0.800507 -2.20818
3.90789 -1.44511
-2.8949 -2.07224
2.90823 -1.77226
-1.88239 -2.22456
3.97084 -1.42211
-3.82934 -1.85784
-3.48446 -1.945
2.02361 -1.99878
0.300352 -2.25784
-3.86487 -1.84834
1.83873 -2.0383
-3.20704 -2.00833
0.733476 -2.21607
-3.03404 -2.04472
-0.38698 -2.29132
2.47839 -1.88996
2.40237 -1.90929
-0.785007 -2.29222
-0.41692 -2.29186
1.55056 -2.09437
-1.10654 -2.28303
3.05656 -1.72837
0.591907 -2.23147
-1.22798 -2.27726
-3.04648 -2.04218
2.93498 -1.76447
-0.908429 -2.28974
2.05567 -1.99165
3.49262 -1.58984
3.57133 -1.56335
-3.17417 -2.01543
-3.94248 -1.82725
3.63385 -1.542
-0.920268 -2.28943
2.43461 -1.90115
0.253822 -2.26138
2.5601 -1.86869
-3.05714 -2.04
1.73039 -2.06017
3.2526 -1.66783
-0.09245 -2.28192
-3.40303 -1.96422
3.39646 -1.62159
1.08956 -2.16987
1.45611 -2.11127
-3.6238 -1.9109
-1.14303 -2.28143
3.25835 -1.66601
0.866752 -2.20002
2.56626 -1.86706
-0.930989 -2.28914
2.22521 -1.95256
-3.78435 -1.86974
2.31759 -1.93031
2.98641 -1.74933
2.17801 -1.96368
-1.92473 -2.2199
2.16775 -1.96607
-3.55448 -1.92806
-1.24038 -2.2766
-2.10772 -2.19803
-2.07673 -2.20194
-3.77718 -1.87162
-2.46429 -2.14739
-2.58765 -2.12742
1.65091 -2.07561
-1.98563 -2.21294
2.9469 -1.76098
3.90185 -1.4473
-0.471836 -2.29265
3.08726 -1.71908
1.49525 -2.10435
3.91641 -1.44202
-1.6967 -2.2432
-1.64721 -2.24768
-1.0848 -2.28393
-3.6337 -1.90842
2.11466 -1.97831
0.61159 -2.22943
-0.921183 -2.28941
1.62879 -2.07981
-2.58065 -2.12858
-0.279362 -2.28875
0.385443 -2.25089
-0.542673 -2.29329
3.78136 -1.4905
-0.567886 -2.29341
1.38574 -2.12338
0.437543 -2.24633
-3.73097 -1.88364
-1.34586 -2.27045
3.39006 -1.62368
3.74023 -1.50502
-2.78816 -2.09228
-0.116599 -2.28297
1.81125 -2.04394
-2.07888 -2.20167
-0.933334 -2.28908
-0.440363 -2.29223
1.99177 -2.00578
-2.48243 -2.14453
0.143356 -2.26904
-0.907992 -2.28975
3.26523 -1.66383
0.192152 -2.26579
