0.69134 1.34162e-06
-0.567792 2.30172e-07
2.75998 7.78669e-06
2.5047 6.39103e-06
2.22021 5.15628e-06
-0.882034 1.49227e-07
-0.601486 2.19144e-07
0.270026 7.89258e-07
-3.10311 5.09492e-07
0.392048 9.28719e-07
1.39442 2.69798e-06
-3.08332 4.86263e-07
2.04626 4.52477e-06
-0.176351 4.14129e-07
1.07973 2.02442e-06
-1.10484 1.15349e-07
-0.703682 1.89431e-07
2.33518 5.62137e-06
3.67312 1.69854e-05
-3.79598 2.97325e-06
1.11634 2.09715e-06
2.79111 7.98026e-06
-1.34603 9.36452e-08
-3.4041 1.07329e-06
0.964287 1.8045e-06
0.008751 5.45245e-07
-3.87927 3.69262e-06
-1.91955 8.53167e-08
0.79369 1.50571e-06
1.94084 4.17798e-06
-0.116323 4.53131e-07
0.474146 1.03196e-06
1.66982 3.38621e-06
0.780055 1.48319e-06
1.04213 1.95123e-06
0.746978 1.42939e-06
-0.75472 1.76522e-07
-3.26465 7.54626e-07
-0.204095 3.97184e-07
0.915982 1.71672e-06
-2.155 9.93714e-08
1.23023 2.33274e-06
3.24126 1.15538e-05
-2.76431 2.42775e-07
-3.08947 4.93343e-07
2.27286 5.36413e-06
-1.09888 1.16063e-07
3.43541 1.36859e-05
3.55378 1.52216e-05
-1.25195 1.00564e-07
3.73981 1.80775e-05
-3.24655 7.21469e-07
0.970077 1.81519e-06
-1.61889 8.28437e-08
-3.58805 1.72733e-06
-0.481879 2.61332e-07
-1.53933 8.46797e-08
-1.87637 8.40034e-08
0.495998 1.06072e-06
1.0257 1.91973e-06
-3.18549 6.20987e-07
1.71106 3.49858e-06
-1.5381 8.47165e-08
-3.53477 1.50366e-06
2.79952 8.03356e-06
-2.85777 2.93811e-07
0.123329 6.43335e-07
-0.359819 3.13906e-07
-1.48686 8.64645e-08
-3.16932 5.97067e-07
1.32414 2.53783e-06
2.23703 5.22178e-06
-0.657713 2.02129e-07
-0.82204 1.61266e-07
-3.39068 1.0371e-06
0.39068 9.27063e-07
2.28272 5.404e-06
-1.68132 8.21225e-08
-2.36978 1.25998e-07
-2.70324 2.15738e-07
-1.63226 8.26362e-08
-3.21245 6.63284e-07
-2.96575 3.71354e-07
-1.3792 9.16257e-08
2.95625 9.10958e-06
3.85824 2.02305e-05
-2.41114 1.33257e-07
-2.54569 1.63394e-07
-2.36975 1.25994e-07
-1.69589 8.20448e-08
-1.71005 8.20023e-08
-2.43232 1.37305e-07
1.45165 2.83278e-06
-1.66918 8.22134e-08
1.20467 2.27862e-06
-0.289981 3.48857e-07
-2.6715 2.03341e-07
1.43084 2.78331e-06
2.79851 8.02712e-06
-0.294207 3.46635e-07
3.24057 1.1547e-05
0.909831 1.70572e-06
1.49689 2.94226e-06
3.09841 1.02403e-05
-1.9257 8.55321e-08
1.83484 3.85259e-06
1.23103 2.33443e-06
1.09064 2.04596e-06
-0.182868 4.10088e-07
3.15446 1.07327e-05
2.71819 7.53549e-06
0.531925 1.10917e-06
-2.13875 9.79702e-08
-3.2592 7.44466e-07
2.22639 5.18027e-06
-3.29745 8.19071e-07
-2.83335 2.79208e-07
-1.89663 8.45766e-08
-2.42663 1.36194e-07
-2.35531 1.23648e-07
-3.96643 4.62519e-06
-0.475207 2.63945e-07
-2.88998 3.14611e-07
-3.20963 6.58713e-07
3.2344 1.14862e-05
-3.63154 1.93492e-06
-0.561864 2.32179e-07
2.63625 7.07016e-06
-3.74519 2.60408e-06
1.308 2.50187e-06
3.61259 1.60618e-05
-1.7847 8.23215e-08
-1.60562 8.30783e-08
-2.77135 2.46187e-07
1.57783 3.14483e-06
3.11535 1.03862e-05
0.476583 1.03514e-06
-0.449519 2.74276e-07
-3.4112 1.09295e-06
-1.20544 1.04683e-07
0.918054 1.72043e-06
2.72356 7.56721e-06
-0.633794 2.09162e-07
1.94365 4.18692e-06
1.90736 4.07282e-06
-2.3551 1.23614e-07
-2.26385 1.10805e-07
-1.35482 9.30893e-08
3.44307 1.37794e-05
2.74734 7.70965e-06
3.50416 1.45537e-05
0.079499 6.04209e-07
0.981201 1.83583e-06
-0.489706 2.58303e-07
-3.68638 2.23309e-06
-3.47224 1.2788e-06
-3.55794 1.59702e-06
3.14236 1.0624e-05
-3.76151 2.7175e-06
-1.57834 8.36502e-08
-3.67352 2.15923e-06
-0.814182 1.62948e-07
-3.13951 5.55672e-07
-2.80982 2.66019e-07
-1.30863 9.61787e-08
0.792992 1.50455e-06
-1.41937 8.94569e-08
2.65309 7.16299e-06
-1.26531 9.94689e-08
-2.57551 1.7168e-07
1.91507 4.09683e-06
-2.28859 1.13957e-07
-1.26022 9.98822e-08
1.71934 3.52146e-06
0.525434 1.10031e-06
-0.915323 1.43132e-07
-3.87088 3.61309e-06
-2.71304 2.19782e-07
1.73343 3.56064e-06
0.845183 1.59258e-06
-0.622682 2.12532e-07
2.17102 4.9695e-06
2.26989 5.35216e-06
-2.50102 1.52155e-07
-2.46633 1.44312e-07
2.73522 7.63666e-06
3.00816 9.50395e-06
-0.636181 2.08447e-07
-2.89606 3.18748e-07
-3.27913 7.82363e-07
-1.56811 8.38959e-08
-3.00602 4.06634e-07
-3.95842 4.5309e-06
-3.7736 2.80461e-06
0.587139 1.18647e-06
3.40193 1.3286e-05
0.598326 1.20255e-06
-2.64127 1.92481e-07
1.26896 2.41611e-06
2.82687 8.20979e-06
2.78416 7.93654e-06
-0.693513 1.9215e-07
-3.80775 3.06587e-06
-1.19982 1.05214e-07
0.186624 7.03433e-07
-0.414832 2.88931e-07
-1.10295 1.15574e-07
-1.74227 8.20274e-08
-0.100438 4.64003e-07
0.204089 7.20776e-07
0.13817 6.57042e-07
-3.55096 1.56829e-06
0.311183 8.34439e-07
-0.494729 2.5638e-07
0.509238 1.07841e-06
-0.606648 2.17511e-07
-3.49847 1.36854e-06
-3.57582 1.67314e-06
0.051082 5.79911e-07
-3.36746 9.77494e-07
2.99932 9.43531e-06
-2.07765 9.33288e-08
0.594509 1.19704e-06
1.03095 1.92975e-06
3.64814 1.65967e-05
0.341855 8.69336e-07
0.587452 1.18692e-06
-3.62798 1.91703e-06
-1.66795 8.22239e-08
-0.568294 2.30003e-07
-1.84351 8.32318e-08
-2.4981 1.51464e-07
0.310542 8.3372e-07
-0.203931 3.97282e-07
-1.84723 8.33096e-08
-0.230146 3.81877e-07
1.91287 4.08995e-06
-1.48561 8.65129e-08
-1.06778 1.19939e-07
-1.48446 8.65575e-08
2.34174 5.64924e-06
1.6834 3.42292e-06
2.62029 6.98347e-06
-0.646762 2.05312e-07
3.33646 1.25444e-05
0.630949 1.25023e-06
0.610876 1.22075e-06
0.002862 5.40566e-07
2.44533 6.109e-06
-1.44821 8.808e-08
2.0498 4.53685e-06
0.417918 9.60432e-07
1.6575 3.35316e-06
-1.68484 8.21005e-08
1.05253 1.97132e-06
-2.03971 9.09091e-08
-2.8558 2.92594e-07
2.19429 5.05702e-06
-1.59365 8.33143e-08
0.371943 9.04593e-07
-0.140665 4.36923e-07
-1.7322 8.20013e-08
-2.4931 1.50297e-07
-2.70656 2.17093e-07
-3.25061 7.28768e-07
0.24285 7.60455e-07
2.27904 5.38906e-06
3.07942 1.00797e-05
-1.67719 8.21507e-08
3.45038 1.38694e-05
0.832129 1.57029e-06
-0.339147 3.23863e-07
2.32871 5.59409e-06
3.762 1.84594e-05
2.5997 6.8735e-06
-3.79574 2.97139e-06
3.29495 1.21003e-05
-1.82109 8.28146e-08
0.713475 1.37613e-06
2.31774 5.54811e-06
-2.32439 1.18931e-07
1.84265 3.87582e-06
-0.63827 2.07823e-07
3.55392 1.52236e-05
2.35778 5.71788e-06
0.217656 7.34477e-07
1.88211 3.99499e-06
-0.040247 5.07358e-07
-3.72217 2.45204e-06
-0.804171 1.65128e-07
3.33877 1.25697e-05
-3.57682 1.67751e-06
2.89698 8.68336e-06
3.87285 2.05165e-05
3.33386 1.2516e-05
-2.43328 1.37495e-07
-0.713762 1.86784e-07
0.74644 1.42853e-06
2.80349 8.05884e-06
-0.06214 4.91188e-07
-2.42925 1.36704e-07
-1.91352 8.51123e-08
0.547937 1.13124e-06
2.2464 5.2586e-06
0.48351 1.04422e-06
-0.773006 1.72185e-07
1.24634 2.36721e-06
2.39859 5.89668e-06
0.778456 1.48056e-06
3.53002 1.48974e-05
2.70571 7.46231e-06
2.07822 4.63495e-06
-1.74708 8.20458e-08
-2.22863 1.06689e-07
-1.9057 8.48575e-08
3.62454 1.62393e-05
-3.87055 3.60997e-06
0.698204 1.35227e-06
0.909436 1.70501e-06
3.95706 2.22613e-05
-1.45294 8.78686e-08
3.50857 1.46116e-05
0.42961 9.75012e-07
2.29722 5.46318e-06
2.91179 8.78753e-06
-2.99727 3.98636e-07
-0.598964 2.19948e-07
2.43696 6.0704e-06
0.856644 1.61231e-06
0.156448 6.74246e-07
1.70854 3.49162e-06
2.30416 5.49174e-06
-2.43902 1.38635e-07
0.866061 1.62863e-06
-2.21918 1.05656e-07
-0.425097 2.84508e-07
-0.820814 1.61526e-07
3.6155 1.61048e-05
-0.519877 2.46992e-07
-1.91729 8.52393e-08
2.12876 4.81437e-06
-1.18486 1.06664e-07
-3.77376 2.80575e-06
3.77454 1.86794e-05
-2.0122 8.93606e-08
0.562565 1.15164e-06
-3.89507 3.84693e-06
2.96376 9.16544e-06
3.75182 1.8283e-05
-0.424841 2.84617e-07
-0.28933 3.49201e-07
-0.370048 3.09096e-07
3.19995 1.11538e-05
2.04461 4.51917e-06
-1.52619 8.50833e-08
0.515542 1.0869e-06
1.12055 2.10561e-06
1.1633 2.19257e-06
-2.7779 2.49417e-07
0.769411 1.46574e-06
-3.85385 3.45672e-06
-3.92752 4.18381e-06
0.726608 1.39686e-06
2.8873 8.61603e-06
1.94781 4.20015e-06
0.98248 1.83821e-06
3.98195 2.28099e-05
1.69911 3.46574e-06
2.53879 6.55955e-06
-0.78538 1.69333e-07
-2.02903 9.02883e-08
0.153101 6.71069e-07
3.43767 1.37135e-05
0.915122 1.71518e-06
-1.33624 9.42813e-08
-3.35307 9.42433e-07
0.440816 9.8913e-07
-0.809158 1.64037e-07
-0.998951 1.29505e-07
0.655571 1.287e-06
3.75418 1.83237e-05
-0.583118 2.25076e-07
3.61199 1.60529e-05
1.40616 2.7253e-06
3.23453 1.14875e-05
-3.53391 1.50032e-06
-1.98372 8.79307e-08
2.34963 5.6829e-06
-3.50994 1.40983e-06
2.61041 6.93044e-06
-3.93927 4.31266e-06
-1.8207 8.28082e-08
-2.40969 1.3299e-07
0.844155 1.59082e-06
1.34012 2.57374e-06
-0.853734 1.54732e-07
-3.86448 3.55351e-06
-1.6209 8.28106e-08
2.35249 5.69517e-06
3.42175 1.35211e-05
0.435362 9.82241e-07
-0.938533 1.39115e-07
-2.8612 2.9594e-07
-1.74374 8.20326e-08
-1.45302 8.78651e-08
-2.53917 1.61668e-07
-0.843079 1.56884e-07
2.68562 7.34633e-06
2.9225 8.86385e-06
-2.61919 1.85083e-07
-3.85993 3.51178e-06
0.533946 1.11194e-06
-3.58418 1.71001e-06
-2.45827 1.42592e-07
-2.31044 1.16933e-07
0.46342 1.01804e-06
1.39886 2.70828e-06
3.18509 1.10141e-05
-0.648047 2.04935e-07
-0.179024 4.12467e-07
1.73712 3.57094e-06
-1.65007 8.24047e-08
-1.0694 1.1973e-07
1.03186 1.9315e-06
3.37466 1.29708e-05
1.57107 3.12758e-06
-3.2185 6.73213e-07
1.29005 2.46221e-06
3.27842 1.19287e-05
3.74927 1.82392e-05
3.84363 1.9949e-05
0.295564 8.17071e-07
0.491955 1.05536e-06
-1.05685 1.21365e-07
-2.84646 2.86927e-07
2.78866 7.96482e-06
3.04849 9.82472e-06
2.83312 8.25074e-06
-1.40559 9.01673e-08
-3.36915 9.81707e-07
-3.5066 1.39766e-06
-2.39292 1.29958e-07
0.629415 1.24796e-06
3.18288 1.09934e-05
3.76605 1.85301e-05
2.01807 4.42959e-06
2.76955 7.8456e-06
-3.27053 7.65764e-07
2.19098 5.04444e-06
-2.63627 1.90766e-07
2.52574 6.49448e-06
-2.29894 1.15344e-07
3.32852 1.24579e-05
-3.8623 3.53342e-06
-3.40463 1.07474e-06
0.442324 9.91041e-07
-2.56525 1.68756e-07
0.102846 6.24799e-07
-3.96683 4.63e-06
0.277621 7.97454e-07
-3.7192 2.4331e-06
-1.46364 8.7404e-08
-0.843468 1.56805e-07
-3.37672 1.00082e-06
-3.91839 4.08626e-06
1.39678 2.70346e-06
-2.06489 9.2477e-08
-3.10321 5.09617e-07
-1.71601 8.19942e-08
2.16285 4.93913e-06
1.61488 3.24058e-06
1.97286 4.28073e-06
-2.03593 9.06866e-08
1.09426 2.05312e-06
1.32651 2.54313e-06
-2.06366 9.2397e-08
-2.41585 1.34137e-07
-0.335751 3.2553e-07
3.42815 1.3598e-05
-1.11797 1.13812e-07
3.85893 2.02439e-05
0.914124 1.71339e-06
-0.667424 1.99359e-07
-2.48864 1.49271e-07
1.48107 2.90367e-06
-1.52039 8.52705e-08
-0.431283 2.81878e-07
-3.72407 2.46425e-06
-2.54387 1.62909e-07
-2.96092 3.67378e-07
-0.172452 4.16564e-07
-0.182024 4.10609e-07
1.79696 3.74144e-06
-1.06628 1.20133e-07
-1.25764 1.00093e-07
-2.54237 1.6251e-07
-1.67261 8.21853e-08
-0.290537 3.48564e-07
-0.846564 1.56175e-07
0.477135 1.03586e-06
3.34528 1.26413e-05
-0.669112 1.98882e-07
0.607022 1.21514e-06
2.95188 9.0773e-06
1.89505 4.0347e-06
-0.183043 4.0998e-07
2.83878 8.28799e-06
2.87833 8.55425e-06
3.39944 1.32569e-05
-3.95137 4.44929e-06
3.99151 2.3025e-05
0.348853 8.77446e-07
-1.59922 8.32015e-08
2.49837 6.3603e-06
-2.68263 2.07568e-07
-2.47663 1.46565e-07
2.16155 4.93431e-06
2.63149 7.04418e-06
-1.88568 8.42575e-08
-2.85208 2.90324e-07
-1.12566 1.12933e-07
-0.270605 3.5923e-07
0.647056 1.27421e-06
0.370095 9.02399e-07
-3.76881 2.76974e-06
-0.115279 4.53839e-07
0.802305 1.52004e-06
0.601354 1.20692e-06
-3.89768 3.87311e-06
1.91831 4.10696e-06
0.228434 7.45505e-07
-1.82382 8.28608e-08
3.07416 1.00358e-05
0.968085 1.81151e-06
-0.290501 3.48583e-07
0.558138 1.14544e-06
-3.40312 1.07058e-06
0.499785 1.06576e-06
1.52363 3.00822e-06
0.842828 1.58855e-06
-3.5088 1.40567e-06
-0.510414 2.50479e-07
-3.46418 1.25245e-06
3.30766 1.22342e-05
3.56456 1.53716e-05
-2.4714 1.45414e-07
3.77505 1.86885e-05
0.758565 1.4481e-06
1.08677 2.0383e-06
0.599217 1.20383e-06
2.24584 5.2564e-06
-3.57649 1.67607e-06
-1.12506 1.13e-07
-1.72661 8.1994e-08
-1.27588 9.86299e-08
-0.857036 1.54074e-07
1.7378 3.57286e-06
-0.917286 1.42785e-07
-0.712478 1.87119e-07
-3.39282 1.04276e-06
-3.97055 4.67448e-06
-1.18957 1.06202e-07
0.330028 8.55755e-07
3.3904 1.31517e-05
-3.93758 4.29391e-06
0.455305 1.0076e-06
-1.18902 1.06255e-07
-3.46813 1.26527e-06
-3.86987 3.60363e-06
0.61735 1.23021e-06
1.4885 2.92177e-06
3.41382 1.34263e-05
-2.11127 9.57641e-08
-2.94454 3.54276e-07
0.887241 1.66567e-06
2.6862 7.34963e-06
-1.15168 1.1007e-07
-3.83311 3.27518e-06
1.75054 3.60866e-06
-1.01156 1.27646e-07
-0.276477 3.56055e-07
3.13864 1.05909e-05
1.72696 3.54259e-06
-3.78205 2.86715e-06
-3.60654 1.81267e-06
-2.47932 1.47163e-07
2.04115 4.5074e-06
-1.90443 8.48174e-08
-1.77892 8.22638e-08
-3.02894 4.28515e-07
-0.100812 4.63744e-07
0.777855 1.47957e-06
-1.51816 8.53442e-08
3.92293 2.1534e-05
-1.62186 8.27951e-08
2.26629 5.33774e-06
2.65186 7.15616e-06
1.92341 4.12292e-06
1.55015 3.07456e-06
1.36332 2.6264e-06
0.305323 8.27891e-07
-3.60574 1.80889e-06
-1.40919 8.99786e-08
2.92528 8.88376e-06
2.37132 5.77658e-06
2.56462 6.69062e-06
0.621947 1.23695e-06
2.16219 4.93667e-06
-2.4999 1.51889e-07
-0.67462 1.97336e-07
-1.96124 8.69216e-08
-3.26553 7.5628e-07
-2.71139 2.19094e-07
-0.244368 3.73762e-07
-1.92866 8.56385e-08
-0.603534 2.18495e-07
0.115465 6.36166e-07
1.07087 2.00704e-06
2.33059 5.602e-06
3.93689 2.18279e-05
3.33532 1.25319e-05
-3.25688 7.40194e-07
-3.91152 4.01437e-06
-2.8339 2.79525e-07
-2.41747 1.34442e-07
-2.45707 1.4234e-07
1.04269 1.95231e-06
1.70034 3.4691e-06
0.934285 1.74969e-06
-3.74675 2.61474e-06
-0.684334 1.94648e-07
2.29272 5.44473e-06
2.68302 7.33146e-06
-1.19487 1.05688e-07
-3.56202 1.6141e-06
-3.5388 1.51949e-06
2.46829 6.21638e-06
0.585418 1.18401e-06
-0.93389 1.39903e-07
-1.83663 8.30944e-08
-1.48204 8.6652e-08
-1.33384 9.44405e-08
-0.815377 1.6269e-07
3.26815 1.18236e-05
-1.25119 1.00628e-07
-1.29396 9.72492e-08
-3.45734 1.23057e-06
1.5743 3.1358e-06
-3.52351 1.46033e-06
3.27357 1.1879e-05
-0.92516 1.41406e-07
-3.87409 3.64333e-06
0.484825 1.04595e-06
-3.65775 2.07207e-06
1.05656 1.97914e-06
2.57466 6.74237e-06
-2.79543 2.58357e-07
-1.29247 9.73603e-08
-1.25639 1.00195e-07
-2.66098 1.99463e-07
-1.24852 1.00851e-07
1.07568 2.01648e-06
3.24621 1.16029e-05
3.31029 1.22621e-05
-1.42624 8.91154e-08
1.57457 3.1365e-06
-1.61258 8.29516e-08
1.85557 3.91451e-06
-3.54109 1.52856e-06
2.43622 6.06699e-06
3.2959 1.21102e-05
3.86748 2.04108e-05
2.64994 7.14549e-06
0.601351 1.20692e-06
3.48306 1.42805e-05
0.610949 1.22085e-06
-1.17905 1.0724e-07
2.99573 9.40761e-06
-1.84541 8.32713e-08
-0.883324 1.48983e-07
-2.33792 1.20944e-07
-2.77161 2.4631e-07
-0.493667 2.56786e-07
-1.12839 1.12625e-07
2.82389 8.19039e-06
-3.53819 1.51707e-06
-0.245396 3.73182e-07
2.55626 6.64787e-06
2.971 9.21962e-06
1.20383 2.27687e-06
-2.3492 1.22683e-07
-2.42118 1.35148e-07
1.69525 3.45518e-06
-3.22842 6.89855e-07
-3.76956 2.77516e-06
1.15629 2.17817e-06
1.03809 1.94346e-06
-2.82282 2.73201e-07
-0.453433 2.72674e-07
1.69236 3.4473e-06
-3.62751 1.91467e-06
-1.81462 8.27104e-08
0.137496 6.56414e-07
1.20226 2.27355e-06
-3.60591 1.80973e-06
2.29305 5.44611e-06
0.978998 1.83174e-06
-0.465635 2.67743e-07
-2.0282 9.0241e-08
2.38055 5.81693e-06
-0.329201 3.28769e-07
-2.86116 2.95917e-07
1.6078 3.22211e-06
-1.21505 1.03792e-07
2.60749 6.91484e-06
1.13299 2.13072e-06
-2.74319 2.32915e-07
0.545165 1.1274e-06
-3.11621 5.2559e-07
-0.586367 2.24013e-07
-1.74512 8.20378e-08
-2.43104 1.37053e-07
3.6842 1.71613e-05
-0.433781 2.80823e-07
-2.89262 3.16396e-07
-1.5282 8.50197e-08
-3.09295 4.97411e-07
1.32092 2.53064e-06
0.886568 1.66449e-06
0.837578 1.57957e-06
2.77284 7.86593e-06
-0.69443 1.91902e-07
3.98833 2.29531e-05
-3.34873 9.32117e-07
-3.83294 3.27374e-06
-3.15458 5.76178e-07
-0.001555 5.37079e-07
-0.346616 3.20229e-07
-2.53265 1.59972e-07
-0.440123 2.78165e-07
2.41817 5.98463e-06
-2.63363 1.89869e-07
1.60496 3.21475e-06
1.50601 2.96466e-06
-0.000831 5.37649e-07
-1.45716 8.76829e-08
-0.889273 1.47867e-07
-3.38097 1.01172e-06
0.437888 9.85428e-07
-1.21433 1.03858e-07
0.89528 1.67986e-06
-3.80048 3.00831e-06
0.179236 6.96197e-07
3.09002 1.0169e-05
-1.48627 8.64875e-08
-2.80229 2.61973e-07
2.07969 4.64007e-06
0.057194 5.85067e-07
3.66469 1.68531e-05
2.04445 4.5186e-06
-1.32027 9.53601e-08
2.53037 6.51747e-06
2.67365 7.27823e-06
2.77917 7.90537e-06
2.83572 8.26783e-06
1.40223 2.71614e-06
1.71077 3.49778e-06
-1.77528 8.22303e-08
3.46107 1.40022e-05
3.34445 1.26321e-05
-1.50696 8.57259e-08
-3.04103 4.40621e-07
0.12685 6.46566e-07
-0.790946 1.68072e-07
0.220754 7.37634e-07
2.83344 8.25287e-06
2.27175 5.35966e-06
1.85168 3.90284e-06
3.49847 1.44795e-05
-0.2113 3.92893e-07
2.77142 7.85712e-06
0.126682 6.46411e-07
-0.009746 5.30664e-07
-3.28334 7.90633e-07
3.61713 1.6129e-05
-0.195883 4.0213e-07
3.55931 1.52984e-05
-2.88022 3.08119e-07
-0.546051 2.37634e-07
-1.84137 8.31883e-08
2.64205 7.10194e-06
2.31709 5.5454e-06
-3.27188 7.68329e-07
-1.01984 1.26453e-07
1.60643 3.21857e-06
0.947162 1.7731e-06
-1.80604 8.25834e-08
2.75663 7.76618e-06
-1.1552 1.09696e-07
-2.48212 1.47791e-07
-1.47 8.71373e-08
-1.22165 1.03193e-07
1.35099 2.59831e-06
0.753128 1.4393e-06
0.814644 1.54071e-06
-2.08555 9.38756e-08
3.53184 1.49219e-05
0.486356 1.04796e-06
3.6111 1.60398e-05
-3.18892 6.26194e-07
-1.99685 8.85688e-08
-2.149 9.88459e-08
0.411689 9.52727e-07
0.261565 7.80203e-07
2.11988 4.78236e-06
-2.48222 1.47813e-07
-2.80839 2.65247e-07
0.498362 1.06386e-06
-0.009138 5.31137e-07
2.7289 7.59891e-06
1.82197 3.81454e-06
0.156952 6.74725e-07
-0.272215 3.58357e-07
1.87908 3.98574e-06
-0.9077 1.44492e-07
1.66157 3.36407e-06
1.6786 3.40993e-06
3.39352 1.31878e-05
1.09234 2.04932e-06
1.78283 3.70065e-06
-2.60468 1.80457e-07
3.65264 1.66659e-05
2.70328 7.44819e-06
2.11721 4.7728e-06
3.08612 1.0136e-05
0.713836 1.3767e-06
3.94835 2.20729e-05
2.23842 5.22724e-06
-0.698102 1.90916e-07
2.57999 6.77004e-06
0.952742 1.78329e-06
2.27065 5.35522e-06
-3.39283 1.0428e-06
-1.2351 1.02001e-07
3.26301 1.17714e-05
-2.36632 1.25429e-07
2.98533 9.32801e-06
3.90561 2.11755e-05
3.27571 1.19009e-05
0.709864 1.37047e-06
0.728305 1.39956e-06
-1.82844 8.29417e-08
3.52555 1.48372e-05
0.183036 6.99911e-07
-3.43942 1.17508e-06
1.22066 2.3124e-06
3.5828 1.56295e-05
-3.2008 6.44619e-07
-3.25241 7.32031e-07
0.452219 1.00364e-06
-3.68983 2.25332e-06
2.29919 5.47129e-06
2.9385 8.97931e-06
2.30673 5.50237e-06
3.22897 1.1433e-05
-3.72686 2.48231e-06
0.493353 1.05721e-06
-0.637422 2.08076e-07
-1.25525 1.0029e-07
-0.313167 3.36836e-07
3.0446 9.79317e-06
1.97958 4.30256e-06
0.982239 1.83777e-06
3.83 1.96906e-05
-2.95703 3.64219e-07
-0.760599 1.75111e-07
2.97967 9.28496e-06
1.43637 2.79641e-06
2.03778 4.49594e-06
-2.0671 9.26221e-08
-2.00751 8.91134e-08
2.72573 7.5801e-06
2.44156 6.0916e-06
-3.65575 2.06125e-06
-3.34352 9.19883e-07
3.11773 1.04069e-05
-1.4709 8.71002e-08
1.58207 3.15568e-06
1.76018 3.63594e-06
1.36767 2.63632e-06
-3.5792 1.68795e-06
3.20726 1.12233e-05
-1.62327 8.27726e-08
2.87407 8.52508e-06
0.800507 1.51704e-06
3.90789 2.12222e-05
-2.8949 3.17951e-07
2.90823 8.76237e-06
-1.88239 8.41658e-08
3.97084 2.25631e-05
-3.82934 3.24325e-06
-3.48446 1.31982e-06
2.02361 4.44814e-06
0.300352 8.22366e-07
-3.86487 3.55709e-06
1.83873 3.86414e-06
-3.20704 6.54554e-07
0.733476 1.40778e-06
-3.03404 4.33569e-07
-0.38698 3.01303e-07
2.47839 6.26431e-06
2.40237 5.91355e-06
-0.785007 1.69418e-07
-0.41692 2.88025e-07
1.55056 3.07558e-06
-1.10654 1.15147e-07
3.05656 9.89052e-06
0.591907 1.1933e-06
-1.22798 1.02626e-07
-3.04648 4.46206e-07
2.93498 8.95377e-06
-0.908429 1.44361e-07
2.05567 4.55696e-06
3.49262 1.44035e-05
3.57133 1.54668e-05
-3.17417 6.04143e-07
-3.94248 4.34853e-06
3.63385 1.63792e-05
-0.920268 1.4226e-07
2.43461 6.05957e-06
0.253822 7.71986e-07
2.5601 6.66749e-06
-3.05714 4.57383e-07
1.73039 3.55216e-06
3.2526 1.16667e-05
-0.09245 4.69559e-07
-3.40303 1.07033e-06
3.39646 1.3222e-05
1.08956 2.04382e-06
1.45611 2.84347e-06
-3.6238 1.89624e-06
-1.14303 1.11003e-07
3.25835 1.17244e-05
0.866752 1.62983e-06
2.56626 6.69907e-06
-0.930989 1.404e-07
2.22521 5.17567e-06
-3.78435 2.88438e-06
2.31759 5.54749e-06
2.98641 9.33626e-06
2.17801 4.9956e-06
-1.92473 8.54976e-08
2.16775 4.9573e-06
-3.55448 1.5827e-06
-1.24038 1.01543e-07
-2.10772 9.54935e-08
-2.07673 9.32659e-08
-3.77718 2.83096e-06
-2.46429 1.43873e-07
-2.58765 1.75251e-07
1.65091 3.33557e-06
-1.98563 8.80212e-08
2.9469 9.04069e-06
3.90185 2.10986e-05
-0.471836 2.65276e-07
3.08726 1.01457e-05
1.49525 2.93825e-06
3.91641 2.1398e-05
-1.6967 8.20415e-08
-1.64721 8.24385e-08
-1.0848 1.17785e-07
-3.6337 1.94591e-06
2.11466 4.76365e-06
0.61159 1.22179e-06
-0.921183 1.421e-07
1.62879 3.27703e-06
-2.58065 1.73178e-07
-0.279362 3.54505e-07
0.385443 9.20743e-07
-0.542673 2.38819e-07
3.78136 1.88005e-05
-0.567886 2.3014e-07
1.38574 2.67788e-06
0.437543 9.84992e-07
-3.73097 2.50911e-06
-1.34586 9.36558e-08
3.39006 1.31477e-05
3.74023 1.80847e-05
-2.78816 2.546e-07
-0.116599 4.52945e-07
1.81125 3.78307e-06
-2.07888 9.34131e-08
-0.933334 1.39998e-07
-0.440363 2.78065e-07
1.99177 4.34244e-06
-2.48243 1.47859e-07
0.143356 6.61887e-07
-0.907992 1.4444e-07
3.26523 1.1794e-05
0.192152 7.08887e-07
