2.19503 -0.372032
2.15354 -0.296514
1.67382 0.570003
1.55555 -0.024753
-3.96398 -0.848449
-2.76322 -6.78154
0.217907 -0.338551
-3.31167 -5.0814
1.80275 0.276454
2.01385 -0.226694
3.2653 0.167559
-3.63546 -2.88681
1.55976 0.374084
3.42571 1.04115
1.74465 -0.19715
-3.09401 -5.79506
2.19722 0.383358
1.65229 0.492105
1.20465 -0.293834
0.560423 -0.736571
1.32837 0.428043
-3.12682 -5.92367
-0.07753 -1.2027
-1.24551 -4.42668
2.54638 0.131319
3.2003 0.60541
3.74648 1.78569
-1.60647 -5.50593
-2.20945 -6.57604
-3.46762 -4.56171
1.42345 0.076604
3.95827 1.8501
-1.42812 -4.38694
3.08132 -0.074126
-3.83995 -1.72061
0.148376 -1.0684
1.80807 -0.334183
3.32041 -0.054362
1.16872 0.274731
-0.177142 -1.83097
-3.98218 0.022984
2.10451 0.070997
-1.052 -3.53386
1.98741 -0.398732
-2.37543 -5.99376
3.71197 1.72531
-3.95286 -0.453267
-3.42144 -4.49927
-0.880464 -2.80021
2.55854 -0.423202
-2.93486 -6.53486
-3.20525 -5.849
2.83424 -0.483881
0.33312 -0.658877
-2.36586 -6.86939
3.72425 1.21131
-1.9277 -6.11503
0.30533 -0.475253
-3.86282 -1.01373
-3.98004 -0.441584
-0.649359 -2.43106
-2.44495 -6.47774
3.91039 2.10795
1.3711 -0.004179
3.50011 0.415094
3.87377 1.64968
-2.32054 -6.60661
-1.47824 -5.19727
-0.624606 -2.89582
-1.91219 -6.34219
1.9806 -0.424496
2.58634 -0.14962
-0.075591 -1.74587
0.553494 -0.545352
-2.68426 -6.67049
2.41183 -0.18522
-1.63304 -5.02317
2.57408 -0.544786
1.79224 0.556044
-1.26299 -4.61895
2.23287 0.087327
