0.69134 -1.97018
-0.567792 -1.98546
2.75998 -1.94382
2.5047 -1.94715
2.22021 -1.95084
-0.882034 -1.98918
-0.601486 -1.98586
0.270026 -1.97536
-3.10311 -2.01428
0.392048 -1.97387
1.39442 -1.96139
-3.08332 -2.01407
2.04626 -1.95308
-0.176351 -1.98077
1.07973 -1.96535
-1.10484 -1.99179
-0.703682 -1.98707
2.33518 -1.94936
3.67312 -1.93174
-3.79598 -2.02167
1.11634 -1.96489
2.79111 -1.94342
-1.34603 -1.99459
-3.4041 -2.01752
0.964287 -1.96679
0.008751 -1.97854
-3.87927 -2.02254
-1.91955 -2.00116
0.79369 -1.96891
1.94084 -1.95444
-0.116323 -1.98005
0.474146 -1.97286
1.66982 -1.9579
0.780055 -1.96908
1.04213 -1.96582
0.746978 -1.96949
-0.75472 -1.98768
-3.26465 -2.01602
-0.204095 -1.98111
0.915982 -1.96739
-2.155 -2.00382
1.23023 -1.96346
3.24126 -1.93749
-2.76431 -2.01059
-3.08947 -2.01413
2.27286 -1.95016
-1.09888 -1.99172
3.43541 -1.93491
3.55378 -1.93333
-1.25195 -1.9935
3.73981 -1.93084
-3.24655 -2.01583
0.970077 -1.96672
-1.61889 -1.99774
-3.58805 -2.01948
-0.481879 -1.98444
-1.53933 -1.99682
-1.87637 -2.00067
0.495998 -1.97259
1.0257 -1.96602
-3.18549 -2.01517
1.71106 -1.95737
-1.5381 -1.99681
-3.53477 -2.01891
2.79952 -1.94331
-2.85777 -2.01161
0.123329 -1.97715
-0.359819 -1.98298
-1.48686 -1.99622
-3.16932 -2.015
1.32414 -1.96228
2.23703 -1.95062
-0.657713 -1.98653
-0.82204 -1.98847
-3.39068 -2.01737
0.39068 -1.97388
2.28272 -1.95003
-1.68132 -1.99845
-2.36978 -2.00623
-2.70324 -2.00992
-1.63226 -1.99789
-3.21245 -2.01546
-2.96575 -2.01279
-1.3792 -1.99498
2.95625 -1.94125
3.85824 -1.92926
-2.41114 -2.00669
-2.54569 -2.00818
-2.36975 -2.00623
-1.69589 -1.99862
-1.71005 -1.99878
-2.43232 -2.00692
1.45165 -1.96067
-1.66918 -1.99831
1.20467 -1.96378
-0.289981 -1.98214
-2.6715 -2.00957
1.43084 -1.96093
2.79851 -1.94332
-0.294207 -1.98219
3.24057 -1.93749
0.909831 -1.96747
1.49689 -1.96009
3.09841 -1.93937
-1.9257 -2.00123
1.83484 -1.95579
1.23103 -1.96345
1.09064 -1.96521
-0.182868 -1.98085
3.15446 -1.93863
2.71819 -1.94437
0.531925 -1.97215
-2.13875 -2.00364
-3.2592 -2.01596
2.22639 -1.95076
-3.29745 -2.01638
-2.83335 -2.01135
-1.89663 -2.0009
-2.42663 -2.00686
-2.35531 -2.00606
-3.96643 -2.02345
-0.475207 -1.98436
-2.88998 -2.01196
-3.20963 -2.01543
3.2344 -1.93758
-3.63154 -2.01994
-0.561864 -1.98539
2.63625 -1.94544
-3.74519 -2.02114
1.308 -1.96248
3.61259 -1.93255
-1.7847 -1.99963
-1.60562 -1.99758
-2.77135 -2.01067
1.57783 -1.95907
3.11535 -1.93915
0.476583 -1.97283
-0.449519 -1.98405
-3.4112 -2.01759
-1.20544 -1.99296
0.918054 -1.96736
2.72356 -1.9443
-0.633794 -1.98624
1.94365 -1.9544
1.90736 -1.95487
-2.3551 -2.00606
-2.26385 -2.00504
-1.35482 -1.99469
3.44307 -1.93481
2.74734 -1.94399
3.50416 -1.93399
0.079499 -1.97768
0.981201 -1.96658
-0.489706 -1.98453
-3.68638 -2.02052
-3.47224 -2.01824
-3.55794 -2.01916
3.14236 -1.93879
-3.76151 -2.02131
-1.57834 -1.99727
-3.67352 -2.02038
-0.814182 -1.98838
-3.13951 -2.01467
-2.80982 -2.01109
-1.30863 -1.99416
0.792992 -1.96892
-1.41937 -1.99544
2.65309 -1.94522
-1.26531 -1.99366
-2.57551 -2.00851
1.91507 -1.95477
-2.28859 -2.00532
-1.26022 -1.9936
1.71934 -1.95727
0.525434 -1.97223
-0.915323 -1.98957
-3.87088 -2.02246
-2.71304 -2.01003
1.73343 -1.95709
0.845183 -1.96827
-0.622682 -1.98611
2.17102 -1.95148
2.26989 -1.9502
-2.50102 -2.00768
-2.46633 -2.0073
2.73522 -1.94415
3.00816 -1.94056
-0.636181 -1.98627
-2.89606 -2.01203
-3.27913 -2.01618
-1.56811 -1.99715
-3.00602 -2.01323
-3.95842 -2.02337
-3.7736 -2.02144
0.587139 -1.97147
3.40193 -1.93535
0.598326 -1.97133
-2.64127 -2.00924
1.26896 -1.96297
2.82687 -1.94295
2.78416 -1.94351
-0.693513 -1.98695
-3.80775 -2.02179
-1.19982 -1.9929
0.186624 -1.97638
-0.414832 -1.98364
-1.10295 -1.99177
-1.74227 -1.99915
-0.100438 -1.97986
0.204089 -1.97616
0.13817 -1.97697
-3.55096 -2.01908
0.311183 -1.97486
-0.494729 -1.98459
0.509238 -1.97243
-0.606648 -1.98592
-3.49847 -2.01852
-3.57582 -2.01935
0.051082 -1.97802
-3.36746 -2.01713
2.99932 -1.94068
-2.07765 -2.00295
0.594509 -1.97138
1.03095 -1.96596
3.64814 -1.93207
0.341855 -1.97448
0.587452 -1.97146
-3.62798 -2.0199
-1.66795 -1.9983
-0.568294 -1.98547
-1.84351 -2.0003
-2.4981 -2.00765
0.310542 -1.97486
-0.203931 -1.98111
-1.84723 -2.00034
-0.230146 -1.98142
1.91287 -1.95479
-1.48561 -1.9962
-1.06778 -1.99136
-1.48446 -1.99619
2.34174 -1.94927
1.6834 -1.95772
2.62029 -1.94565
-0.646762 -1.9864
3.33646 -1.93622
0.630949 -1.97093
0.610876 -1.97117
0.002862 -1.97861
2.44533 -1.94793
-1.44821 -1.99577
2.0498 -1.95304
0.417918 -1.97355
1.6575 -1.95805
-1.68484 -1.99849
1.05253 -1.96569
-2.03971 -2.00252
-2.8558 -2.01159
2.19429 -1.95118
-1.59365 -1.99745
0.371943 -1.97411
-0.140665 -1.98034
-1.7322 -1.99903
-2.4931 -2.0076
-2.70656 -2.00995
-3.25061 -2.01587
0.24285 -1.97569
2.27904 -1.95008
3.07942 -1.93963
-1.67719 -1.9984
3.45038 -1.93471
0.832129 -1.96843
-0.339147 -1.98273
2.32871 -1.94944
3.762 -1.93055
2.5997 -1.94592
-3.79574 -2.02167
3.29495 -1.93677
-1.82109 -2.00005
0.713475 -1.9699
2.31774 -1.94958
-2.32439 -2.00572
1.84265 -1.95569
-0.63827 -1.9863
3.55392 -1.93333
2.35778 -1.94906
0.217656 -1.976
1.88211 -1.95519
-0.040247 -1.97913
-3.72217 -2.02089
-0.804171 -1.98826
3.33877 -1.93619
-3.57682 -2.01936
2.89698 -1.94203
3.87285 -1.92906
3.33386 -1.93626
-2.43328 -2.00693
-0.713762 -1.98719
0.74644 -1.9695
2.80349 -1.94325
-0.06214 -1.9794
-2.42925 -2.00689
-1.91352 -2.0011
0.547937 -1.97195
2.2464 -1.9505
0.48351 -1.97274
-0.773006 -1.98789
1.24634 -1.96325
2.39859 -1.94853
0.778456 -1.9691
3.53002 -1.93365
2.70571 -1.94453
2.07822 -1.95267
-1.74708 -1.9992
-2.22863 -2.00465
-1.9057 -2.00101
3.62454 -1.93239
-3.87055 -2.02245
0.698204 -1.97009
0.909436 -1.96747
3.95706 -1.92793
-1.45294 -1.99583
3.50857 -1.93393
0.42961 -1.9734
2.29722 -1.94985
2.91179 -1.94183
-2.99727 -2.01313
-0.598964 -1.98583
2.43696 -1.94804
0.856644 -1.96813
0.156448 -1.97674
1.70854 -1.9574
2.30416 -1.94976
-2.43902 -2.007
0.866061 -1.96801
-2.21918 -2.00454
-0.425097 -1.98376
-0.820814 -1.98846
3.6155 -1.93251
-0.519877 -1.98489
-1.91729 -2.00114
2.12876 -1.95202
-1.18486 -1.99272
-3.77376 -2.02144
3.77454 -1.93038
-2.0122 -2.00221
0.562565 -1.97177
-3.89507 -2.02271
2.96376 -1.94115
3.75182 -1.93068
-0.424841 -1.98376
-0.28933 -1.98213
-0.370048 -1.9831
3.19995 -1.93803
2.04461 -1.9531
-1.52619 -1.99667
0.515542 -1.97235
1.12055 -1.96483
1.1633 -1.9643
-2.7779 -2.01074
0.769411 -1.96921
-3.85385 -2.02228
-3.92752 -2.02305
0.726608 -1.96974
2.8873 -1.94215
1.94781 -1.95435
0.98248 -1.96656
3.98195 -1.92759
1.69911 -1.95752
2.53879 -1.94671
-0.78538 -1.98804
-2.02903 -2.0024
0.153101 -1.97678
3.43767 -1.93488
0.915122 -1.9674
-1.33624 -1.99448
-3.35307 -2.01697
0.440816 -1.97327
-0.809158 -1.98832
-0.998951 -1.99055
0.655571 -1.97062
3.75418 -1.93065
-0.583118 -1.98564
3.61199 -1.93255
1.40616 -1.96124
3.23453 -1.93757
-3.53391 -2.0189
-1.98372 -2.00189
2.34963 -1.94917
-3.50994 -2.01865
2.61041 -1.94578
-3.93927 -2.02317
-1.8207 -2.00004
-2.40969 -2.00667
0.844155 -1.96828
1.34012 -1.96207
-0.853734 -1.98884
-3.86448 -2.02239
-1.6209 -1.99776
2.35249 -1.94913
3.42175 -1.93509
0.435362 -1.97333
-0.938533 -1.98984
-2.8612 -2.01165
-1.74374 -1.99916
-1.45302 -1.99583
-2.53917 -2.00811
-0.843079 -1.98872
2.68562 -1.9448
2.9225 -1.94169
-2.61919 -2.00899
-3.85993 -2.02234
0.533946 -1.97212
-3.58418 -2.01943
-2.45827 -2.00721
-2.31044 -2.00556
0.46342 -1.97299
1.39886 -1.96133
3.18509 -1.93823
-0.648047 -1.98641
-0.179024 -1.98081
1.73712 -1.95704
-1.65007 -1.99809
-1.0694 -1.99137
1.03186 -1.96594
3.37466 -1.93572
1.57107 -1.95915
-3.2185 -2.01553
1.29005 -1.9627
3.27842 -1.93699
3.74927 -1.93072
3.84363 -1.92945
0.295564 -1.97505
0.491955 -1.97264
-1.05685 -1.99123
-2.84646 -2.01149
2.78866 -1.94345
3.04849 -1.94003
2.83312 -1.94287
-1.40559 -1.99528
-3.36915 -2.01714
-3.5066 -2.01861
-2.39292 -2.00648
0.629415 -1.97094
3.18288 -1.93826
3.76605 -1.93049
2.01807 -1.95345
2.76955 -1.9437
-3.27053 -2.01609
2.19098 -1.95122
-2.63627 -2.00918
2.52574 -1.94688
-2.29894 -2.00544
3.32852 -1.93633
-3.8623 -2.02237
-3.40463 -2.01752
0.442324 -1.97325
-2.56525 -2.0084
0.102846 -1.9774
-3.96683 -2.02346
0.277621 -1.97527
-3.7192 -2.02086
-1.46364 -1.99595
-0.843468 -1.98872
-3.37672 -2.01723
-3.91839 -2.02295
1.39678 -1.96136
-2.06489 -2.00281
-3.10321 -2.01428
-1.71601 -1.99885
2.16285 -1.95158
1.61488 -1.9586
1.97286 -1.95403
-2.03593 -2.00248
1.09426 -1.96516
1.32651 -1.96225
-2.06366 -2.00279
-2.41585 -2.00674
-0.335751 -1.98269
3.42815 -1.93501
-1.11797 -1.99194
3.85893 -1.92925
0.914124 -1.96741
-0.667424 -1.98664
-2.48864 -2.00755
1.48107 -1.96029
-1.52039 -1.99661
-0.431283 -1.98383
-3.72407 -2.02091
-2.54387 -2.00816
-2.96092 -2.01274
-0.172452 -1.98073
-0.182024 -1.98084
1.79696 -1.95628
-1.06628 -1.99134
-1.25764 -1.99357
-2.54237 -2.00814
-1.67261 -1.99835
-0.290537 -1.98215
-0.846564 -1.98876
0.477135 -1.97282
3.34528 -1.93611
-0.669112 -1.98666
0.607022 -1.97122
2.95188 -1.94131
1.89505 -1.95502
-0.183043 -1.98085
2.83878 -1.94279
2.87833 -1.94227
3.39944 -1.93539
-3.95137 -2.0233
3.99151 -1.92746
0.348853 -1.97439
-1.59922 -1.99751
2.49837 -1.94724
-2.68263 -2.00969
-2.47663 -2.00741
2.16155 -1.9516
2.63149 -1.9455
-1.88568 -2.00078
-2.85208 -2.01155
-1.12566 -1.99203
-0.270605 -1.98191
0.647056 -1.97073
0.370095 -1.97413
-3.76881 -2.02138
-0.115279 -1.98004
0.802305 -1.9688
0.601354 -1.97129
-3.89768 -2.02274
1.91831 -1.95472
0.228434 -1.97587
-1.82382 -2.00008
3.07416 -1.93969
0.968085 -1.96674
-0.290501 -1.98215
0.558138 -1.97182
-3.40312 -2.01751
0.499785 -1.97254
1.52363 -1.95975
0.842828 -1.9683
-3.5088 -2.01863
-0.510414 -1.98478
-3.46418 -2.01816
3.30766 -1.93661
3.56456 -1.93319
-2.4714 -2.00736
3.77505 -1.93037
0.758565 -1.96935
1.08677 -1.96526
0.599217 -1.97132
2.24584 -1.95051
-3.57649 -2.01935
-1.12506 -1.99202
-1.72661 -1.99897
-1.27588 -1.99378
-0.857036 -1.98888
1.7378 -1.95703
-0.917286 -1.98959
-0.712478 -1.98718
-3.39282 -2.0174
-3.97055 -2.0235
-1.18957 -1.99278
0.330028 -1.97463
3.3904 -1.93551
-3.93758 -2.02315
0.455305 -1.97309
-1.18902 -1.99277
-3.46813 -2.0182
-3.86987 -2.02245
0.61735 -1.97109
1.4885 -1.9602
3.41382 -1.9352
-2.11127 -2.00333
-2.94454 -2.01256
0.887241 -1.96775
2.6862 -1.94479
-1.15168 -1.99233
-3.83311 -2.02206
1.75054 -1.95687
-1.01156 -1.9907
-0.276477 -1.98198
3.13864 -1.93884
1.72696 -1.95717
-3.78205 -2.02152
-3.60654 -2.01967
-2.47932 -2.00744
2.04115 -1.95315
-1.90443 -2.00099
-1.77892 -1.99957
-3.02894 -2.01348
-0.100812 -1.97986
0.777855 -1.96911
-1.51816 -1.99658
3.92293 -1.92839
-1.62186 -1.99777
2.26629 -1.95025
2.65186 -1.94524
1.92341 -1.95466
1.55015 -1.95942
1.36332 -1.96178
0.305323 -1.97493
-3.60574 -2.01966
-1.40919 -1.99532
2.92528 -1.94166
2.37132 -1.94889
2.56462 -1.94637
0.621947 -1.97104
2.16219 -1.95159
-2.4999 -2.00767
-0.67462 -1.98673
-1.96124 -2.00164
-3.26553 -2.01603
-2.71139 -2.01001
-0.244368 -1.98159
-1.92866 -2.00127
-0.603534 -1.98588
0.115465 -1.97724
1.07087 -1.96546
2.33059 -1.94941
3.93689 -1.9282
3.33532 -1.93624
-3.25688 -2.01594
-3.91152 -2.02288
-2.8339 -2.01135
-2.41747 -2.00676
-2.45707 -2.0072
1.04269 -1.96581
1.70034 -1.95751
0.934285 -1.96716
-3.74675 -2.02115
-0.684334 -1.98684
2.29272 -1.9499
2.68302 -1.94483
-1.19487 -1.99284
-3.56202 -2.0192
-3.5388 -2.01895
2.46829 -1.94763
0.585418 -1.97149
-0.93389 -1.98979
-1.83663 -2.00022
-1.48204 -1.99616
-1.33384 -1.99445
-0.815377 -1.98839
3.26815 -1.93713
-1.25119 -1.99349
-1.29396 -1.99399
-3.45734 -2.01809
1.5743 -1.95911
-3.52351 -2.01879
3.27357 -1.93706
-0.92516 -1.98968
-3.87409 -2.02249
0.484825 -1.97273
-3.65775 -2.02021
1.05656 -1.96564
2.57466 -1.94624
-2.79543 -2.01093
-1.29247 -1.99397
-1.25639 -1.99355
-2.66098 -2.00945
-1.24852 -1.99346
1.07568 -1.9654
3.24621 -1.93742
3.31029 -1.93657
-1.42624 -1.99552
1.57457 -1.95911
-1.61258 -1.99766
1.85557 -1.95553
-3.54109 -2.01898
2.43622 -1.94804
3.2959 -1.93676
3.86748 -1.92913
2.64994 -1.94526
0.601351 -1.97129
3.48306 -1.93427
0.610949 -1.97117
-1.17905 -1.99265
2.99573 -1.94073
-1.84541 -2.00032
-0.883324 -1.98919
-2.33792 -2.00587
-2.77161 -2.01067
-0.493667 -1.98458
-1.12839 -1.99206
2.82389 -1.94299
-3.53819 -2.01895
-0.245396 -1.9816
2.55626 -1.94648
2.971 -1.94105
1.20383 -1.96379
-2.3492 -2.006
-2.42118 -2.0068
1.69525 -1.95757
-3.22842 -2.01563
-3.76956 -2.02139
1.15629 -1.96439
1.03809 -1.96587
-2.82282 -2.01123
-0.453433 -1.9841
1.69236 -1.95761
-3.62751 -2.01989
-1.81462 -1.99997
0.137496 -1.97697
1.20226 -1.96381
-3.60591 -2.01967
2.29305 -1.9499
0.978998 -1.9666
-0.465635 -1.98424
-2.0282 -2.00239
2.38055 -1.94877
-0.329201 -1.98261
-2.86116 -2.01165
1.6078 -1.95869
-1.21505 -1.99307
2.60749 -1.94582
1.13299 -1.96468
-2.74319 -2.01036
0.545165 -1.97198
-3.11621 -2.01442
-0.586367 -1.98568
-1.74512 -1.99918
-2.43104 -2.00691
3.6842 -1.93159
-0.433781 -1.98386
-2.89262 -2.01199
-1.5282 -1.99669
-3.09295 -2.01417
1.32092 -1.96232
0.886568 -1.96776
0.837578 -1.96837
2.77284 -1.94366
-0.69443 -1.98696
3.98833 -1.92751
-3.34873 -2.01693
-3.83294 -2.02206
-3.15458 -2.01484
-0.001555 -1.97866
-0.346616 -1.98282
-2.53265 -2.00804
-0.440123 -1.98394
2.41817 -1.94828
-2.63363 -2.00915
1.60496 -1.95872
1.50601 -1.95998
-0.000831 -1.97865
-1.45716 -1.99588
-0.889273 -1.98926
-3.38097 -2.01727
0.437888 -1.9733
-1.21433 -1.99306
0.89528 -1.96765
-3.80048 -2.02172
0.179236 -1.97647
3.09002 -1.93949
-1.48627 -1.99621
-2.80229 -2.01101
2.07969 -1.95265
0.057194 -1.97795
3.66469 -1.93185
2.04445 -1.95311
-1.32027 -1.99429
2.53037 -1.94682
2.67365 -1.94495
2.77917 -1.94357
2.83572 -1.94283
1.40223 -1.96129
1.71077 -1.95738
-1.77528 -1.99952
3.46107 -1.93457
3.34445 -1.93612
-1.50696 -1.99645
-3.04103 -2.01361
0.12685 -1.9771
-0.790946 -1.9881
0.220754 -1.97596
2.83344 -1.94286
2.27175 -1.95018
1.85168 -1.95558
3.49847 -1.93407
-0.2113 -1.98119
2.77142 -1.94367
0.126682 -1.97711
-0.009746 -1.97876
-3.28334 -2.01622
3.61713 -1.93249
-0.195883 -1.98101
3.55931 -1.93326
-2.88022 -2.01186
-0.546051 -1.9852
-1.84137 -2.00028
2.64205 -1.94537
2.31709 -1.94959
-3.27188 -2.0161
-1.01984 -1.99079
1.60643 -1.9587
0.947162 -1.967
-1.80604 -1.99987
2.75663 -1.94387
-1.1552 -1.99238
-2.48212 -2.00747
-1.47 -1.99602
-1.22165 -1.99315
1.35099 -1.96194
0.753128 -1.96941
0.814644 -1.96865
-2.08555 -2.00304
3.53184 -1.93362
0.486356 -1.97271
3.6111 -1.93257
-3.18892 -2.01521
-1.99685 -2.00204
-2.149 -2.00375
0.411689 -1.97362
0.261565 -1.97546
2.11988 -1.95214
-2.48222 -2.00748
-2.80839 -2.01107
0.498362 -1.97256
-0.009138 -1.97875
2.7289 -1.94423
1.82197 -1.95596
0.156952 -1.97674
-0.272215 -1.98193
1.87908 -1.95523
-0.9077 -1.98948
1.66157 -1.958
1.6786 -1.95779
3.39352 -1.93547
1.09234 -1.96519
1.78283 -1.95646
-2.60468 -2.00883
3.65264 -1.93201
2.70328 -1.94457
2.11721 -1.95217
3.08612 -1.93954
0.713836 -1.9699
3.94835 -1.92804
2.23842 -1.95061
-0.698102 -1.98701
2.57999 -1.94617
0.952742 -1.96693
2.27065 -1.95019
-3.39283 -2.0174
-1.2351 -1.99331
3.26301 -1.9372
-2.36632 -2.00619
2.98533 -1.94087
3.90561 -1.92862
3.27571 -1.93703
0.709864 -1.96995
0.728305 -1.96972
-1.82844 -2.00013
3.52555 -1.93371
0.183036 -1.97642
-3.43942 -2.01789
1.22066 -1.96358
3.5828 -1.93294
-3.2008 -2.01534
-3.25241 -2.01589
0.452219 -1.97313
-3.68983 -2.02055
2.29919 -1.94982
2.9385 -1.94148
2.30673 -1.94972
3.22897 -1.93765
-3.72686 -2.02094
0.493353 -1.97262
-0.637422 -1.98629
-1.25525 -1.99354
-0.313167 -1.98242
3.0446 -1.94008
1.97958 -1.95394
0.982239 -1.96656
3.83 -1.92963
-2.95703 -2.0127
-0.760599 -1.98774
2.97967 -1.94094
1.43637 -1.96086
2.03778 -1.95319
-2.0671 -2.00283
-2.00751 -2.00216
2.72573 -1.94427
2.44156 -1.94798
-3.65575 -2.02019
-3.34352 -2.01687
3.11773 -1.93912
-1.4709 -1.99604
1.58207 -1.95901
1.76018 -1.95675
1.36767 -1.96173
-3.5792 -2.01938
3.20726 -1.93794
-1.62327 -1.99779
2.87407 -1.94233
0.800507 -1.96883
3.90789 -1.92859
-2.8949 -2.01202
2.90823 -1.94188
-1.88239 -2.00074
3.97084 -1.92774
-3.82934 -2.02202
-3.48446 -2.01838
2.02361 -1.95337
0.300352 -1.97499
-3.86487 -2.02239
1.83873 -1.95574
-3.20704 -2.0154
0.733476 -1.96966
-3.03404 -2.01353
-0.38698 -1.9833
2.47839 -1.9475
2.40237 -1.94848
-0.785007 -1.98803
-0.41692 -1.98366
1.55056 -1.95941
-1.10654 -1.99181
3.05656 -1.93993
0.591907 -1.97141
-1.22798 -1.99322
-3.04648 -2.01367
2.93498 -1.94153
-0.908429 -1.98949
2.05567 -1.95296
3.49262 -1.93415
3.57133 -1.9331
-3.17417 -2.01505
-3.94248 -2.0232
3.63385 -1.93226
-0.920268 -1.98963
2.43461 -1.94807
0.253822 -1.97556
2.5601 -1.94643
-3.05714 -2.01378
1.73039 -1.95713
3.2526 -1.93734
-0.09245 -1.97976
-3.40303 -2.01751
3.39646 -1.93543
1.08956 -1.96522
1.45611 -1.96061
-3.6238 -2.01985
-1.14303 -1.99223
3.25835 -1.93726
0.866752 -1.968
2.56626 -1.94635
-0.930989 -1.98975
2.22521 -1.95078
-3.78435 -2.02155
2.31759 -1.94958
2.98641 -1.94085
2.17801 -1.95139
-1.92473 -2.00122
2.16775 -1.95152
-3.55448 -2.01912
-1.24038 -1.99337
-2.10772 -2.00329
-2.07673 -2.00294
-3.77718 -2.02147
-2.46429 -2.00728
-2.58765 -2.00864
1.65091 -1.95814
-1.98563 -2.00191
2.9469 -1.94137
3.90185 -1.92867
-0.471836 -1.98432
3.08726 -1.93952
1.49525 -1.96011
3.91641 -1.92847
-1.6967 -1.99863
-1.64721 -1.99806
-1.0848 -1.99155
-3.6337 -2.01996
2.11466 -1.9522
0.61159 -1.97116
-0.921183 -1.98964
1.62879 -1.95842
-2.58065 -2.00857
-0.279362 -1.98201
0.385443 -1.97395
-0.542673 -1.98516
3.78136 -1.93029
-0.567886 -1.98546
1.38574 -1.9615
0.437543 -1.97331
-3.73097 -2.02099
-1.34586 -1.99459
3.39006 -1.93551
3.74023 -1.93084
-2.78816 -2.01085
-0.116599 -1.98005
1.81125 -1.95609
-2.07888 -2.00297
-0.933334 -1.98978
-0.440363 -1.98394
1.99177 -1.95378
-2.48243 -2.00748
0.143356 -1.9769
-0.907992 -1.98948
3.26523 -1.93717
0.192152 -1.97631
