0.69134 -2.03796
-0.567792 -2.04152
2.75998 -2.02955
2.5047 -2.03076
2.22021 -2.03205
-0.882034 -2.04223
-0.601486 -2.0416
0.270026 -2.03928
-3.10311 -2.04513
0.392048 -2.03891
1.39442 -2.03545
-3.08332 -2.04512
2.04626 -2.03281
-0.176351 -2.04054
1.07973 -2.03662
-1.10484 -2.04268
-0.703682 -2.04183
2.33518 -2.03153
3.67312 -2.02484
-3.79598 -2.04528
1.11634 -2.03649
2.79111 -2.0294
-1.34603 -2.04313
-3.4041 -2.04524
0.964287 -2.03703
0.008751 -2.04003
-3.87927 -2.04527
-1.91955 -2.04404
0.79369 -2.03761
1.94084 -2.03326
-0.116323 -2.04038
0.474146 -2.03865
1.66982 -2.03437
0.780055 -2.03766
1.04213 -2.03675
0.746978 -2.03777
-0.75472 -2.04195
-3.26465 -2.04519
-0.204095 -2.04061
0.915982 -2.0372
-2.155 -2.04434
1.23023 -2.03607
3.24126 -2.02714
-2.76431 -2.04492
-3.08947 -2.04512
2.27286 -2.03181
-1.09888 -2.04267
3.43541 -2.02612
3.55378 -2.02549
-1.25195 -2.04296
3.73981 -2.02447
-3.24655 -2.04519
0.970077 -2.03701
-1.61889 -2.04359
-3.58805 -2.04527
-0.481879 -2.04131
-1.53933 -2.04347
-1.87637 -2.04398
0.495998 -2.03859
1.0257 -2.03681
-3.18549 -2.04516
1.71106 -2.03421
-1.5381 -2.04346
-3.53477 -2.04526
2.79952 -2.02936
-2.85777 -2.04499
0.123329 -2.03971
-0.359819 -2.04101
-1.48686 -2.04338
-3.16932 -2.04516
1.32414 -2.03572
2.23703 -2.03197
-0.657713 -2.04173
-0.82204 -2.0421
-3.39068 -2.04523
0.39068 -2.03891
2.28272 -2.03177
-1.68132 -2.04369
-2.36978 -2.04457
-2.70324 -2.04487
-1.63226 -2.04362
-3.21245 -2.04517
-2.96575 -2.04505
-1.3792 -2.04319
2.95625 -2.02859
3.85824 -2.02381
-2.41114 -2.04462
-2.54569 -2.04474
-2.36975 -2.04457
-1.69589 -2.04371
-1.71005 -2.04374
-2.43232 -2.04464
1.45165 -2.03523
-1.66918 -2.04367
1.20467 -2.03617
-0.289981 -2.04084
-2.6715 -2.04485
1.43084 -2.03531
2.79851 -2.02936
-0.294207 -2.04085
3.24057 -2.02715
0.909831 -2.03722
1.49689 -2.03506
3.09841 -2.02788
-1.9257 -2.04405
1.83484 -2.0337
1.23103 -2.03607
1.09064 -2.03658
-0.182868 -2.04056
3.15446 -2.02759
2.71819 -2.02975
0.531925 -2.03847
-2.13875 -2.04432
-3.2592 -2.04519
2.22639 -2.03202
-3.29745 -2.0452
-2.83335 -2.04497
-1.89663 -2.04401
-2.42663 -2.04463
-2.35531 -2.04456
-3.96643 -2.04526
-0.475207 -2.0413
-2.88998 -2.04501
-3.20963 -2.04517
3.2344 -2.02718
-3.63154 -2.04527
-0.561864 -2.04151
2.63625 -2.03014
-3.74519 -2.04528
1.308 -2.03578
3.61259 -2.02517
-1.7847 -2.04385
-1.60562 -2.04357
-2.77135 -2.04493
1.57783 -2.03474
3.11535 -2.02779
0.476583 -2.03865
-0.449519 -2.04124
-3.4112 -2.04524
-1.20544 -2.04288
0.918054 -2.03719
2.72356 -2.02973
-0.633794 -2.04167
1.94365 -2.03325
1.90736 -2.0334
-2.3551 -2.04456
-2.26385 -2.04446
-1.35482 -2.04315
3.44307 -2.02608
2.74734 -2.02961
3.50416 -2.02576
0.079499 -2.03983
0.981201 -2.03697
-0.489706 -2.04133
-3.68638 -2.04528
-3.47224 -2.04525
-3.55794 -2.04527
3.14236 -2.02765
-3.76151 -2.04528
-1.57834 -2.04353
-3.67352 -2.04528
-0.814182 -2.04208
-3.13951 -2.04514
-2.80982 -2.04495
-1.30863 -2.04307
0.792992 -2.03762
-1.41937 -2.04326
2.65309 -2.03006
-1.26531 -2.04299
-2.57551 -2.04477
1.91507 -2.03337
-2.28859 -2.04449
-1.26022 -2.04298
1.71934 -2.03417
0.525434 -2.03849
-0.915323 -2.0423
-3.87088 -2.04527
-2.71304 -2.04488
1.73343 -2.03412
0.845183 -2.03744
-0.622682 -2.04165
2.17102 -2.03227
2.26989 -2.03183
-2.50102 -2.0447
-2.46633 -2.04467
2.73522 -2.02967
3.00816 -2.02833
-0.636181 -2.04168
-2.89606 -2.04501
-3.27913 -2.0452
-1.56811 -2.04351
-3.00602 -2.04508
-3.95842 -2.04526
-3.7736 -2.04528
0.587139 -2.0383
3.40193 -2.0263
0.598326 -2.03826
-2.64127 -2.04482
1.26896 -2.03593
2.82687 -2.02923
2.78416 -2.02943
-0.693513 -2.04181
-3.80775 -2.04528
-1.19982 -2.04287
0.186624 -2.03953
-0.414832 -2.04115
-1.10295 -2.04268
-1.74227 -2.04378
-0.100438 -2.04033
0.204089 -2.03947
0.13817 -2.03967
-3.55096 -2.04527
0.311183 -2.03916
-0.494729 -2.04135
0.509238 -2.03854
-0.606648 -2.04161
-3.49847 -2.04526
-3.57582 -2.04527
0.051082 -2.03992
-3.36746 -2.04523
2.99932 -2.02837
-2.07765 -2.04424
0.594509 -2.03827
1.03095 -2.03679
3.64814 -2.02497
0.341855 -2.03906
0.587452 -2.03829
-3.62798 -2.04527
-1.66795 -2.04367
-0.568294 -2.04152
-1.84351 -2.04393
-2.4981 -2.0447
0.310542 -2.03916
-0.203931 -2.04061
-1.84723 -2.04394
-0.230146 -2.04068
1.91287 -2.03338
-1.48561 -2.04338
-1.06778 -2.04261
-1.48446 -2.04337
2.34174 -2.03151
1.6834 -2.03432
2.62029 -2.03022
-0.646762 -2.0417
3.33646 -2.02665
0.630949 -2.03815
0.610876 -2.03822
0.002862 -2.04005
2.44533 -2.03103
-1.44821 -2.04331
2.0498 -2.03279
0.417918 -2.03883
1.6575 -2.03442
-1.68484 -2.0437
1.05253 -2.03672
-2.03971 -2.04419
-2.8558 -2.04498
2.19429 -2.03216
-1.59365 -2.04355
0.371943 -2.03897
-0.140665 -2.04044
-1.7322 -2.04377
-2.4931 -2.04469
-2.70656 -2.04488
-3.25061 -2.04519
0.24285 -2.03936
2.27904 -2.03179
3.07942 -2.02797
-1.67719 -2.04369
3.45038 -2.02604
0.832129 -2.03748
-0.339147 -2.04096
2.32871 -2.03156
3.762 -2.02435
2.5997 -2.03032
-3.79574 -2.04528
3.29495 -2.02686
-1.82109 -2.0439
0.713475 -2.03788
2.31774 -2.03161
-2.32439 -2.04453
1.84265 -2.03367
-0.63827 -2.04169
3.55392 -2.02549
2.35778 -2.03143
0.217656 -2.03943
1.88211 -2.0335
-0.040247 -2.04017
-3.72217 -2.04528
-0.804171 -2.04206
3.33877 -2.02663
-3.57682 -2.04527
2.89698 -2.02888
3.87285 -2.02372
3.33386 -2.02666
-2.43328 -2.04464
-0.713762 -2.04186
0.74644 -2.03777
2.80349 -2.02934
-0.06214 -2.04023
-2.42925 -2.04463
-1.91352 -2.04403
0.547937 -2.03842
2.2464 -2.03193
0.48351 -2.03863
-0.773006 -2.04199
1.24634 -2.03601
2.39859 -2.03125
0.778456 -2.03767
3.53002 -2.02562
2.70571 -2.02981
2.07822 -2.03267
-1.74708 -2.04379
-2.22863 -2.04442
-1.9057 -2.04402
3.62454 -2.0251
-3.87055 -2.04527
0.698204 -2.03793
0.909436 -2.03722
3.95706 -2.02325
-1.45294 -2.04332
3.50857 -2.02573
0.42961 -2.03879
2.29722 -2.03171
2.91179 -2.02881
-2.99727 -2.04507
-0.598964 -2.04159
2.43696 -2.03107
0.856644 -2.0374
0.156448 -2.03961
1.70854 -2.03422
2.30416 -2.03167
-2.43902 -2.04464
0.866061 -2.03737
-2.21918 -2.04441
-0.425097 -2.04118
-0.820814 -2.04209
3.6155 -2.02515
-0.519877 -2.04141
-1.91729 -2.04403
2.12876 -2.03245
-1.18486 -2.04284
-3.77376 -2.04528
3.77454 -2.02428
-2.0122 -2.04416
0.562565 -2.03837
-3.89507 -2.04527
2.96376 -2.02855
3.75182 -2.0244
-0.424841 -2.04117
-0.28933 -2.04083
-0.370048 -2.04104
3.19995 -2.02736
2.04461 -2.03282
-1.52619 -2.04344
0.515542 -2.03852
1.12055 -2.03647
1.1633 -2.03632
-2.7779 -2.04493
0.769411 -2.0377
-3.85385 -2.04528
-3.92752 -2.04527
0.726608 -2.03784
2.8873 -2.02893
1.94781 -2.03323
0.98248 -2.03696
3.98195 -2.0231
1.69911 -2.03426
2.53879 -2.0306
-0.78538 -2.04202
-2.02903 -2.04418
0.153101 -2.03962
3.43767 -2.02611
0.915122 -2.0372
-1.33624 -2.04312
-3.35307 -2.04522
0.440816 -2.03876
-0.809158 -2.04207
-0.998951 -2.04247
0.655571 -2.03807
3.75418 -2.02439
-0.583118 -2.04156
3.61199 -2.02517
1.40616 -2.03541
3.23453 -2.02718
-3.53391 -2.04526
-1.98372 -2.04412
2.34963 -2.03147
-3.50994 -2.04526
2.61041 -2.03026
-3.93927 -2.04527
-1.8207 -2.0439
-2.40969 -2.04461
0.844155 -2.03744
1.34012 -2.03566
-0.853734 -2.04217
-3.86448 -2.04528
-1.6209 -2.0436
2.35249 -2.03146
3.42175 -2.0262
0.435362 -2.03878
-0.938533 -2.04235
-2.8612 -2.04499
-1.74374 -2.04379
-1.45302 -2.04332
-2.53917 -2.04474
-0.843079 -2.04214
2.68562 -2.02991
2.9225 -2.02876
-2.61919 -2.04481
-3.85993 -2.04528
0.533946 -2.03847
-3.58418 -2.04527
-2.45827 -2.04466
-2.31044 -2.04451
0.46342 -2.03869
1.39886 -2.03544
3.18509 -2.02743
-0.648047 -2.04171
-0.179024 -2.04055
1.73712 -2.0341
-1.65007 -2.04364
-1.0694 -2.04261
1.03186 -2.03679
3.37466 -2.02645
1.57107 -2.03477
-3.2185 -2.04518
1.29005 -2.03585
3.27842 -2.02695
3.74927 -2.02442
3.84363 -2.02389
0.295564 -2.0392
0.491955 -2.0386
-1.05685 -2.04259
-2.84646 -2.04498
2.78866 -2.02941
3.04849 -2.02813
2.83312 -2.0292
-1.40559 -2.04324
-3.36915 -2.04523
-3.5066 -2.04526
-2.39292 -2.0446
0.629415 -2.03816
3.18288 -2.02744
3.76605 -2.02432
2.01807 -2.03293
2.76955 -2.0295
-3.27053 -2.0452
2.19098 -2.03218
-2.63627 -2.04482
2.52574 -2.03066
-2.29894 -2.0445
3.32852 -2.02669
-3.8623 -2.04528
-3.40463 -2.04524
0.442324 -2.03875
-2.56525 -2.04476
0.102846 -2.03977
-3.96683 -2.04526
0.277621 -2.03926
-3.7192 -2.04528
-1.46364 -2.04334
-0.843468 -2.04214
-3.37672 -2.04523
-3.91839 -2.04527
1.39678 -2.03545
-2.06489 -2.04423
-3.10321 -2.04513
-1.71601 -2.04374
2.16285 -2.0323
1.61488 -2.03459
1.97286 -2.03312
-2.03593 -2.04419
1.09426 -2.03657
1.32651 -2.03571
-2.06366 -2.04422
-2.41585 -2.04462
-0.335751 -2.04095
3.42815 -2.02616
-1.11797 -2.04271
3.85893 -2.0238
0.914124 -2.0372
-0.667424 -2.04175
-2.48864 -2.04469
1.48107 -2.03512
-1.52039 -2.04343
-0.431283 -2.04119
-3.72407 -2.04528
-2.54387 -2.04474
-2.96092 -2.04505
-0.172452 -2.04053
-0.182024 -2.04055
1.79696 -2.03386
-1.06628 -2.04261
-1.25764 -2.04297
-2.54237 -2.04474
-1.67261 -2.04368
-0.290537 -2.04084
-0.846564 -2.04215
0.477135 -2.03865
3.34528 -2.0266
-0.669112 -2.04176
0.607022 -2.03823
2.95188 -2.02861
1.89505 -2.03345
-0.183043 -2.04056
2.83878 -2.02917
2.87833 -2.02897
3.39944 -2.02631
-3.95137 -2.04526
3.99151 -2.02305
0.348853 -2.03904
-1.59922 -2.04356
2.49837 -2.03079
-2.68263 -2.04486
-2.47663 -2.04468
2.16155 -2.03231
2.63149 -2.03017
-1.88568 -2.04399
-2.85208 -2.04498
-1.12566 -2.04272
-0.270605 -2.04079
0.647056 -2.0381
0.370095 -2.03898
-3.76881 -2.04528
-0.115279 -2.04037
0.802305 -2.03759
0.601354 -2.03825
-3.89768 -2.04527
1.91831 -2.03335
0.228434 -2.0394
-1.82382 -2.0439
3.07416 -2.028
0.968085 -2.03701
-0.290501 -2.04084
0.558138 -2.03839
-3.40312 -2.04524
0.499785 -2.03857
1.52363 -2.03495
0.842828 -2.03745
-3.5088 -2.04526
-0.510414 -2.04138
-3.46418 -2.04525
3.30766 -2.0268
3.56456 -2.02543
-2.4714 -2.04467
3.77505 -2.02427
0.758565 -2.03773
1.08677 -2.03659
0.599217 -2.03826
2.24584 -2.03194
-3.57649 -2.04527
-1.12506 -2.04272
-1.72661 -2.04376
-1.27588 -2.04301
-0.857036 -2.04217
1.7378 -2.0341
-0.917286 -2.0423
-0.712478 -2.04185
-3.39282 -2.04523
-3.97055 -2.04526
-1.18957 -2.04285
0.330028 -2.0391
3.3904 -2.02636
-3.93758 -2.04527
0.455305 -2.03871
-1.18902 -2.04285
-3.46813 -2.04525
-3.86987 -2.04527
0.61735 -2.0382
1.4885 -2.03509
3.41382 -2.02624
-2.11127 -2.04428
-2.94454 -2.04504
0.887241 -2.0373
2.6862 -2.02991
-1.15168 -2.04277
-3.83311 -2.04528
1.75054 -2.03405
-1.01156 -2.0425
-0.276477 -2.0408
3.13864 -2.02767
1.72696 -2.03414
-3.78205 -2.04528
-3.60654 -2.04527
-2.47932 -2.04468
2.04115 -2.03283
-1.90443 -2.04402
-1.77892 -2.04384
-3.02894 -2.04509
-0.100812 -2.04034
0.777855 -2.03767
-1.51816 -2.04343
3.92293 -2.02344
-1.62186 -2.0436
2.26629 -2.03184
2.65186 -2.03007
1.92341 -2.03333
1.55015 -2.03485
1.36332 -2.03557
0.305323 -2.03917
-3.60574 -2.04527
-1.40919 -2.04325
2.92528 -2.02874
2.37132 -2.03137
2.56462 -2.03048
0.621947 -2.03818
2.16219 -2.0323
-2.4999 -2.0447
-0.67462 -2.04177
-1.96124 -2.04409
-3.26553 -2.04519
-2.71139 -2.04488
-0.244368 -2.04072
-1.92866 -2.04405
-0.603534 -2.0416
0.115465 -2.03973
1.07087 -2.03665
2.33059 -2.03156
3.93689 -2.02336
3.33532 -2.02665
-3.25688 -2.04519
-3.91152 -2.04527
-2.8339 -2.04497
-2.41747 -2.04462
-2.45707 -2.04466
1.04269 -2.03675
1.70034 -2.03425
0.934285 -2.03713
-3.74675 -2.04528
-0.684334 -2.04179
2.29272 -2.03173
2.68302 -2.02992
-1.19487 -2.04286
-3.56202 -2.04527
-3.5388 -2.04526
2.46829 -2.03093
0.585418 -2.0383
-0.93389 -2.04234
-1.83663 -2.04392
-1.48204 -2.04337
-1.33384 -2.04311
-0.815377 -2.04208
3.26815 -2.027
-1.25119 -2.04296
-1.29396 -2.04304
-3.45734 -2.04525
1.5743 -2.03476
-3.52351 -2.04526
3.27357 -2.02698
-0.92516 -2.04232
-3.87409 -2.04527
0.484825 -2.03862
-3.65775 -2.04528
1.05656 -2.0367
2.57466 -2.03043
-2.79543 -2.04494
-1.29247 -2.04304
-1.25639 -2.04297
-2.66098 -2.04484
-1.24852 -2.04296
1.07568 -2.03663
3.24621 -2.02712
3.31029 -2.02678
-1.42624 -2.04328
1.57457 -2.03475
-1.61258 -2.04358
1.85557 -2.03361
-3.54109 -2.04526
2.43622 -2.03108
3.2959 -2.02686
3.86748 -2.02375
2.64994 -2.03008
0.601351 -2.03825
3.48306 -2.02587
0.610949 -2.03822
-1.17905 -2.04283
2.99573 -2.02839
-1.84541 -2.04393
-0.883324 -2.04223
-2.33792 -2.04454
-2.77161 -2.04493
-0.493667 -2.04134
-1.12839 -2.04273
2.82389 -2.02924
-3.53819 -2.04526
-0.245396 -2.04072
2.55626 -2.03052
2.971 -2.02852
1.20383 -2.03617
-2.3492 -2.04455
-2.42118 -2.04463
1.69525 -2.03427
-3.22842 -2.04518
-3.76956 -2.04528
1.15629 -2.03634
1.03809 -2.03677
-2.82282 -2.04496
-0.453433 -2.04125
1.69236 -2.03428
-3.62751 -2.04527
-1.81462 -2.04389
0.137496 -2.03967
1.20226 -2.03617
-3.60591 -2.04527
2.29305 -2.03172
0.978998 -2.03698
-0.465635 -2.04128
-2.0282 -2.04418
2.38055 -2.03133
-0.329201 -2.04094
-2.86116 -2.04499
1.6078 -2.03462
-1.21505 -2.04289
2.60749 -2.03028
1.13299 -2.03643
-2.74319 -2.0449
0.545165 -2.03843
-3.11621 -2.04513
-0.586367 -2.04156
-1.74512 -2.04379
-2.43104 -2.04463
3.6842 -2.02478
-0.433781 -2.0412
-2.89262 -2.04501
-1.5282 -2.04345
-3.09295 -2.04512
1.32092 -2.03573
0.886568 -2.0373
0.837578 -2.03747
2.77284 -2.02949
-0.69443 -2.04181
3.98833 -2.02307
-3.34873 -2.04522
-3.83294 -2.04528
-3.15458 -2.04515
-0.001555 -2.04006
-0.346616 -2.04098
-2.53265 -2.04473
-0.440123 -2.04121
2.41817 -2.03116
-2.63363 -2.04482
1.60496 -2.03463
1.50601 -2.03502
-0.000831 -2.04006
-1.45716 -2.04333
-0.889273 -2.04224
-3.38097 -2.04523
0.437888 -2.03877
-1.21433 -2.04289
0.89528 -2.03727
-3.80048 -2.04528
0.179236 -2.03955
3.09002 -2.02792
-1.48627 -2.04338
-2.80229 -2.04495
2.07969 -2.03266
0.057194 -2.0399
3.66469 -2.02488
2.04445 -2.03282
-1.32027 -2.04309
2.53037 -2.03064
2.67365 -2.02996
2.77917 -2.02946
2.83572 -2.02918
1.40223 -2.03542
1.71077 -2.03421
-1.77528 -2.04383
3.46107 -2.02599
3.34445 -2.0266
-1.50696 -2.04341
-3.04103 -2.04509
0.12685 -2.0397
-0.790946 -2.04203
0.220754 -2.03943
2.83344 -2.02919
2.27175 -2.03182
1.85168 -2.03363
3.49847 -2.02579
-0.2113 -2.04063
2.77142 -2.0295
0.126682 -2.0397
-0.009746 -2.04009
-3.28334 -2.0452
3.61713 -2.02514
-0.195883 -2.04059
3.55931 -2.02546
-2.88022 -2.045
-0.546051 -2.04147
-1.84137 -2.04393
2.64205 -2.03012
2.31709 -2.03162
-3.27188 -2.0452
-1.01984 -2.04251
1.60643 -2.03463
0.947162 -2.03709
-1.80604 -2.04388
2.75663 -2.02957
-1.1552 -2.04278
-2.48212 -2.04468
-1.47 -2.04335
-1.22165 -2.04291
1.35099 -2.03562
0.753128 -2.03775
0.814644 -2.03754
-2.08555 -2.04425
3.53184 -2.02561
0.486356 -2.03862
3.6111 -2.02518
-3.18892 -2.04516
-1.99685 -2.04414
-2.149 -2.04433
0.411689 -2.03885
0.261565 -2.0393
2.11988 -2.03249
-2.48222 -2.04468
-2.80839 -2.04495
0.498362 -2.03858
-0.009138 -2.04008
2.7289 -2.0297
1.82197 -2.03375
0.156952 -2.03961
-0.272215 -2.04079
1.87908 -2.03352
-0.9077 -2.04228
1.66157 -2.03441
1.6786 -2.03434
3.39352 -2.02635
1.09234 -2.03657
1.78283 -2.03392
-2.60468 -2.04479
3.65264 -2.02495
2.70328 -2.02982
2.11721 -2.0325
3.08612 -2.02794
0.713836 -2.03788
3.94835 -2.0233
2.23842 -2.03197
-0.698102 -2.04182
2.57999 -2.03041
0.952742 -2.03707
2.27065 -2.03182
-3.39283 -2.04523
-1.2351 -2.04293
3.26301 -2.02703
-2.36632 -2.04457
2.98533 -2.02844
3.90561 -2.02354
3.27571 -2.02696
0.709864 -2.03789
0.728305 -2.03783
-1.82844 -2.04391
3.52555 -2.02564
0.183036 -2.03954
-3.43942 -2.04524
1.22066 -2.03611
3.5828 -2.02533
-3.2008 -2.04517
-3.25241 -2.04519
0.452219 -2.03872
-3.68983 -2.04528
2.29919 -2.0317
2.9385 -2.02868
2.30673 -2.03166
3.22897 -2.02721
-3.72686 -2.04528
0.493353 -2.03859
-0.637422 -2.04168
-1.25525 -2.04297
-0.313167 -2.04089
3.0446 -2.02815
1.97958 -2.03309
0.982239 -2.03697
3.83 -2.02397
-2.95703 -2.04505
-0.760599 -2.04196
2.97967 -2.02847
1.43637 -2.03529
2.03778 -2.03284
-2.0671 -2.04423
-2.00751 -2.04415
2.72573 -2.02972
2.44156 -2.03105
-3.65575 -2.04528
-3.34352 -2.04522
3.11773 -2.02778
-1.4709 -2.04335
1.58207 -2.03472
1.76018 -2.03401
1.36767 -2.03556
-3.5792 -2.04527
3.20726 -2.02732
-1.62327 -2.0436
2.87407 -2.029
0.800507 -2.03759
3.90789 -2.02353
-2.8949 -2.04501
2.90823 -2.02883
-1.88239 -2.04399
3.97084 -2.02317
-3.82934 -2.04528
-3.48446 -2.04525
2.02361 -2.03291
0.300352 -2.03919
-3.86487 -2.04528
1.83873 -2.03368
-3.20704 -2.04517
0.733476 -2.03782
-3.03404 -2.04509
-0.38698 -2.04108
2.47839 -2.03088
2.40237 -2.03123
-0.785007 -2.04202
-0.41692 -2.04116
1.55056 -2.03485
-1.10654 -2.04269
3.05656 -2.02809
0.591907 -2.03828
-1.22798 -2.04292
-3.04648 -2.0451
2.93498 -2.0287
-0.908429 -2.04228
2.05567 -2.03277
3.49262 -2.02582
3.57133 -2.02539
-3.17417 -2.04516
-3.94248 -2.04527
3.63385 -2.02505
-0.920268 -2.04231
2.43461 -2.03108
0.253822 -2.03933
2.5601 -2.0305
-3.05714 -2.0451
1.73039 -2.03413
3.2526 -2.02708
-0.09245 -2.04031
-3.40303 -2.04524
3.39646 -2.02633
1.08956 -2.03658
1.45611 -2.03522
-3.6238 -2.04527
-1.14303 -2.04276
3.25835 -2.02705
0.866752 -2.03737
2.56626 -2.03047
-0.930989 -2.04233
2.22521 -2.03203
-3.78435 -2.04528
2.31759 -2.03161
2.98641 -2.02844
2.17801 -2.03224
-1.92473 -2.04404
2.16775 -2.03228
-3.55448 -2.04527
-1.24038 -2.04294
-2.10772 -2.04428
-2.07673 -2.04424
-3.77718 -2.04528
-2.46429 -2.04467
-2.58765 -2.04478
1.65091 -2.03445
-1.98563 -2.04412
2.9469 -2.02864
3.90185 -2.02356
-0.471836 -2.04129
3.08726 -2.02793
1.49525 -2.03507
3.91641 -2.02348
-1.6967 -2.04372
-1.64721 -2.04364
-1.0848 -2.04264
-3.6337 -2.04528
2.11466 -2.03251
0.61159 -2.03822
-0.921183 -2.04231
1.62879 -2.03454
-2.58065 -2.04477
-0.279362 -2.04081
0.385443 -2.03893
-0.542673 -2.04146
3.78136 -2.02424
-0.567886 -2.04152
1.38574 -2.03549
0.437543 -2.03877
-3.73097 -2.04528
-1.34586 -2.04313
3.39006 -2.02636
3.74023 -2.02447
-2.78816 -2.04494
-0.116599 -2.04038
1.81125 -2.0338
-2.07888 -2.04424
-0.933334 -2.04233
-0.440363 -2.04121
1.99177 -2.03304
-2.48243 -2.04468
0.143356 -2.03965
-0.907992 -2.04228
3.26523 -2.02702
0.192152 -2.03951
