0.69134 -0.48154
-0.567792 -2.9555
2.75998 0.170281
2.5047 0.11509
2.22021 0.0951234
-0.882034 -3.77454
-0.601486 -3.04232
0.270026 -1.09282
-3.10311 -5.25605
0.392048 -0.890124
1.39442 0.0149214
-3.08332 -5.30996
2.04626 0.0925817
-0.176351 -1.99813
1.07973 -0.13449
-1.10484 -4.34816
-0.703682 -3.30789
2.33518 0.0996046
3.67312 0.904722
-3.79598 -2.40146
1.11634 -0.111609
2.79111 0.180394
-1.34603 -4.93169
-3.4041 -4.24515
0.964287 -0.217215
0.008751 -1.5936
-3.87927 -1.93596
-1.91955 -5.9815
0.79369 -0.370652
1.94084 0.0909204
-0.116323 -1.86286
0.474146 -0.765447
1.66982 0.0735248
0.780055 -0.384593
1.04213 -0.159643
0.746978 -0.419469
-0.75472 -3.44133
-3.26465 -4.75796
-0.204095 -2.06188
0.915982 -0.256786
-2.155 -6.20132
1.23023 -0.0501234
3.24126 0.434094
-2.76431 -5.96902
-3.08947 -5.29339
2.27286 0.0967347
-1.09888 -4.33311
3.43541 0.615742
3.55378 0.75027
-1.25195 -4.7106
3.73981 0.999334
-3.24655 -4.8189
0.970077 -0.212672
-1.61889 -5.50631
-3.58805 -3.45251
-0.481879 -2.73647
-1.53933 -5.35069
-1.87637 -5.9256
0.495998 -0.733865
1.0257 -0.171168
-3.18549 -5.01492
1.71106 0.0781037
-1.5381 -5.34818
-3.53477 -3.69554
2.79952 0.183271
-2.85777 -5.81654
0.123329 -1.36321
-0.359819 -2.43273
-1.48686 -5.24231
-3.16932 -5.06437
1.32414 -0.00974021
2.23703 0.0955701
-0.657713 -3.18808
-0.82204 -3.61762
-3.39068 -4.29783
0.39068 -0.892282
2.28272 0.0971123
-1.68132 -5.62045
-2.36978 -6.26155
-2.70324 -6.05091
-1.63226 -5.53137
-3.21245 -4.9302
-2.96575 -5.59873
-1.3792 -5.00723
2.95625 0.248828
3.85824 1.18211
-2.41114 -6.25628
-2.54569 -6.19908
-2.36975 -6.26155
-1.69589 -5.64602
-1.71005 -5.67045
-2.43232 -6.25137
1.45165 0.0317781
-1.66918 -5.59884
1.20467 -0.0626887
-0.289981 -2.26383
-2.6715 -6.08802
1.43084 0.0259698
2.79851 0.182921
-0.294207 -2.27394
3.24057 0.433539
0.909831 -0.262041
1.49689 0.0432071
3.09841 0.329818
-1.9257 -5.98909
1.83484 0.0871999
1.23103 -0.0497447
1.09064 -0.127504
-0.182868 -2.01304
3.15446 0.367889
2.71819 0.157972
0.531925 -0.683411
-2.13875 -6.19106
-3.2592 -4.77645
2.22639 0.0952809
-3.29745 -4.64422
-2.83335 -5.85958
-1.89663 -5.95239
-2.42663 -6.25284
-2.35531 -6.26207
-3.96643 -1.4227
-0.475207 -2.71962
-2.88998 -5.75628
-3.20963 -4.93919
3.2344 0.428538
-3.63154 -3.24608
-0.561864 -2.94028
2.63625 0.137802
-3.74519 -2.67301
1.308 -0.0160559
3.61259 0.824001
-1.7847 -5.79247
-1.60562 -5.48111
-2.77135 -5.95869
1.57783 0.0598426
3.11535 0.340947
0.476583 -0.761892
-0.449519 -2.655
-3.4112 -4.21703
-1.20544 -4.59798
0.918054 -0.255027
2.72356 0.159474
-0.633794 -3.12596
1.94365 0.0909839
1.90736 0.0900438
-2.3551 -6.26207
-2.26385 -6.24975
-1.35482 -4.95185
3.44307 0.623894
2.74734 0.166405
3.50416 0.691635
0.079499 -1.44942
0.981201 -0.204062
-0.489706 -2.75627
-3.68638 -2.97555
-3.47224 -3.96682
-3.55794 -3.59121
3.14236 0.359365
-3.76151 -2.58677
-1.57834 -5.42835
-3.67352 -3.04004
-0.814182 -3.59704
-3.13951 -5.1528
-2.80982 -5.89892
-1.30863 -4.84496
0.792992 -0.37136
-1.41937 -5.09681
2.65309 0.14154
-1.26531 -4.74258
-2.57551 -6.17789
1.91507 0.0902665
-2.28859 -6.2557
-1.26022 -4.7304
1.71934 0.0789192
0.525434 -0.692391
-0.915323 -3.86136
-3.87088 -1.98397
-2.71304 -6.03871
1.73343 0.0802313
0.845183 -0.320276
-0.622682 -3.09715
2.17102 0.0941112
2.26989 0.096626
-2.50102 -6.22498
-2.46633 -6.24032
2.73522 0.162815
3.00816 0.275897
-0.636181 -3.13215
-2.89606 -5.74445
-3.27913 -4.70828
-1.56811 -5.40824
-3.00602 -5.50592
-3.95842 -1.47093
-3.7736 -2.52228
0.587139 -0.609433
3.40193 0.581005
0.598326 -0.59497
-2.64127 -6.11991
1.26896 -0.0323932
2.82687 0.193055
2.78416 0.178064
-0.693513 -3.28135
-3.80775 -2.33721
-1.19982 -4.58423
0.186624 -1.24306
-0.414832 -2.56839
-1.10295 -4.34339
-1.74227 -5.72455
-0.100438 -1.82769
0.204089 -1.21083
0.13817 -1.33457
-3.55096 -3.62285
0.311183 -1.02215
-0.494729 -2.76899
0.509238 -0.715059
-0.606648 -3.05566
-3.49847 -3.85488
-3.57582 -3.50926
0.051082 -1.5066
-3.36746 -4.38733
2.99932 0.271085
-2.07765 -6.14575
0.594509 -0.599885
1.03095 -0.167452
3.64814 0.870807
0.341855 -0.971006
0.587452 -0.609026
-3.62798 -3.26324
-1.66795 -5.59663
-0.568294 -2.95679
-1.84351 -5.88008
-2.4981 -6.22644
0.310542 -1.02324
-0.203931 -2.0615
-1.84723 -5.88537
-0.230146 -2.12242
1.91287 0.0902041
-1.48561 -5.23966
-1.06778 -4.25433
-1.48446 -5.23724
2.34174 0.0999799
1.6834 0.0751305
2.62029 0.134444
-0.646762 -3.15962
3.33646 0.517236
0.630949 -0.553801
0.610876 -0.578955
0.002862 -1.60588
2.44533 0.108152
-1.44821 -5.15979
2.0498 0.092621
0.417918 -0.849813
1.6575 0.0719815
-1.68484 -5.62667
1.05253 -0.152517
-2.03971 -6.11237
-2.8558 -5.82011
2.19429 0.0945413
-1.59365 -5.45812
0.371943 -0.922099
-0.140665 -1.91726
-1.7322 -5.70788
-2.4931 -6.22885
-2.70656 -6.04683
-3.25061 -4.80533
0.24285 -1.14075
2.27904 0.096968
3.07942 0.317726
-1.67719 -5.61314
3.45038 0.631738
0.832129 -0.332709
-0.339147 -2.38233
2.32871 0.0992498
3.762 1.03215
2.5997 0.130373
-3.79574 -2.40276
3.29495 0.479609
-1.82109 -5.8476
0.713475 -0.456331
2.31774 0.0986798
-2.32439 -6.26089
1.84265 0.0875794
-0.63827 -3.13757
3.55392 0.750446
2.35778 0.100961
0.217656 -1.18607
1.88211 0.0892162
-0.040247 -1.69697
-3.72217 -2.79299
-0.804171 -3.57083
3.33877 0.519388
-3.57682 -3.50464
2.89698 0.221276
3.87285 1.20596
3.33386 0.514814
-2.43328 -6.25111
-0.713762 -3.33421
0.74644 -0.420049
2.80349 0.184649
-0.06214 -1.74405
-2.42925 -6.25217
-1.91352 -5.97396
0.547937 -0.661513
2.2464 0.095845
0.48351 -0.751831
-0.773006 -3.48921
1.24634 -0.04256
2.39859 0.103904
0.778456 -0.386245
3.53002 0.721794
2.70571 0.154568
2.07822 0.0929263
-1.74708 -5.73245
-2.22863 -6.238
-1.9057 -5.96406
3.62454 0.839553
-3.87055 -1.98588
0.698204 -0.47365
0.909436 -0.26238
3.95706 1.34896
-1.45294 -5.16999
3.50857 0.696711
0.42961 -0.831903
2.29722 0.0977167
2.91179 0.227833
-2.99727 -5.52662
-0.598964 -3.03581
2.43696 0.107318
0.856644 -0.309549
0.156448 -1.29969
1.70854 0.0778481
2.30416 0.0980278
-2.43902 -6.2495
0.866061 -0.300865
-2.21918 -6.2342
-0.425097 -2.59394
-0.820814 -3.61441
3.6155 0.827769
-0.519877 -2.83289
-1.91729 -5.97869
2.12876 0.0934979
-1.18486 -4.54751
-3.77376 -2.52145
3.77454 1.05098
-2.0122 -6.08573
0.562565 -0.641825
-3.89507 -1.84492
2.96376 0.252575
3.75182 1.01701
-0.424841 -2.5933
-0.28933 -2.26228
-0.370048 -2.45779
3.19995 0.401468
2.04461 0.0925633
-1.52619 -5.32395
0.515542 -0.706192
1.12055 -0.109078
1.1633 -0.0845168
-2.7779 -5.94891
0.769411 -0.395652
-3.85385 -2.08068
-3.92752 -1.6551
0.726608 -0.441696
2.8873 0.217102
1.94781 0.0910753
0.98248 -0.203083
3.98195 1.39302
1.69911 0.0768668
2.53879 0.119944
-0.78538 -3.52161
-2.02903 -6.10227
0.153101 -1.30604
3.43767 0.618142
0.915122 -0.257517
-1.33624 -4.90915
-3.35307 -4.44168
0.440816 -0.814918
-0.809158 -3.58389
-0.998951 -4.07811
0.655571 -0.523722
3.75418 1.02051
-0.583118 -2.99494
3.61199 0.823224
1.40616 0.0186076
3.23453 0.428642
-3.53391 -3.69936
-1.98372 -6.05603
2.34963 0.100451
-3.50994 -3.80507
2.61041 0.132454
-3.93927 -1.58546
-1.8207 -5.84703
-2.40969 -6.25656
0.844155 -0.321247
1.34012 -0.0037302
-0.853734 -3.70057
-3.86448 -2.02045
-1.6209 -5.51011
2.35249 0.100627
3.42175 0.601398
0.435362 -0.823162
-0.938533 -3.92174
-2.8612 -5.81032
-1.74374 -5.72697
-1.45302 -5.17016
-2.53917 -6.2033
-0.843079 -3.67269
2.68562 0.149347
2.9225 0.232711
-2.61919 -6.14112
-3.85993 -2.04627
0.533946 -0.680627
-3.58418 -3.47051
-2.45827 -6.2433
-2.31044 -6.25935
0.46342 -0.781196
1.39886 0.0163286
3.18509 0.390232
-0.648047 -3.16296
-0.179024 -2.00424
1.73712 0.0805594
-1.65007 -5.56425
-1.0694 -4.25847
1.03186 -0.166811
3.37466 0.553776
1.57107 0.0586286
-3.2185 -4.91079
1.29005 -0.023382
3.27842 0.465217
3.74927 1.01325
3.84363 1.15855
0.295564 -1.0487
0.491955 -0.739657
-1.05685 -4.22651
-2.84646 -5.83676
2.78866 0.179568
3.04849 0.298891
2.83312 0.195386
-1.40559 -5.06633
-3.36915 -4.38088
-3.5066 -3.81965
-2.39292 -6.2593
0.629415 -0.555703
3.18288 0.38858
3.76605 1.03821
2.01807 0.092246
2.76955 0.173302
-3.27053 -4.73787
2.19098 0.094475
-2.63627 -6.12487
2.52574 0.118007
-2.29894 -6.25762
3.32852 0.509869
-3.8623 -2.03285
-3.40463 -4.24306
0.442324 -0.812646
-2.56525 -6.18553
0.102846 -1.40319
-3.96683 -1.42026
0.277621 -1.07961
-3.7192 -2.80831
-1.46364 -5.19299
-0.843468 -3.67371
-3.37672 -4.35188
-3.91839 -1.70887
1.39678 0.0156723
-2.06489 -6.13496
-3.10321 -5.25576
-1.71601 -5.68062
2.16285 0.0939777
1.61488 0.0659718
1.97286 0.0915663
-2.03593 -6.10883
1.09426 -0.12522
1.32651 -0.00883372
-2.06366 -6.1339
-2.41585 -6.25532
-0.335751 -2.37408
3.42815 0.608085
-1.11797 -4.38118
3.85893 1.18323
0.914124 -0.258368
-0.667424 -3.21335
-2.48864 -6.23093
1.48107 0.0393918
-1.52039 -5.31207
-0.431283 -2.60937
-3.72407 -2.78316
-2.54387 -6.20027
-2.96092 -5.60944
-0.172452 -1.98923
-0.182024 -2.0111
1.79696 0.0850645
-1.06628 -4.25052
-1.25764 -4.72422
-2.54237 -6.20125
-1.67261 -5.60498
-0.290537 -2.26516
-0.846564 -3.68181
0.477135 -0.761087
3.34528 0.52551
-0.669112 -3.21775
0.607022 -0.583849
2.95188 0.246676
1.89505 0.0896597
-0.183043 -2.01344
2.83878 0.197526
2.87833 0.213317
3.39944 0.57848
-3.95137 -1.51327
3.99151 1.41017
0.348853 -0.959518
-1.59922 -5.46886
2.49837 0.114262
-2.68263 -6.07543
-2.47663 -6.2362
2.16155 0.0939572
2.63149 0.136782
-1.88568 -5.93803
-2.85208 -5.82677
-1.12566 -4.40047
-0.270605 -2.21769
0.647056 -0.534028
0.370095 -0.925067
-3.76881 -2.54792
-0.115279 -1.86054
0.802305 -0.361975
0.601354 -0.591085
-3.89768 -1.82974
1.91831 0.0903561
0.228434 -1.16658
-1.82382 -5.85162
3.07416 0.314448
0.968085 -0.21423
-0.290501 -2.26507
0.558138 -0.647751
-3.40312 -4.24905
0.499785 -0.728461
1.52363 0.0492227
0.842828 -0.322502
-3.5088 -3.81004
-0.510414 -2.80881
-3.46418 -4.00071
3.30766 0.490901
3.56456 0.763442
-2.4714 -6.23834
3.77505 1.05176
0.758565 -0.407081
1.08677 -0.129966
0.599217 -0.593825
2.24584 0.0958281
-3.57649 -3.50615
-1.12506 -4.39897
-1.72661 -5.69852
-1.27588 -4.76774
-0.857036 -3.70921
1.7378 0.0806196
-0.917286 -3.86647
-0.712478 -3.33086
-3.39282 -4.28951
-3.97055 -1.39777
-1.18957 -4.55908
0.330028 -0.990574
3.3904 0.569382
-3.93758 -1.5955
0.455305 -0.79322
-1.18902 -4.55773
-3.46813 -3.98416
-3.86987 -1.98974
0.61735 -0.57078
1.4885 0.0412091
3.41382 0.593172
-2.11127 -6.172
-2.94454 -5.64507
0.887241 -0.281764
2.6862 0.149493
-1.15168 -4.46543
-3.83311 -2.19705
1.75054 0.0817022
-1.01156 -4.11057
-0.276477 -2.23164
3.13864 0.356781
1.72696 0.0796398
-3.78205 -2.47688
-3.60654 -3.36562
-2.47932 -6.23506
2.04115 0.0925241
-1.90443 -5.96244
-1.77892 -5.78345
-3.02894 -5.45026
-0.100812 -1.82852
0.777855 -0.386866
-1.51816 -5.30747
3.92293 1.28987
-1.62186 -5.51191
2.26629 0.0964976
2.65186 0.14126
1.92341 0.0904926
1.55015 0.0546738
1.36332 0.00456832
0.305323 -1.03207
-3.60574 -3.36941
-1.40919 -5.07431
2.92528 0.233995
2.37132 0.101865
2.56462 0.12408
0.621947 -0.565011
2.16219 0.0939672
-2.4999 -6.22554
-0.67462 -3.23209
-1.96124 -6.03112
-3.26553 -4.75497
-2.71139 -6.04079
-0.244368 -2.15574
-1.92866 -5.99271
-0.603534 -3.04761
0.115465 -1.3785
1.07087 -0.140264
2.33059 0.0993514
3.93689 1.31384
3.33532 0.516171
-3.25688 -4.78427
-3.91152 -1.74911
-2.8339 -5.85864
-2.41747 -6.25497
-2.45707 -6.24372
1.04269 -0.159254
1.70034 0.0769971
0.934285 -0.241439
-3.74675 -2.66479
-0.684334 -3.25741
2.29272 0.0975225
2.68302 0.148693
-1.19487 -4.57209
-3.56202 -3.57258
-3.5388 -3.67754
2.46829 0.110619
0.585418 -0.611674
-0.93389 -3.90967
-1.83663 -5.87023
-1.48204 -5.23213
-1.33384 -4.9036
-0.815377 -3.60017
3.26815 0.456444
-1.25119 -4.70876
-1.29396 -4.81051
-3.45734 -4.02924
1.5743 0.0592115
-3.52351 -3.74551
3.27357 0.46106
-0.92516 -3.88697
-3.87409 -1.96563
0.484825 -0.749929
-3.65775 -3.1182
1.05656 -0.14979
2.57466 0.1258
-2.79543 -5.92193
-1.29247 -4.80701
-1.25639 -4.72125
-2.66098 -6.09949
-1.24852 -4.70236
1.07568 -0.137114
3.24621 0.438144
3.31029 0.493263
-1.42624 -5.11192
1.57457 0.0592606
-1.61258 -5.49437
1.85557 0.0881653
-3.54109 -3.66728
2.43622 0.107246
3.2959 0.480443
3.86748 1.19716
2.64994 0.140824
0.601351 -0.591089
3.48306 0.667689
0.610949 -0.578862
-1.17905 -4.53321
2.99573 0.269156
-1.84541 -5.88279
-0.883324 -3.77791
-2.33792 -6.26178
-2.77161 -5.95831
-0.493667 -2.7663
-1.12839 -4.4073
2.82389 0.191958
-3.53819 -3.68028
-0.245396 -2.15816
2.55626 0.122696
2.971 0.256238
1.20383 -0.0631093
-2.3492 -6.26208
-2.42118 -6.25414
1.69525 0.0764517
-3.22842 -4.87865
-3.76956 -2.54392
1.15629 -0.0884044
1.03809 -0.162443
-2.82282 -5.87745
-0.453433 -2.66482
1.69236 0.0761365
-3.62751 -3.2655
-1.81462 -5.83801
0.137496 -1.33586
1.20226 -0.0639102
-3.60591 -3.36857
2.29305 0.0975368
0.978998 -0.205755
-0.465635 -2.6955
-2.0282 -6.10147
2.38055 0.102521
-0.329201 -2.3582
-2.86116 -5.81038
1.6078 0.0648668
-1.21505 -4.62141
2.60749 0.131879
1.13299 -0.101713
-2.74319 -5.99892
0.545165 -0.665278
-3.11621 -5.21948
-0.586367 -3.00331
-1.74512 -5.72924
-2.43104 -6.25171
3.6842 0.92003
-0.433781 -2.61561
-2.89262 -5.75117
-1.5282 -5.32806
-3.09295 -5.28392
1.32092 -0.0109785
0.886568 -0.282361
0.837578 -0.327492
2.77284 0.174356
-0.69443 -3.28374
3.98833 1.40445
-3.34873 -4.45793
-3.83294 -2.19799
-3.15458 -5.10854
-0.001555 -1.61511
-0.346616 -2.4005
-2.53265 -6.20736
-0.440123 -2.63146
2.41817 0.105563
-2.63363 -6.12746
1.60496 0.0644165
1.50601 0.0453192
-0.000831 -1.6136
-1.45716 -5.17909
-0.889273 -3.79344
-3.38097 -4.3355
0.437888 -0.819339
-1.21433 -4.61965
0.89528 -0.274668
-3.80048 -2.37697
0.179236 -1.25681
3.09002 0.324426
-1.48627 -5.24105
-2.80229 -5.91106
2.07969 0.0929419
0.057194 -1.49422
3.66469 0.893185
2.04445 0.0925614
-1.32027 -4.87213
2.53037 0.118683
2.67365 0.146382
2.77917 0.176418
2.83572 0.196366
1.40223 0.0173871
1.71077 0.0780745
-1.77528 -5.77773
3.46107 0.643343
3.34445 0.524724
-1.50696 -5.28434
-3.04103 -5.42008
0.12685 -1.35639
-0.790946 -3.53619
0.220754 -1.18045
2.83344 0.195508
2.27175 0.0966939
1.85168 0.0879945
3.49847 0.685123
-0.2113 -2.07856
2.77142 0.173899
0.126682 -1.35671
-0.009746 -1.6323
-3.28334 -4.69368
3.61713 0.829888
-0.195883 -2.04293
3.55931 0.757013
-2.88022 -5.77495
-0.546051 -2.89974
-1.84137 -5.87704
2.64205 0.139065
2.31709 0.0986473
-3.27188 -4.73327
-1.01984 -4.13182
1.60643 0.0646509
0.947162 -0.230901
-1.80604 -5.82516
2.75663 0.16924
-1.1552 -4.47417
-2.48212 -6.23385
-1.47 -5.20658
-1.22165 -4.63744
1.35099 0.000217372
0.753128 -0.412871
0.814644 -0.349721
-2.08555 -6.1522
3.53184 0.723946
0.486356 -0.747717
3.6111 0.822073
-3.18892 -5.0043
-1.99685 -6.06999
-2.149 -6.19762
0.411689 -0.859433
0.261565 -1.10764
2.11988 0.0933889
-2.48222 -6.23381
-2.80839 -5.90123
0.498362 -0.730489
-0.009138 -1.63102
2.7289 0.16099
1.82197 0.0865307
0.156952 -1.29873
-0.272215 -2.22151
1.87908 0.0891062
-0.9077 -3.8415
1.66157 0.0725015
1.6786 0.074575
3.39352 0.572505
1.09234 -0.126431
1.78283 0.0841336
-2.60468 -6.15409
3.65264 0.876856
2.70328 0.153921
2.11721 0.0933572
3.08612 0.321945
0.713836 -0.455926
3.94835 1.33372
2.23842 0.0956098
-0.698102 -3.29332
2.57999 0.126739
0.952742 -0.2264
2.27065 0.0966536
-3.39283 -4.28945
-1.2351 -4.67002
3.26301 0.452104
-2.36632 -6.26174
2.98533 0.263647
3.90561 1.26047
3.27571 0.462891
0.709864 -0.460397
0.728305 -0.439823
-1.82844 -5.85837
3.52555 0.716515
0.183036 -1.24973
-3.43942 -4.10315
1.22066 -0.0547451
3.5828 0.786083
-3.2008 -4.96717
-3.25241 -4.7993
0.452219 -0.797816
-3.68983 -2.95816
2.29919 0.0978037
2.9385 0.240208
2.30673 0.0981469
3.22897 0.424174
-3.72686 -2.76868
0.493353 -0.737652
-0.637422 -3.13537
-1.25525 -4.71851
-0.313167 -2.31946
3.0446 0.296593
1.97958 0.0916822
0.982239 -0.203267
3.83 1.13681
-2.95703 -5.61798
-0.760599 -3.45672
2.97967 0.260692
1.43637 0.0275489
2.03778 0.0924854
-2.0671 -6.13687
-2.00751 -6.08099
2.72573 0.160088
2.44156 0.107773
-3.65575 -3.12807
-3.34352 -4.47735
3.11773 0.342537
-1.4709 -5.2085
1.58207 0.060588
1.76018 0.082474
1.36767 0.00606665
-3.5792 -3.49363
3.20726 0.407093
-1.62327 -5.51455
2.87407 0.211546
0.800507 -0.363777
3.90789 1.26432
-2.8949 -5.74672
2.90823 0.226238
-1.88239 -5.93366
3.97084 1.37325
-3.82934 -2.218
-3.48446 -3.915
2.02361 0.0923158
0.300352 -1.04053
-3.86487 -2.01825
1.83873 0.0873914
-3.20704 -4.94741
0.733476 -0.434138
-3.03404 -5.43761
-0.38698 -2.49944
2.47839 0.111789
2.40237 0.104211
-0.785007 -3.52063
-0.41692 -2.57358
1.55056 0.0547538
-1.10654 -4.35245
3.05656 0.303706
0.591907 -0.603247
-1.22798 -4.65281
-3.04648 -5.40629
2.93498 0.238538
-0.908429 -3.8434
2.05567 0.0926853
3.49262 0.67846
3.57133 0.7718
-3.17417 -5.04962
-3.94248 -1.56635
3.63385 0.851795
-0.920268 -3.87424
2.43461 0.107089
0.253822 -1.12128
2.5601 0.123328
-3.05714 -5.37897
1.73039 0.0799563
3.2526 0.443416
-0.09245 -1.81011
-3.40303 -4.24941
3.39646 0.575466
1.08956 -0.12819
1.45611 0.0329783
-3.6238 -3.28331
-1.14303 -4.44388
3.25835 0.448199
0.866752 -0.300232
2.56626 0.124358
-0.930989 -3.90213
2.22521 0.0952502
-3.78435 -2.46449
2.31759 0.0986724
2.98641 0.264215
2.17801 0.0942321
-1.92473 -5.9879
2.16775 0.0940567
-3.55448 -3.60693
-1.24038 -4.68278
-2.10772 -6.16938
-2.07673 -6.14499
-3.77718 -2.50306
-2.46429 -6.2411
-2.58765 -6.16835
1.65091 0.0711211
-1.98563 -6.05809
2.9469 0.244249
3.90185 1.25414
-0.471836 -2.71112
3.08726 0.322671
1.49525 0.0428209
3.91641 1.27874
-1.6967 -5.64742
-1.64721 -5.559
-1.0848 -4.29752
-3.6337 -3.2356
2.11466 0.0933272
0.61159 -0.57805
-0.921183 -3.87662
1.62879 0.0680518
-2.58065 -6.17391
-0.279362 -2.2385
0.385443 -0.900566
-0.542673 -2.89109
3.78136 1.06132
-0.567886 -2.95575
1.38574 0.012118
0.437543 -0.81986
-3.73097 -2.74734
-1.34586 -4.93131
3.39006 0.56904
3.74023 0.999951
-2.78816 -5.93326
-0.116599 -1.86347
1.81125 0.0859298
-2.07888 -6.14677
-0.933334 -3.90823
-0.440363 -2.63206
1.99177 0.0918779
-2.48243 -6.23372
0.143356 -1.32463
-0.907992 -3.84226
3.26523 0.45398
0.192152 -1.23281
