0.69134 -0.436413
-0.567792 -4.012
2.75998 -0.144068
2.5047 -0.190814
2.22021 -0.133419
-0.882034 -3.60518
-0.601486 -4.00564
0.270026 -1.75801
-3.10311 -6.89011
0.392048 -1.31278
1.39442 0.238577
-3.08332 -6.91129
2.04626 -0.0525716
-0.176351 -3.39417
1.07973 0.144347
-1.10484 -2.98966
-0.703682 -3.92772
2.33518 -0.169745
3.67312 0.366021
-3.79598 -3.56734
1.11634 0.169747
2.79111 -0.132411
-1.34603 -2.31976
-3.4041 -5.92339
0.964287 0.0339814
0.008751 -2.76326
-3.87927 -3.04429
-1.91955 -2.35819
0.79369 -0.223175
1.94084 0.00577926
-0.116323 -3.20532
0.474146 -1.03771
1.66982 0.154224
0.780055 -0.24896
1.04213 0.113598
0.746978 -0.314845
-0.75472 -3.85764
-3.26465 -6.51123
-0.204095 -3.47488
0.915982 -0.0268924
-2.155 -3.31203
1.23023 0.222428
3.24126 0.121582
-2.76431 -6.4767
-3.08947 -6.90532
2.27286 -0.152059
-1.09888 -3.00745
3.43541 0.242038
3.55378 0.307944
-1.25195 -2.56128
3.73981 0.394425
-3.24655 -6.57106
0.970077 0.0406745
-1.61889 -1.9453
-3.58805 -4.88908
-0.481879 -3.98343
-1.53933 -1.99105
-1.87637 -2.23996
0.495998 -0.968536
1.0257 0.0986248
-3.18549 -6.74151
1.71106 0.133831
-1.5381 -1.99223
-3.53477 -5.21034
2.79952 -0.129065
-2.85777 -6.74895
0.123329 -2.32469
-0.359819 -3.83374
-1.48686 -2.05238
-3.16932 -6.77823
1.32414 0.239323
2.23703 -0.139721
-0.657713 -3.97344
-0.82204 -3.73677
-3.39068 -5.98879
0.39068 -1.31755
2.28272 -0.155185
-1.68132 -1.9527
-2.36978 -4.49184
-2.70324 -6.24349
-1.63226 -1.94358
-3.21245 -6.67236
-2.96575 -6.91845
-1.3792 -2.24503
2.95625 -0.0535962
3.85824 0.437593
-2.41114 -4.73075
-2.54569 -5.48573
-2.36975 -4.49171
-1.69589 -1.96018
-1.71005 -1.96957
-2.43232 -4.85267
1.45165 0.230639
-1.66918 -1.94815
1.20467 0.213869
-0.289981 -3.69411
-2.6715 -6.10716
1.43084 0.23423
2.79851 -0.129472
-0.294207 -3.70359
3.24057 0.121145
0.909831 -0.035301
1.49689 0.22026
3.09841 0.0305516
-1.9257 -2.37659
1.83484 0.0664796
1.23103 0.222665
1.09064 0.152379
-0.182868 -3.41353
3.15446 0.0659488
2.71819 -0.15785
0.531925 -0.858804
-2.13875 -3.23173
-3.2592 -6.52968
2.22639 -0.135773
-3.29745 -6.3925
-2.83335 -6.68846
-1.89663 -2.29303
-2.42663 -4.81996
-2.35531 -4.40837
-3.96643 -2.52178
-0.475207 -3.97852
-2.88998 -6.81654
-3.20963 -6.68005
3.2344 0.117186
-3.63154 -4.61833
-0.561864 -4.0121
2.63625 -0.178182
-3.74519 -3.89249
1.308 0.237953
3.61259 0.337695
-1.7847 -2.0543
-1.60562 -1.94875
-2.77135 -6.50092
1.57783 0.193923
3.11535 0.0411694
0.476583 -1.02991
-0.449519 -3.95601
-3.4112 -5.88815
-1.20544 -2.69261
0.918054 -0.0240937
2.72356 -0.156204
-0.633794 -3.99039
1.94365 0.00417821
1.90736 0.0249436
-2.3551 -4.40714
-2.26385 -3.88889
-1.35482 -2.29934
3.44307 0.246522
2.74734 -0.14847
3.50416 0.281236
0.079499 -2.49449
0.981201 0.0531784
-0.489706 -3.9887
-3.68638 -4.2699
-3.47224 -5.56719
-3.55794 -5.07232
3.14236 0.0582487
-3.76151 -3.78773
-1.57834 -1.96119
-3.67352 -4.35214
-0.814182 -3.75243
-3.13951 -6.83633
-2.80982 -6.62288
-1.30863 -2.41107
0.792992 -0.224476
-1.41937 -2.1636
2.65309 -0.174757
-1.26531 -2.52476
-2.57551 -5.64288
1.91507 0.0205202
-2.28859 -4.0273
-1.26022 -2.53862
1.71934 0.129583
0.525434 -0.878253
-0.915323 -3.52389
-3.87088 -3.09612
-2.71304 -6.28356
1.73343 0.12225
0.845183 -0.132949
-0.622682 -3.99664
2.17102 -0.113269
2.26989 -0.151093
-2.50102 -5.24175
-2.46633 -5.04686
2.73522 -0.152502
3.00816 -0.024136
-0.636181 -3.98892
-2.89606 -6.82772
-3.27913 -6.46042
-1.56811 -1.96767
-3.00602 -6.9389
-3.95842 -2.5684
-3.7736 -3.71029
0.587139 -0.700309
3.40193 0.222136
0.598326 -0.669743
-2.64127 -5.96883
1.26896 0.232066
2.82687 -0.117642
2.78416 -0.135114
-0.693513 -3.93929
-3.80775 -3.49248
-1.19982 -2.70885
0.186624 -2.07842
-0.414832 -3.91667
-1.10295 -2.9953
-1.74227 -1.99884
-0.100438 -3.15244
0.204089 -2.01071
0.13817 -2.26695
-3.55096 -5.11417
0.311183 -1.60387
-0.494729 -3.9918
0.509238 -0.927509
-0.606648 -4.0038
-3.49847 -5.42058
-3.57582 -4.96397
0.051082 -2.60348
-3.36746 -6.0979
2.99932 -0.0292773
-2.07765 -2.94677
0.594509 -0.680113
1.03095 0.103509
3.64814 0.354619
0.341855 -1.49142
0.587452 -0.699447
-3.62798 -4.6407
-1.66795 -1.94777
-0.568294 -4.01197
-1.84351 -2.16309
-2.4981 -5.22546
0.310542 -1.60624
-0.203931 -3.47442
-1.84723 -2.17123
-0.230146 -3.54648
1.91287 0.0217855
-1.48561 -2.05413
-1.06778 -3.09982
-1.48446 -2.05574
2.34174 -0.171315
1.6834 0.14766
2.62029 -0.181058
-0.646762 -3.98179
3.33646 0.181976
0.630949 -0.583649
0.610876 -0.636084
0.002862 -2.78518
2.44533 -0.188153
-1.44821 -2.11191
2.0498 -0.0544444
0.417918 -1.22365
1.6575 0.160039
-1.68484 -1.9543
1.05253 0.122587
-2.03971 -2.78471
-2.8558 -6.74435
2.19429 -0.123113
-1.59365 -1.95333
0.371943 -1.38347
-0.140665 -3.28409
-1.7322 -1.98851
-2.4931 -5.19757
-2.70656 -6.25715
-3.25061 -6.55799
0.24285 -1.86146
2.27904 -0.15403
3.07942 0.0187583
-1.67719 -1.95098
3.45038 0.250771
0.832129 -0.154761
-0.339147 -3.79629
2.32871 -0.168144
3.762 0.403219
2.5997 -0.184227
-3.79574 -3.56886
3.29495 0.155852
-1.82109 -2.11724
0.713475 -0.386429
2.31774 -0.1653
-2.32439 -4.23071
1.84265 0.0620385
-0.63827 -3.98759
3.55392 0.30802
2.35778 -0.174902
0.217656 -1.95829
1.88211 0.0394466
-0.040247 -2.94279
-3.72217 -4.04038
-0.804171 -3.7718
3.33877 0.183413
-3.57682 -4.95787
2.89698 -0.084807
3.87285 0.442284
3.33386 0.180351
-2.43328 -4.85821
-0.713762 -3.91545
0.74644 -0.315956
2.80349 -0.12746
-0.06214 -3.02061
-2.42925 -4.83506
-1.91352 -2.34051
0.547937 -0.811552
2.2464 -0.14309
0.48351 -1.00785
-0.773006 -3.82787
1.24634 0.226912
2.39859 -0.182435
0.778456 -0.252036
3.53002 0.295335
2.70571 -0.161534
2.07822 -0.0692146
-1.74708 -2.00417
-2.22863 -3.69577
-1.9057 -2.31815
3.62454 0.343478
-3.87055 -3.09818
0.698204 -0.420684
0.909436 -0.0358461
3.95706 0.466746
-1.45294 -2.10402
3.50857 0.283665
0.42961 -1.18408
2.29722 -0.159561
2.91179 -0.077282
-2.99727 -6.93648
-0.598964 -4.00646
2.43696 -0.187362
0.856644 -0.114385
0.156448 -2.19578
1.70854 0.135118
2.30416 -0.161562
-2.43902 -4.89111
0.866061 -0.0995398
-2.21918 -3.6449
-0.425097 -3.92938
-0.820814 -3.73924
3.6155 0.339111
-0.519877 -4.00402
-1.91729 -2.35153
2.12876 -0.0940894
-1.18486 -2.75239
-3.77376 -3.7093
3.77454 0.408044
-2.0122 -2.67502
0.562565 -0.769298
-3.89507 -2.94738
2.96376 -0.0494425
3.75182 0.399226
-0.424841 -3.92907
-0.28933 -3.69263
-0.370048 -3.85103
3.19995 0.0950669
2.04461 -0.051699
-1.52619 -2.0042
0.515542 -0.908214
1.12055 0.17239
1.1633 0.196109
-2.7779 -6.52292
0.769411 -0.269644
-3.85385 -3.20202
-3.92752 -2.75117
0.726608 -0.357785
2.8873 -0.0896233
1.94781 0.00181422
0.98248 0.0545863
3.98195 0.473164
1.69911 0.139878
2.53879 -0.189984
-0.78538 -3.8064
-2.02903 -2.74134
0.153101 -2.20881
3.43767 0.243365
0.915122 -0.028059
-1.33624 -2.34296
-3.35307 -6.16275
0.440816 -1.1466
-0.809158 -3.76223
-0.998951 -3.29937
0.655571 -0.521705
3.75418 0.400157
-0.583118 -4.01032
3.61199 0.337402
1.40616 0.237455
3.23453 0.117268
-3.53391 -5.2154
-1.98372 -2.56878
2.34963 -0.173124
-3.50994 -5.355
2.61041 -0.182655
-3.93927 -2.68118
-1.8207 -2.1165
-2.40969 -4.72243
0.844155 -0.134641
1.34012 0.240093
-0.853734 -3.66981
-3.86448 -3.13583
-1.6209 -1.94493
2.35249 -0.173759
3.42175 0.233979
0.435362 -1.16479
-0.938533 -3.46422
-2.8612 -6.75681
-1.74374 -2.00044
-1.45302 -2.10389
-2.53917 -5.4507
-0.843079 -3.69298
2.68562 -0.167026
2.9225 -0.0717198
-2.61919 -5.86293
-3.85993 -3.16411
0.533946 -0.852783
-3.58418 -4.91282
-2.45827 -5.00106
-2.31044 -4.15108
0.46342 -1.07231
1.39886 0.238185
3.18509 0.0855355
-0.648047 -3.98087
-0.179024 -3.40214
1.73712 0.12031
-1.65007 -1.94406
-1.0694 -3.09501
1.03186 0.104347
3.37466 0.205588
1.57107 0.196463
-3.2185 -6.6555
1.29005 0.235707
3.27842 0.145343
3.74927 0.398216
3.84363 0.432764
0.295564 -1.66196
0.491955 -0.981198
-1.05685 -3.13205
-2.84646 -6.7219
2.78866 -0.13337
3.04849 -0.000153552
2.83312 -0.114915
-1.40559 -2.19034
-3.36915 -6.09014
-3.5066 -5.37421
-2.39292 -4.62557
0.629415 -0.587595
3.18288 0.0841164
3.76605 0.404789
2.01807 -0.0374091
2.76955 -0.140607
-3.27053 -6.49089
2.19098 -0.121742
-2.63627 -5.94517
2.52574 -0.190505
-2.29894 -4.08578
3.32852 0.17701
-3.8623 -3.1494
-3.40463 -5.92078
0.442324 -1.14158
-2.56525 -5.58942
0.102846 -2.40423
-3.96683 -2.51943
0.277621 -1.72932
-3.7192 -4.05944
-1.46364 -2.08676
-0.843468 -3.69215
-3.37672 -6.05502
-3.91839 -2.80595
1.39678 0.238373
-2.06489 -2.89091
-3.10321 -6.88999
-1.71601 -1.97416
2.16285 -0.109688
1.61488 0.179023
1.97286 -0.012357
-2.03593 -2.76926
1.09426 0.154954
1.32651 0.239473
-2.06366 -2.8856
-2.41585 -4.7579
-0.335751 -3.78982
3.42815 0.237763
-1.11797 -2.95052
3.85893 0.437818
0.914124 -0.0294164
-0.667424 -3.96521
-2.48864 -5.17265
1.48107 0.224275
-1.52039 -2.01048
-0.431283 -3.9366
-3.72407 -4.02818
-2.54387 -5.47598
-2.96092 -6.91441
-0.172452 -3.38247
-0.182024 -3.41103
1.79696 0.0878007
-1.06628 -3.10425
-1.25764 -2.54567
-2.54237 -5.4679
-1.67261 -1.94928
-0.290537 -3.69536
-0.846564 -3.68548
0.477135 -1.02814
3.34528 0.187469
-0.669112 -3.9637
0.607022 -0.646349
2.95188 -0.0559921
1.89505 0.0320166
-0.183043 -3.41404
2.83878 -0.112413
2.87833 -0.0940066
3.39944 0.220638
-3.95137 -2.60976
3.99151 0.475536
0.348853 -1.4661
-1.59922 -1.95103
2.49837 -0.190779
-2.68263 -6.15606
-2.47663 -5.10514
2.16155 -0.109111
2.63149 -0.179078
-1.88568 -2.26382
-2.85208 -6.73557
-1.12566 -2.92758
-0.270605 -3.64899
0.647056 -0.54283
0.370095 -1.39003
-3.76881 -3.74099
-0.115279 -3.20188
0.802305 -0.207295
0.601354 -0.66156
-3.89768 -2.9314
1.91831 0.0186631
0.228434 -1.91677
-1.82382 -2.12255
3.07416 0.0155141
0.968085 0.0383861
-0.290501 -3.69528
0.558138 -0.781993
-3.40312 -5.92826
0.499785 -0.956732
1.52363 0.212591
0.842828 -0.136831
-3.5088 -5.36156
-0.510414 -4.00007
-3.46418 -5.61128
3.30766 0.163893
3.56456 0.313558
-2.4714 -5.0756
3.77505 0.40824
0.758565 -0.291226
1.08677 0.149575
0.599217 -0.667331
2.24584 -0.142893
-3.57649 -4.95987
-1.12506 -2.92936
-1.72661 -1.98324
-1.27588 -2.49632
-0.857036 -3.66249
1.7378 0.119949
-0.917286 -3.51894
-0.712478 -3.91705
-3.39282 -5.97852
-3.97055 -2.49788
-1.18957 -2.73864
0.330028 -1.53451
3.3904 0.215178
-3.93758 -2.6912
0.455305 -1.09877
-1.18902 -2.74025
-3.46813 -5.58977
-3.86987 -3.10238
0.61735 -0.618984
1.4885 0.222438
3.41382 0.229257
-2.11127 -3.10014
-2.94454 -6.89819
0.887241 -0.0674838
2.6862 -0.166875
-1.15168 -2.85016
-3.83311 -3.33209
1.75054 0.113177
-1.01156 -3.26355
-0.276477 -3.66294
3.13864 0.0558891
1.72696 0.125637
-3.78205 -3.65624
-3.60654 -4.77475
-2.47932 -5.12029
2.04115 -0.049857
-1.90443 -2.3146
-1.77892 -2.04561
-3.02894 -6.9399
-0.100812 -3.1537
0.777855 -0.253195
-1.51816 -2.01298
3.92293 0.457354
-1.62186 -1.94477
2.26629 -0.149911
2.65186 -0.17502
1.92341 0.0157446
1.55015 0.203954
1.36332 0.240206
0.305323 -1.62561
-3.60574 -4.77972
-1.40919 -2.18324
2.92528 -0.0702625
2.37132 -0.17766
2.56462 -0.188209
0.621947 -0.60695
2.16219 -0.109394
-2.4999 -5.2355
-0.67462 -3.95861
-1.96124 -2.4904
-3.26553 -6.50821
-2.71139 -6.27689
-0.244368 -3.58375
-1.92866 -2.38558
-0.603534 -4.00494
0.115465 -2.35526
1.07087 0.137536
2.33059 -0.168614
3.93689 0.461278
3.33532 0.181263
-3.25688 -6.53741
-3.91152 -2.84735
-2.8339 -6.6899
-2.41747 -4.76724
-2.45707 -4.99424
1.04269 0.114094
1.70034 0.139262
0.934285 -0.00275731
-3.74675 -3.88244
-0.684334 -3.94903
2.29272 -0.15823
2.68302 -0.167697
-1.19487 -2.72322
-3.56202 -5.04767
-3.5388 -5.18654
2.46829 -0.189799
0.585418 -0.705058
-0.93389 -3.47634
-1.83663 -2.14845
-1.48204 -2.05917
-1.33384 -2.34874
-0.815377 -3.75007
3.26815 0.138791
-1.25119 -2.56339
-1.29396 -2.44869
-3.45734 -5.64828
1.5743 0.195258
-3.52351 -5.2764
3.27357 0.142253
-0.92516 -3.49888
-3.87409 -3.07626
0.484825 -1.00368
-3.65775 -4.45253
1.05656 0.125971
2.57466 -0.187254
-2.79543 -6.57935
-1.29247 -2.45256
-1.25639 -2.54907
-2.66098 -6.05994
-1.24852 -2.57076
1.07568 0.141271
3.24621 0.124756
3.31029 0.165554
-1.42624 -2.15075
1.57457 0.195156
-1.61258 -1.94673
1.85557 0.0546645
-3.54109 -5.17296
2.43622 -0.187287
3.2959 0.156453
3.86748 0.440576
2.64994 -0.175429
0.601351 -0.661568
3.48306 0.269465
0.610949 -0.63589
-1.17905 -2.76939
2.99573 -0.0313511
-1.84541 -2.16723
-0.883324 -3.60213
-2.33792 -4.30824
-2.77161 -6.50178
-0.493667 -3.99117
-1.12839 -2.91945
2.82389 -0.118925
-3.53819 -5.19016
-0.245396 -3.58639
2.55626 -0.188892
2.971 -0.0454047
1.20383 0.21356
-2.3492 -4.37313
-2.42118 -4.78865
1.69525 0.141809
-3.22842 -6.62681
-3.76956 -3.73619
1.15629 0.192601
1.03809 0.110008
-2.82282 -6.65998
-0.453433 -3.95981
1.69236 0.143245
-3.62751 -4.64366
-1.81462 -2.10501
0.137496 -2.26957
1.20226 0.212968
-3.60591 -4.77861
2.29305 -0.15833
0.978998 0.050739
-0.465635 -3.9708
-2.0282 -2.73801
2.38055 -0.179393
-0.329201 -3.77709
-2.86116 -6.75673
1.6078 0.181995
-1.21505 -2.66501
2.60749 -0.183101
1.13299 0.179878
-2.74319 -6.4006
0.545165 -0.819658
-3.11621 -6.87295
-0.586367 -4.00971
-1.74512 -2.00197
-2.43104 -4.84531
3.6842 0.370946
-0.433781 -3.93943
-2.89262 -6.82145
-1.5282 -2.00209
-3.09295 -6.9017
1.32092 0.239098
0.886568 -0.0684742
0.837578 -0.145569
2.77284 -0.139395
-0.69443 -3.93828
3.98833 0.474752
-3.34873 -6.1819
-3.83294 -3.33315
-3.15458 -6.80852
-0.001555 -2.80157
-0.346616 -3.81021
-2.53265 -5.41546
-0.440123 -3.94637
2.41817 -0.185214
-2.63363 -5.93259
1.60496 0.183167
1.50601 0.217766
-0.000831 -2.79889
-1.45716 -2.0971
-0.889273 -3.58796
-3.38097 -6.03505
0.437888 -1.15635
-1.21433 -2.66707
0.89528 -0.0557953
-3.80048 -3.53871
0.179236 -2.10712
3.09002 0.0253262
-1.48627 -2.05321
-2.80229 -6.60042
2.07969 -0.0699624
0.057194 -2.58013
3.66469 0.36222
2.04445 -0.0516103
-1.32027 -2.3819
2.53037 -0.190349
2.67365 -0.17004
2.77917 -0.137016
2.83572 -0.11377
1.40223 0.237861
1.71077 0.133979
-1.77528 -2.04032
3.46107 0.256944
3.34445 0.186951
-1.50696 -2.02613
-3.04103 -6.93731
0.12685 -2.311
-0.790946 -3.7964
0.220754 -1.94634
2.83344 -0.114773
2.27175 -0.1517
1.85168 0.0568843
3.49847 0.278087
-0.2113 -3.4951
2.77142 -0.139921
0.126682 -2.31165
-0.009746 -2.83182
-3.28334 -6.44518
3.61713 0.339903
-0.195883 -3.45146
3.55931 0.310835
-2.88022 -6.79756
-0.546051 -4.01086
-1.84137 -2.1585
2.64205 -0.177049
2.31709 -0.165126
-3.27188 -6.4862
-1.01984 -3.23984
1.60643 0.18256
0.947162 0.0134367
-1.80604 -2.08949
2.75663 -0.145254
-1.1552 -2.83974
-2.48212 -5.13605
-1.47 -2.07692
-1.22165 -2.6462
1.35099 0.240291
0.753128 -0.302236
0.814644 -0.185103
-2.08555 -2.982
3.53184 0.296311
0.486356 -0.998836
3.6111 0.336967
-3.18892 -6.73326
-1.99685 -2.61684
-2.149 -3.2822
0.411689 -1.24491
0.261565 -1.79009
2.11988 -0.0898606
-2.48222 -5.13661
-2.80839 -6.61868
0.498362 -0.961161
-0.009138 -2.82958
2.7289 -0.154531
1.82197 0.0737689
0.156952 -2.19382
-0.272215 -3.65283
1.87908 0.0411853
-0.9077 -3.54297
1.66157 0.15813
1.6786 0.149995
3.39352 0.217062
1.09234 0.153592
1.78283 0.095625
-2.60468 -5.79132
3.65264 0.356703
2.70328 -0.162225
2.11721 -0.0885789
3.08612 0.0229034
0.713836 -0.385632
3.94835 0.464413
2.23842 -0.140229
-0.698102 -3.93417
2.57999 -0.186686
0.952742 0.0202546
2.27065 -0.151341
-3.39283 -5.97845
-1.2351 -2.60817
3.26301 0.135509
-2.36632 -4.47191
2.98533 -0.0373082
3.90561 0.452318
3.27571 0.143617
0.709864 -0.394437
0.728305 -0.354139
-1.82844 -2.13168
3.52555 0.292924
0.183036 -2.09236
-3.43942 -5.74353
1.22066 0.219434
3.5828 0.322895
-3.2008 -6.70345
-3.25241 -6.55213
0.452219 -1.1089
-3.68983 -4.24781
2.29919 -0.160136
2.9385 -0.0632393
2.30673 -0.162288
3.22897 0.113699
-3.72686 -4.01022
0.493353 -0.976813
-0.637422 -3.98813
-1.25525 -2.55221
-0.313167 -3.74455
3.0446 -0.00250562
1.97958 -0.0161256
0.982239 0.0543215
3.83 0.428133
-2.95703 -6.91091
-0.760599 -3.84833
2.97967 -0.0405259
1.43637 0.233352
2.03778 -0.0480539
-2.0671 -2.90051
-2.00751 -2.65702
2.72573 -0.155527
2.44156 -0.18781
-3.65575 -4.46526
-3.34352 -6.20464
3.11773 0.0426681
-1.4709 -2.07555
1.58207 0.192302
1.76018 0.107992
1.36767 0.240099
-3.5792 -4.94333
3.20726 0.0997604
-1.62327 -1.94454
2.87407 -0.096063
0.800507 -0.210583
3.90789 0.45299
-2.8949 -6.82562
2.90823 -0.0791069
-1.88239 -2.25527
3.97084 0.470343
-3.82934 -3.35581
-3.48446 -5.49947
2.02361 -0.0404198
0.300352 -1.6441
-3.86487 -3.13343
1.83873 0.0642689
-3.20704 -6.68701
0.733476 -0.343105
-3.03404 -6.93907
-0.38698 -3.87778
2.47839 -0.190277
2.40237 -0.183014
-0.785007 -3.80706
-0.41692 -3.91933
1.55056 0.203813
-1.10654 -2.98459
3.05656 0.00474416
0.591907 -0.687217
-1.22798 -2.62822
-3.04648 -6.93543
2.93498 -0.0651213
-0.908429 -3.54116
2.05567 -0.0575371
3.49262 0.274825
3.57133 0.317049
-3.17417 -6.76758
-3.94248 -2.66215
3.63385 0.347916
-0.920268 -3.51137
2.43461 -0.187121
0.253822 -1.81956
2.5601 -0.188591
-3.05714 -6.9305
1.73039 0.123842
3.2526 0.128852
-0.09245 -3.12543
-3.40303 -5.9287
3.39646 0.218839
1.08956 0.151601
1.45611 0.229769
-3.6238 -4.66692
-1.14303 -2.87586
3.25835 0.13253
0.866752 -0.0984649
2.56626 -0.188063
-0.930989 -3.48387
2.22521 -0.135326
-3.78435 -3.64156
2.31759 -0.16526
2.98641 -0.0366907
2.17801 -0.116279
-1.92473 -2.37365
2.16775 -0.111841
-3.55448 -5.09311
-1.24038 -2.59337
-2.10772 -3.08353
-2.07673 -2.94269
-3.77718 -3.68736
-2.46429 -5.03528
-2.58765 -5.70537
1.65091 0.163092
-1.98563 -2.57567
2.9469 -0.058704
3.90185 0.4512
-0.471836 -3.97589
3.08726 0.0236143
1.49525 0.220694
3.91641 0.455477
-1.6967 -1.96065
-1.64721 -1.94377
-1.0848 -3.04935
-3.6337 -4.60468
2.11466 -0.0873457
0.61159 -0.634189
-0.921183 -3.50905
1.62879 0.173029
-2.58065 -5.66946
-0.279362 -3.66971
0.385443 -1.33587
-0.542673 -4.01032
3.78136 0.410626
-0.567886 -4.01199
1.38574 0.239231
0.437543 -1.1575
-3.73097 -3.98383
-1.34586 -2.32015
3.39006 0.21497
3.74023 0.394595
-2.78816 -6.55641
-0.116599 -3.20623
1.81125 0.0798083
-2.07888 -2.95224
-0.933334 -3.47778
-0.440363 -3.94662
1.99177 -0.0229299
-2.48243 -5.13776
0.143356 -2.24676
-0.907992 -3.54225
3.26523 0.136931
0.192152 -2.05697
