0.69134 -1.14373
-0.567792 -1.00399
2.75998 0.338685
2.5047 0.321937
2.22021 0.18204
-0.882034 -1.02623
-0.601486 -0.994561
0.270026 -1.30802
-3.10311 -6.384
0.392048 -1.28796
1.39442 -0.539439
-3.08332 -6.48659
2.04626 0.0510677
-0.176351 -1.19158
1.07973 -0.828407
-1.10484 -1.26633
-0.703682 -0.980356
2.33518 0.251899
3.67312 -0.185387
-3.79598 -2.45402
1.11634 -0.795349
2.79111 0.333176
-1.34603 -1.84145
-3.4041 -4.60535
0.964287 -0.930373
0.008751 -1.27075
-3.87927 -2.10287
-1.91955 -4.66888
0.79369 -1.0701
1.94084 -0.0383147
-0.116323 -1.2206
0.474146 -1.26097
1.66982 -0.283989
0.780055 -1.08044
1.04213 -0.86205
0.746978 -1.10488
-0.75472 -0.983084
-3.26465 -5.46139
-0.204095 -1.17744
0.915982 -0.971585
-2.155 -6.07918
1.23023 -0.691215
3.24126 0.111159
-2.76431 -7.59884
-3.08947 -6.45504
2.27286 0.215997
-1.09888 -1.2566
3.43541 -0.0265607
3.55378 -0.108713
-1.25195 -1.5729
3.73981 -0.224514
-3.24655 -5.5703
0.970077 -0.925365
-1.61889 -2.95966
-3.58805 -3.51184
-0.481879 -1.03607
-1.53933 -2.5825
-1.87637 -4.40545
0.495998 -1.25205
1.0257 -0.876632
-3.18549 -5.92928
1.71106 -0.245886
-1.5381 -2.57694
-3.53477 -3.81775
2.79952 0.331415
-2.85777 -7.39732
0.123329 -1.29985
-0.359819 -1.09501
-1.48686 -2.35618
-3.16932 -6.02163
1.32414 -0.604534
2.23703 0.193226
-0.657713 -0.983799
-0.82204 -0.998835
-3.39068 -4.68798
0.39068 -1.28832
2.28272 0.222001
-1.68132 -3.28222
-2.36978 -7.11082
-2.70324 -7.66564
-1.63226 -3.02687
-3.21245 -5.77263
-2.96575 -7.02778
-1.3792 -1.95044
2.95625 0.278947
3.85824 -0.286357
-2.41114 -7.25846
-2.54569 -7.59199
-2.36975 -7.11073
-1.69589 -3.36057
-1.71005 -3.43771
-2.43232 -7.32629
1.45165 -0.486359
-1.66918 -3.21781
1.20467 -0.714715
-0.289981 -1.13204
-2.6715 -7.67939
1.43084 -0.505661
2.79851 0.331633
-0.294207 -1.12978
3.24057 0.111629
0.909831 -0.976753
1.49689 -0.444369
3.09841 0.204018
-1.9257 -4.70656
1.83484 -0.132663
1.23103 -0.690485
1.09064 -0.818579
-0.182868 -1.1883
3.15446 0.16917
2.71819 0.343554
0.531925 -1.23587
-2.13875 -5.98742
-3.2592 -5.49429
2.22639 0.186189
-3.29745 -5.26192
-2.83335 -7.46116
-1.89663 -4.52874
-2.42663 -7.30859
-2.35531 -7.05466
-3.96643 -1.78297
-0.475207 -1.03897
-2.88998 -7.30156
-3.20963 -5.78916
3.2344 0.115878
-3.63154 -3.27132
-0.561864 -1.00585
2.63625 0.344477
-3.74519 -2.68955
1.308 -0.619459
3.61259 -0.14746
-1.7847 -3.85985
-1.60562 -2.89399
-2.77135 -7.58777
1.57783 -0.369242
3.11535 0.193746
0.476583 -1.26001
-0.449519 -1.05053
-3.4112 -4.56174
-1.20544 -1.46157
0.918054 -0.969839
2.72356 0.343093
-0.633794 -0.987559
1.94365 -0.0358645
1.90736 -0.0677364
-2.3551 -7.05382
-2.26385 -6.65058
-1.35482 -1.86961
3.44307 -0.0319948
2.74734 0.340467
3.50416 -0.0748261
0.079499 -1.2909
0.981201 -0.915707
-0.489706 -1.03275
-3.68638 -2.98158
-3.47224 -4.18957
-3.55794 -3.68334
3.14236 0.176895
-3.76151 -2.61213
-1.57834 -2.76244
-3.67352 -3.04811
-0.814182 -0.996219
-3.13951 -6.1881
-2.80982 -7.51531
-1.30863 -1.7276
0.792992 -1.07064
-1.41937 -2.0925
2.65309 0.345228
-1.26531 -1.60746
-2.57551 -7.63301
1.91507 -0.0609265
-2.28859 -6.76768
-1.26022 -1.59413
1.71934 -0.238253
0.525434 -1.23893
-0.915323 -1.0475
-3.87088 -2.13624
-2.71304 -7.65848
1.73343 -0.225282
0.845183 -1.0298
-0.622682 -0.989728
2.17102 0.147668
2.26989 0.214164
-2.50102 -7.50758
-2.46633 -7.42361
2.73522 0.341924
3.00816 0.254171
-0.636181 -0.987128
-2.89606 -7.28204
-3.27913 -5.37363
-1.56811 -2.71432
-3.00602 -6.85693
-3.95842 -1.81033
-3.7736 -2.55584
0.587139 -1.20754
3.40193 -0.00270668
0.598326 -1.20131
-2.64127 -7.67903
1.26896 -0.655525
2.82687 0.324913
2.78416 0.334543
-0.693513 -0.980663
-3.80775 -2.40174
-1.19982 -1.44904
0.186624 -1.30761
-0.414832 -1.06709
-1.10295 -1.26322
-1.74227 -3.61695
-0.100438 -1.22783
0.204089 -1.30864
0.13817 -1.30223
-3.55096 -3.72361
0.311183 -1.30399
-0.494729 -1.03065
0.509238 -1.2463
-0.606648 -0.993302
-3.49847 -4.03219
-3.57582 -3.58103
0.051082 -1.28362
-3.36746 -4.83123
2.99932 0.258621
-2.07765 -5.63159
0.594509 -1.20345
1.03095 -0.871984
3.64814 -0.169993
0.341855 -1.29917
0.587452 -1.20736
-3.62798 -3.29065
-1.66795 -3.21132
-0.568294 -1.00383
-1.84351 -4.20721
-2.4981 -7.50111
0.310542 -1.30408
-0.203931 -1.17753
-1.84723 -4.22956
-0.230146 -1.16386
1.91287 -0.0628731
-1.48561 -2.35099
-1.06778 -1.20913
-1.48446 -2.34625
2.34174 0.255391
1.6834 -0.27143
2.62029 0.343314
-0.646762 -0.985363
3.33646 0.0441093
0.630949 -1.18225
0.610876 -1.19413
0.002862 -1.26878
2.44533 0.302375
-1.44821 -2.20136
2.0498 0.0539626
0.417918 -1.28059
1.6575 -0.29539
-1.68484 -3.30106
1.05253 -0.852781
-2.03971 -5.40399
-2.8558 -7.40277
2.19429 0.164231
-1.59365 -2.8357
0.371943 -1.29294
-0.140665 -1.20914
-1.7322 -3.56045
-2.4931 -7.48979
-2.70656 -7.66337
-3.25061 -5.54594
0.24285 -1.30914
2.27904 0.219771
3.07942 0.215236
-1.67719 -3.26022
3.45038 -0.0371657
0.832129 -1.04019
-0.339147 -1.10586
2.32871 0.248406
3.762 -0.236868
2.5997 0.341167
-3.79574 -2.45509
3.29495 0.0736129
-1.82109 -4.07351
0.713475 -1.12863
2.31774 0.242352
-2.32439 -6.92718
1.84265 -0.125609
-0.63827 -0.98676
3.55392 -0.108811
2.35778 0.263668
0.217656 -1.30909
1.88211 -0.0901765
-0.040247 -1.25308
-3.72217 -2.80148
-0.804171 -0.993196
3.33877 0.0424643
-3.57682 -3.57534
2.89698 0.302981
3.87285 -0.293272
3.33386 0.0459663
-2.43328 -7.32924
-0.713762 -0.98032
0.74644 -1.10527
2.80349 0.330546
-0.06214 -1.24431
-2.42925 -7.3168
-1.91352 -4.63194
0.547937 -1.22808
2.2464 0.199318
0.48351 -1.25723
-0.773006 -0.985918
1.24634 -0.676381
2.39859 0.283114
0.778456 -1.08164
3.53002 -0.0926114
2.70571 0.344436
2.07822 0.0769239
-1.74708 -3.64413
-2.22863 -6.47498
-1.9057 -4.5841
3.62454 -0.155118
-3.87055 -2.13757
0.698204 -1.1391
0.909436 -0.977084
3.95706 -0.330045
-1.45294 -2.21974
3.50857 -0.0778735
0.42961 -1.27691
2.29722 0.230612
2.91179 0.297429
-2.99727 -6.89544
-0.598964 -0.995195
2.43696 0.299172
0.856644 -1.02058
0.156448 -1.30469
1.70854 -0.248217
2.30416 0.234641
-2.43902 -7.3466
0.866061 -1.01294
-2.21918 -6.42624
-0.425097 -1.06209
-0.820814 -0.998412
3.6155 -0.149332
-0.519877 -1.02062
-1.91729 -4.65504
2.12876 0.116326
-1.18486 -1.41665
-3.77376 -2.55513
3.77454 -0.243696
-2.0122 -5.23686
0.562565 -1.22065
-3.89507 -2.0413
2.96376 0.275565
3.75182 -0.231244
-0.424841 -1.06221
-0.28933 -1.13239
-0.370048 -1.0897
3.19995 0.139277
2.04461 0.0497199
-1.52619 -2.52409
0.515542 -1.24348
1.12055 -0.791532
1.1633 -0.752605
-2.7779 -7.57687
0.769411 -1.08841
-3.85385 -2.20536
-3.92752 -1.9198
0.726608 -1.11945
2.8873 0.306444
1.94781 -0.0322482
0.98248 -0.914594
3.98195 -0.33991
1.69911 -0.256916
2.53879 0.33058
-0.78538 -0.988429
-2.02903 -5.33931
0.153101 -1.30428
3.43767 -0.028167
0.915122 -0.972308
-1.33624 -1.81075
-3.35307 -4.91997
0.440816 -1.27319
-0.809158 -0.994659
-0.998951 -1.12225
0.655571 -1.16704
3.75418 -0.232553
-0.583118 -0.999446
3.61199 -0.147073
1.40616 -0.528554
3.23453 0.11579
-3.53391 -3.82276
-1.98372 -5.06267
2.34963 0.259508
-3.50994 -3.96395
2.61041 0.342374
-3.93927 -1.87746
-1.8207 -4.07123
-2.40969 -7.25364
0.844155 -1.03062
1.34012 -0.589742
-0.853734 -1.01163
-3.86448 -2.16201
-1.6209 -2.96972
2.35249 0.260981
3.42175 -0.0168484
0.435362 -1.27503
-0.938533 -1.06509
-2.8612 -7.38774
-1.74374 -3.62525
-1.45302 -2.22005
-2.53917 -7.58137
-0.843079 -1.00692
2.68562 0.345299
2.9225 0.293219
-2.61919 -7.67047
-3.85993 -2.18047
0.533946 -1.23491
-3.58418 -3.53364
-2.45827 -7.40186
-2.31044 -6.86649
0.46342 -1.26509
1.39886 -0.535326
3.18509 0.149178
-0.648047 -0.985165
-0.179024 -1.19024
1.73712 -0.22189
-1.65007 -3.11804
-1.0694 -1.21148
1.03186 -0.871177
3.37466 0.0167979
1.57107 -0.375513
-3.2185 -5.73705
1.29005 -0.636056
3.27842 0.0852676
3.74927 -0.229824
3.84363 -0.279281
0.295564 -1.30585
0.491955 -1.25375
-1.05685 -1.19369
-2.84646 -7.42785
2.78866 0.333667
3.04849 0.23278
2.83312 0.32326
-1.40559 -2.04253
-3.36915 -4.82079
-3.5066 -3.9838
-2.39292 -7.19585
0.629415 -1.18318
3.18288 0.150643
3.76605 -0.239085
2.01807 0.027731
2.76955 0.337161
-3.27053 -5.42579
2.19098 0.161901
-2.63627 -7.6777
2.52574 0.3275
-2.29894 -6.81505
3.32852 0.0497757
-3.8623 -2.17085
-3.40463 -4.60209
0.442324 -1.27267
-2.56525 -7.62031
0.102846 -1.29602
-3.96683 -1.7816
0.277621 -1.30749
-3.7192 -2.81613
-1.46364 -2.26194
-0.843468 -1.00708
-3.37672 -4.77406
-3.91839 -1.9533
1.39678 -0.537251
-2.06489 -5.55548
-3.10321 -6.38346
-1.71601 -3.47052
2.16285 0.141732
1.61488 -0.334874
1.97286 -0.0105928
-2.03593 -5.38114
1.09426 -0.815317
1.32651 -0.602341
-2.06366 -5.54813
-2.41585 -7.274
-0.335751 -1.10766
3.42815 -0.0214003
-1.11797 -1.28842
3.85893 -0.286688
0.914124 -0.973148
-0.667424 -0.982642
-2.48864 -7.47942
1.48107 -0.459059
-1.52039 -2.49869
-0.431283 -1.05912
-3.72407 -2.79212
-2.54387 -7.58908
-2.96092 -7.04715
-0.172452 -1.19354
-0.182024 -1.18872
1.79696 -0.167069
-1.06628 -1.20698
-1.25764 -1.58745
-2.54237 -7.58665
-1.67261 -3.23594
-0.290537 -1.13174
-0.846564 -1.00841
0.477135 -1.25979
3.34528 0.0378103
-0.669112 -0.982464
0.607022 -1.19635
2.95188 0.280879
1.89505 -0.0786566
-0.183043 -1.18821
2.83878 0.321713
2.87833 0.30953
3.39944 -0.000928414
-3.95137 -1.83479
3.99151 -0.343581
0.348853 -1.29786
-1.59922 -2.86274
2.49837 0.320123
-2.68263 -7.67621
-2.47663 -7.45019
2.16155 0.140781
2.63149 0.344176
-1.88568 -4.46203
-2.85208 -7.41287
-1.12566 -1.30182
-0.270605 -1.1424
0.647056 -1.17238
0.370095 -1.29337
-3.76881 -2.57806
-0.115279 -1.22108
0.802305 -1.0635
0.601354 -1.19959
-3.89768 -2.03125
1.91831 -0.0580714
0.228434 -1.30924
-1.82382 -4.08975
3.07416 0.218285
0.968085 -0.92709
-0.290501 -1.13176
0.558138 -1.22293
-3.40312 -4.61142
0.499785 -1.25043
1.52363 -0.419547
0.842828 -1.03168
-3.5088 -3.97071
-0.510414 -1.0243
-3.46418 -4.23832
3.30766 0.0646119
3.56456 -0.115942
-2.4714 -7.43687
3.77505 -0.243974
0.758565 -1.09643
1.08677 -0.822069
0.599217 -1.2008
2.24584 0.198959
-3.57649 -3.57721
-1.12506 -1.30077
-1.72661 -3.52924
-1.27588 -1.63562
-0.857036 -1.01317
1.7378 -0.221261
-0.917286 -1.0489
-0.712478 -0.98031
-3.39282 -4.67484
-3.97055 -1.76903
-1.18957 -1.4267
0.330028 -1.30122
3.3904 0.00553112
-3.93758 -1.88349
0.455305 -1.26809
-1.18902 -1.42551
-3.46813 -4.21445
-3.86987 -2.14028
0.61735 -1.19035
1.4885 -0.452155
3.41382 -0.0111914
-2.11127 -5.82934
-2.94454 -7.11095
0.887241 -0.995563
2.6862 0.345284
-1.15168 -1.34973
-3.83311 -2.29204
1.75054 -0.209553
-1.01156 -1.13637
-0.276477 -1.13926
3.13864 0.179246
1.72696 -0.231242
-3.78205 -2.51703
-3.60654 -3.40849
-2.47932 -7.4569
2.04115 0.046877
-1.90443 -4.57637
-1.77892 -3.82635
-3.02894 -6.75261
-0.100812 -1.22766
0.777855 -1.0821
-1.51816 -2.48895
3.92293 -0.315777
-1.62186 -2.9745
2.26629 0.211934
2.65186 0.34519
1.92341 -0.0535886
1.55015 -0.394933
1.36332 -0.568256
0.305323 -1.30474
-3.60574 -3.41293
-1.40919 -2.05544
2.92528 0.292103
2.37132 0.270387
2.56462 0.335838
0.621947 -1.18764
2.16219 0.141248
-2.4999 -7.50511
-0.67462 -0.98193
-1.96124 -4.92474
-3.26553 -5.45607
-2.71139 -7.65978
-0.244368 -1.15635
-1.92866 -4.72472
-0.603534 -0.994056
0.115465 -1.29845
1.07087 -0.836364
2.33059 0.249426
3.93689 -0.321714
3.33532 0.0449251
-3.25688 -5.50825
-3.91152 -1.97883
-2.8339 -7.45981
-2.41747 -7.27929
-2.45707 -7.39856
1.04269 -0.86155
1.70034 -0.255783
0.934285 -0.956095
-3.74675 -2.68206
-0.684334 -0.981167
2.29272 0.227966
2.68302 0.34536
-1.19487 -1.43816
-3.56202 -3.65983
-3.5388 -3.79423
2.46829 0.310606
0.585418 -1.20848
-0.93389 -1.06138
-1.83663 -4.16603
-1.48204 -2.33631
-1.33384 -1.8033
-0.815377 -0.996603
3.26815 0.0924712
-1.25119 -1.57095
-1.29396 -1.68552
-3.45734 -4.27976
1.5743 -0.372521
-3.52351 -3.8838
3.27357 0.0886714
-0.92516 -1.05467
-3.87409 -2.12341
0.484825 -1.2567
-3.65775 -3.13085
1.05656 -0.849181
2.57466 0.337577
-2.79543 -7.54478
-1.29247 -1.68133
-1.25639 -1.58426
-2.66098 -7.68075
-1.24852 -1.5642
1.07568 -0.832041
3.24621 0.107738
3.31029 0.0627443
-1.42624 -2.11791
1.57457 -0.372268
-1.61258 -2.92832
1.85557 -0.113966
-3.54109 -3.78088
2.43622 0.298883
3.2959 0.0729433
3.86748 -0.29075
2.64994 0.345125
0.601351 -1.19959
3.48306 -0.0601509
0.610949 -1.19409
-1.17905 -1.40446
2.99573 0.260402
-1.84541 -4.21864
-0.883324 -1.02697
-2.33792 -6.98415
-2.77161 -7.58736
-0.493667 -1.03109
-1.12839 -1.30666
2.82389 0.325678
-3.53819 -3.7978
-0.245396 -1.15581
2.55626 0.334259
2.971 0.27224
1.20383 -0.715479
-2.3492 -7.03024
-2.42118 -7.29131
1.69525 -0.260483
-3.22842 -5.67841
-3.76956 -2.57458
1.15629 -0.759009
1.03809 -0.865639
-2.82282 -7.4863
-0.453433 -1.04873
1.69236 -0.263149
-3.62751 -3.29321
-1.81462 -4.0352
0.137496 -1.30213
1.20226 -0.716929
-3.60591 -3.41194
2.29305 0.228165
0.978998 -0.917624
-0.465635 -1.0432
-2.0282 -5.33426
2.38055 0.274814
-0.329201 -1.11113
-2.86116 -7.38784
1.6078 -0.341444
-1.21505 -1.48344
2.60749 0.342064
1.13299 -0.780227
-2.74319 -7.6279
0.545165 -1.22945
-3.11621 -6.31449
-0.586367 -0.998537
-1.74512 -3.63305
-2.43104 -7.32234
3.6842 -0.19209
-0.433781 -1.05792
-2.89262 -7.29316
-1.5282 -2.53295
-3.09295 -6.43703
1.32092 -0.607508
0.886568 -0.996119
0.837578 -1.03587
2.77284 0.336603
-0.69443 -0.980624
3.98833 -0.342366
-3.34873 -4.94674
-3.83294 -2.29276
-3.15458 -6.10457
-0.001555 -1.26727
-0.346616 -1.10193
-2.53265 -7.57016
-0.440123 -1.05492
2.41817 0.291585
-2.63363 -7.67686
1.60496 -0.344071
1.50601 -0.435902
-0.000831 -1.26752
-1.45716 -2.23629
-0.889273 -1.03047
-3.38097 -4.74784
0.437888 -1.27418
-1.21433 -1.48178
0.89528 -0.988901
-3.80048 -2.43394
0.179236 -1.30703
3.09002 0.209014
-1.48627 -2.35371
-2.80229 -7.53108
2.07969 0.0780934
0.057194 -1.28528
3.66469 -0.180236
2.04445 0.0495829
-1.32027 -1.76203
2.53037 0.328625
2.67365 0.345484
2.77917 0.335476
2.83572 0.322556
1.40223 -0.532198
1.71077 -0.246154
-1.77528 -3.80531
3.46107 -0.0447121
3.34445 0.0384056
-1.50696 -2.4407
-3.04103 -6.69564
0.12685 -1.30044
-0.790946 -0.98972
0.220754 -1.30915
2.83344 0.323173
2.27175 0.215315
1.85168 -0.117462
3.49847 -0.0708847
-0.2113 -1.17371
2.77142 0.336847
0.126682 -1.30042
-0.009746 -1.26441
-3.28334 -5.34803
3.61713 -0.15038
-0.195883 -1.18167
3.55931 -0.112431
-2.88022 -7.33192
-0.546051 -1.0111
-1.84137 -4.19444
2.64205 0.34479
2.31709 0.241988
-3.27188 -5.41766
-1.01984 -1.14606
1.60643 -0.342708
0.947162 -0.945103
-1.80604 -3.98465
2.75663 0.339184
-1.1552 -1.3565
-2.48212 -7.46378
-1.47 -2.28739
-1.22165 -1.49878
1.35099 -0.579684
0.753128 -1.10041
0.814644 -1.05393
-2.08555 -5.67842
3.53184 -0.0938513
0.486356 -1.25607
3.6111 -0.146499
-3.18892 -5.90954
-1.99685 -5.14312
-2.149 -6.04548
0.411689 -1.28246
0.261565 -1.3085
2.11988 0.109544
-2.48222 -7.46403
-2.80839 -7.51835
0.498362 -1.25104
-0.009138 -1.26463
2.7289 0.342586
1.82197 -0.144319
0.156952 -1.30475
-0.272215 -1.14154
1.87908 -0.0928804
-0.9077 -1.04222
1.66157 -0.291616
1.6786 -0.275862
3.39352 0.00330515
1.09234 -0.817049
1.78283 -0.179962
-2.60468 -7.66104
3.65264 -0.172795
2.70328 0.344577
2.11721 0.107496
3.08612 0.211316
0.713836 -1.12838
3.94835 -0.326483
2.23842 0.194138
-0.698102 -0.980491
2.57999 0.338431
0.952742 -0.940317
2.27065 0.214635
-3.39283 -4.67475
-1.2351 -1.53095
3.26301 0.0960621
-2.36632 -7.09762
2.98533 0.265469
3.90561 -0.308205
3.27571 0.0871701
0.709864 -1.13113
0.728305 -1.11825
-1.82844 -4.11719
3.52555 -0.0895535
0.183036 -1.30734
-3.43942 -4.38884
1.22066 -0.700017
3.5828 -0.12805
-3.2008 -5.84073
-3.25241 -5.53513
0.452219 -1.2692
-3.68983 -2.9639
2.29919 0.231765
2.9385 0.286643
2.30673 0.23612
3.22897 0.119605
-3.72686 -2.7784
0.493353 -1.25317
-0.637422 -0.986908
-1.25525 -1.58132
-0.313167 -1.11966
3.0446 0.234921
1.97958 -0.00483605
0.982239 -0.914804
3.83 -0.272535
-2.95703 -7.06254
-0.760599 -0.983884
2.97967 0.268177
1.43637 -0.50053
2.03778 0.0440969
-2.0671 -5.56873
-2.00751 -5.20826
2.72573 0.342892
2.44156 0.300947
-3.65575 -3.14147
-3.34352 -4.97891
3.11773 0.192283
-1.4709 -2.29101
1.58207 -0.365312
1.76018 -0.200705
1.36767 -0.564233
-3.5792 -3.56183
3.20726 0.13436
-1.62327 -2.98156
2.87407 0.310955
0.800507 -1.06488
3.90789 -0.309213
-2.8949 -7.28581
2.90823 0.29879
-1.88239 -4.44199
3.97084 -0.335562
-3.82934 -2.30807
-3.48446 -4.11601
2.02361 0.0323526
0.300352 -1.30533
-3.86487 -2.16044
1.83873 -0.129147
-3.20704 -5.80428
0.733476 -1.11458
-3.03404 -6.72876
-0.38698 -1.08102
2.47839 0.313965
2.40237 0.284793
-0.785007 -0.988346
-0.41692 -1.06607
1.55056 -0.394554
-1.10654 -1.26914
3.05656 0.228291
0.591907 -1.2049
-1.22798 -1.5138
-3.04648 -6.66956
2.93498 0.288118
-0.908429 -1.04272
2.05567 0.0587506
3.49262 -0.0668137
3.57133 -0.120458
-3.17417 -5.99402
-3.94248 -1.86604
3.63385 -0.161025
-0.920268 -1.05105
2.43461 0.29825
0.253822 -1.30883
2.5601 0.335
-3.05714 -6.61777
1.73039 -0.228077
3.2526 0.103306
-0.09245 -1.23138
-3.40303 -4.61197
3.39646 0.00120271
1.08956 -0.819554
1.45611 -0.482216
-3.6238 -3.31342
-1.14303 -1.33335
3.25835 0.0993093
0.866752 -1.01238
2.56626 0.336134
-0.930989 -1.05911
2.22521 0.185398
-3.78435 -2.50656
2.31759 0.242269
2.98641 0.264947
2.17801 0.152693
-1.92473 -4.7006
2.16775 0.145296
-3.55448 -3.70329
-1.24038 -1.54391
-2.10772 -5.80867
-2.07673 -5.62611
-3.77718 -2.53933
-2.46429 -7.41818
-2.58765 -7.64615
1.65091 -0.301492
-1.98563 -5.07438
2.9469 0.283051
3.90185 -0.306532
-0.471836 -1.04044
3.08726 0.210642
1.49525 -0.44589
3.91641 -0.312949
-1.6967 -3.36492
-1.64721 -3.10325
-1.0848 -1.23445
-3.6337 -3.25957
2.11466 0.105529
0.61159 -1.19372
-0.921183 -1.05172
1.62879 -0.321977
-2.58065 -7.63883
-0.279362 -1.13772
0.385443 -1.28967
-0.542673 -1.01227
3.78136 -0.247366
-0.567886 -1.00396
1.38574 -0.547486
0.437543 -1.2743
-3.73097 -2.75831
-1.34586 -1.84093
3.39006 0.0057757
3.74023 -0.224752
-2.78816 -7.55859
-0.116599 -1.22047
1.81125 -0.154057
-2.07888 -5.63891
-0.933334 -1.06094
-0.440363 -1.0548
1.99177 0.005562
-2.48243 -7.46453
0.143356 -1.30298
-0.907992 -1.04242
3.26523 0.0945077
0.192152 -1.30799
