2.19503 2.19503
2.15354 2.15354
1.67382 1.67382
1.55555 1.55555
-3.96398 -3.96398
-2.76322 -2.76322
0.217907 0.217907
-3.31167 -3.31167
1.80275 1.80275
2.01385 2.01385
3.2653 3.2653
-3.63546 -3.63546
1.55976 1.55976
3.42571 3.42571
1.74465 1.74465
-3.09401 -3.09401
2.19722 2.19722
1.65229 1.65229
1.20465 1.20465
0.560423 0.560423
1.32837 1.32837
-3.12682 -3.12682
-0.07753 -0.07753
-1.24551 -1.24551
2.54638 2.54638
3.2003 3.2003
3.74648 3.74648
-1.60647 -1.60647
-2.20945 -2.20945
-3.46762 -3.46762
1.42345 1.42345
3.95827 3.95827
-1.42812 -1.42812
3.08132 3.08132
-3.83995 -3.83995
0.148376 0.148376
1.80807 1.80807
3.32041 3.32041
1.16872 1.16872
-0.177142 -0.177142
-3.98218 -3.98218
2.10451 2.10451
-1.052 -1.052
1.98741 1.98741
-2.37543 -2.37543
3.71197 3.71197
-3.95286 -3.95286
-3.42144 -3.42144
-0.880464 -0.880464
2.55854 2.55854
-2.93486 -2.93486
-3.20525 -3.20525
2.83424 2.83424
0.33312 0.33312
-2.36586 -2.36586
3.72425 3.72425
-1.9277 -1.9277
0.30533 0.30533
-3.86282 -3.86282
-3.98004 -3.98004
-0.649359 -0.649359
-2.44495 -2.44495
3.91039 3.91039
1.3711 1.3711
3.50011 3.50011
3.87377 3.87377
-2.32054 -2.32054
-1.47824 -1.47824
-0.624606 -0.624606
-1.91219 -1.91219
1.9806 1.9806
2.58634 2.58634
-0.075591 -0.075591
0.553494 0.553494
-2.68426 -2.68426
2.41183 2.41183
-1.63304 -1.63304
2.57408 2.57408
1.79224 1.79224
-1.26299 -1.26299
2.23287 2.23287
