2.19503 0.379894
2.15354 0.477515
1.67382 0.382252
1.55555 0.452642
-3.96398 0.477515
-2.76322 0.477515
0.217907 0.477515
-3.31167 0.29111
1.80275 0.477515
2.01385 0.477515
3.2653 0.477515
-3.63546 0.396517
1.55976 0.26698
3.42571 0.477515
1.74465 0.329599
-3.09401 0.477515
2.19722 0.477515
1.65229 0.389361
1.20465 0.477515
0.560423 0.477515
1.32837 0.477515
-3.12682 0.477515
-0.07753 0.477515
-1.24551 0.477515
2.54638 0.477515
3.2003 0.477515
3.74648 0.477515
-1.60647 0.477515
-2.20945 0.477515
-3.46762 0.477515
1.42345 0.477515
3.95827 0.477515
-1.42812 0.477515
3.08132 0.477515
-3.83995 0.477515
0.148376 0.477515
1.80807 0.477515
3.32041 0.477515
1.16872 0.477515
-0.177142 0.477515
-3.98218 0.477515
2.10451 0.477515
-1.052 0.477515
1.98741 0.477515
-2.37543 0.477515
3.71197 0.477515
-3.95286 0.477515
-3.42144 0.477515
-0.880464 0.477515
2.55854 0.477515
-2.93486 0.477515
-3.20525 0.477515
2.83424 0.477515
0.33312 0.477515
-2.36586 0.477515
3.72425 0.477515
-1.9277 0.477515
0.30533 0.477515
-3.86282 0.477515
-3.98004 0.477515
-0.649359 0.477515
-2.44495 0.477515
3.91039 0.477515
1.3711 0.477515
3.50011 0.477515
3.87377 0.477515
-2.32054 0.477515
-1.47824 0.477515
-0.624606 0.477515
-1.91219 0.477515
1.9806 0.477515
2.58634 0.477515
-0.075591 0.477515
0.553494 0.477515
-2.68426 0.477515
2.41183 0.477515
-1.63304 0.477515
2.57408 0.477515
1.79224 0.477515
-1.26299 0.477515
2.23287 0.477515
