0.69134 -2.01113
-0.567792 -3.0943
2.75998 -0.0123328
2.5047 -0.26828
2.22021 -0.551259
-0.882034 -3.34147
-0.601486 -3.1213
0.270026 -2.38836
-3.10311 -4.73491
0.392048 -2.28049
1.39442 -1.35491
-3.08332 -4.72567
2.04626 -0.722922
-0.176351 -2.77245
1.07973 -1.65235
-1.10484 -3.5102
-0.703682 -3.20247
2.33518 -0.437216
3.67312 0.914001
-3.79598 -5.01758
1.11634 -1.61804
2.79111 0.018985
-1.34603 -3.68637
-3.4041 -4.86763
0.964287 -1.76001
0.008751 -2.61526
-3.87927 -5.04603
-1.91955 -4.07626
0.79369 -1.91754
1.94084 -0.826393
-0.116323 -2.72181
0.474146 -2.20726
1.66982 -1.09028
0.780055 -1.93005
1.04213 -1.6875
0.746978 -1.96034
-0.75472 -3.24259
-3.26465 -4.808
-0.204095 -2.79574
0.915982 -1.8048
-2.155 -4.22365
1.23023 -1.5108
3.24126 0.474233
-2.76431 -4.568
-3.08947 -4.72854
2.27286 -0.499082
-1.09888 -3.50576
3.43541 0.67166
3.55378 0.792256
-1.25195 -3.61848
3.73981 0.982078
-3.24655 -4.80002
0.970077 -1.75463
-1.61889 -3.87714
-3.58805 -4.94129
-0.481879 -3.02494
-1.53933 -3.82249
-1.87637 -4.0484
0.495998 -2.18769
1.0257 -1.70284
-3.18549 -4.77271
1.71106 -1.05033
-1.5381 -3.82163
-3.53477 -4.92054
2.79952 0.0274547
-2.85777 -4.61585
0.123329 -2.51646
-0.359819 -2.92514
-1.48686 -3.786
-3.16932 -4.76538
1.32414 -1.42182
2.23703 -0.534597
-0.657713 -3.16609
-0.82204 -3.2951
-3.39068 -4.86203
0.39068 -2.28171
2.28272 -0.4893
-1.68132 -3.91946
-2.36978 -4.35128
-2.70324 -4.536
-1.63226 -3.88625
-3.21245 -4.78484
-2.96575 -4.66943
-1.3792 -3.71006
2.95625 0.185528
3.85824 1.10308
-2.41114 -4.37509
-2.54569 -4.45081
-2.36975 -4.35127
-1.69589 -3.92927
-1.71005 -3.93877
-2.43232 -4.38719
1.45165 -1.30024
-1.66918 -3.91127
1.20467 -1.53494
-0.289981 -2.86739
-2.6715 -4.51914
1.43084 -1.32013
2.79851 0.0264348
-0.294207 -2.8709
3.24057 0.473541
0.909831 -1.8105
1.49689 -1.25689
3.09841 0.329352
-1.9257 -4.0802
1.83484 -0.929986
1.23103 -1.51005
1.09064 -1.64213
-0.182868 -2.77792
3.15446 0.386158
2.71819 -0.0543495
0.531925 -2.15542
-2.13875 -4.21372
-3.2592 -4.8056
2.22639 -0.545133
-3.29745 -4.82231
-2.83335 -4.60348
-1.89663 -4.0615
-2.42663 -4.38395
-2.35531 -4.3429
-3.96643 -5.07449
-0.475207 -3.01953
-2.88998 -4.63203
-3.20963 -4.78358
3.2344 0.467274
-3.63154 -4.95786
-0.561864 -3.08954
2.63625 -0.136603
-3.74519 -4.99964
1.308 -1.43714
3.61259 0.852232
-1.7847 -3.98843
-1.60562 -3.86808
-2.77135 -4.57165
1.57783 -1.17909
3.11535 0.346518
0.476583 -2.20508
-0.449519 -2.99863
-3.4112 -4.87057
-1.20544 -3.58452
0.918054 -1.80289
2.72356 -0.048955
-0.633794 -3.14708
1.94365 -0.823641
1.90736 -0.859163
-2.3551 -4.34277
-2.26385 -4.28917
-1.35482 -3.69267
3.44307 0.67946
2.74734 -0.0250503
3.50416 0.741684
0.079499 -2.55439
0.981201 -1.74428
-0.489706 -3.03129
-3.68638 -4.9783
-3.47224 -4.89558
-3.55794 -4.92962
3.14236 0.373891
-3.76151 -5.00545
-1.57834 -3.84938
-3.67352 -4.97355
-0.814182 -3.28899
-3.13951 -4.75175
-2.80982 -4.59147
-1.30863 -3.65951
0.792992 -1.91818
-1.41937 -3.73856
2.65309 -0.119712
-1.26531 -3.62819
-2.57551 -4.46722
1.91507 -0.851622
-2.28859 -4.30382
-1.26022 -3.62449
1.71934 -1.0423
0.525434 -2.16126
-0.915323 -3.36703
-3.87088 -5.04322
-2.71304 -4.54117
1.73343 -1.02864
0.845183 -1.87019
-0.622682 -3.13822
2.17102 -0.59991
2.26989 -0.50203
-2.50102 -4.42597
-2.46633 -4.40648
2.73522 -0.0372361
3.00816 0.238003
-0.636181 -3.14898
-2.89606 -4.63507
-3.27913 -4.81434
-1.56811 -3.84235
-3.00602 -4.68894
-3.95842 -5.07193
-3.7736 -5.00973
0.587139 -2.10565
3.40193 0.637576
0.598326 -2.09554
-2.64127 -4.50294
1.26896 -1.47416
2.82687 0.0549941
2.78416 0.0119895
-0.693513 -3.19444
-3.80775 -5.02167
-1.19982 -3.5804
0.186624 -2.46141
-0.414832 -2.9703
-1.10295 -3.50879
-1.74227 -3.96029
-0.100438 -2.70835
0.204089 -2.44616
0.13817 -2.50359
-3.55096 -4.9269
0.311183 -2.35211
-0.494729 -3.03536
0.509238 -2.17581
-0.606648 -3.12542
-3.49847 -4.90613
-3.57582 -4.93657
0.051082 -2.57889
-3.36746 -4.85227
2.99932 0.229058
-2.07765 -4.17608
0.594509 -2.09899
1.03095 -1.69794
3.64814 0.888501
0.341855 -2.32501
0.587452 -2.10537
-3.62798 -4.95652
-1.66795 -3.91044
-0.568294 -3.0947
-1.84351 -4.02703
-2.4981 -4.42433
0.310542 -2.35268
-0.203931 -2.7956
-1.84723 -4.02946
-0.230146 -2.81755
1.91287 -0.85378
-1.48561 -3.78512
-1.06778 -3.48252
-1.48446 -3.78432
2.34174 -0.430686
1.6834 -1.07714
2.62029 -0.152607
-0.646762 -3.15739
3.33646 0.570978
0.630949 -2.066
0.610876 -2.08419
0.002862 -2.62031
2.44533 -0.327547
-1.44821 -3.7589
2.0498 -0.719442
0.417918 -2.25747
1.6575 -1.1022
-1.68484 -3.92184
1.05253 -1.67779
-2.03971 -4.15244
-2.8558 -4.61486
2.19429 -0.5769
-1.59365 -3.85989
0.371943 -2.29835
-0.140665 -2.74238
-1.7322 -3.95358
-2.4931 -4.42153
-2.70656 -4.53775
-3.25061 -4.80182
0.24285 -2.41223
2.27904 -0.492957
3.07942 0.310117
-1.67719 -3.91668
3.45038 0.686899
0.832129 -1.88221
-0.339147 -2.9081
2.32871 -0.443639
3.762 1.00474
2.5997 -0.173234
-3.79574 -5.0175
3.29495 0.528784
-1.82109 -4.01237
0.713475 -1.99095
2.31774 -0.454539
-2.32439 -4.32487
1.84265 -0.922372
-0.63827 -3.15064
3.55392 0.792404
2.35778 -0.414746
0.217656 -2.4343
1.88211 -0.883847
-0.040247 -2.65717
-3.72217 -4.99135
-0.804171 -3.28121
3.33877 0.573321
-3.57682 -4.93696
2.89698 0.12569
3.87285 1.11801
3.33386 0.568332
-2.43328 -4.38774
-0.713762 -3.21041
0.74644 -1.96084
2.80349 0.0314479
-0.06214 -2.67582
-2.42925 -4.38544
-1.91352 -4.07238
0.547937 -2.14101
2.2464 -0.525321
0.48351 -2.19888
-0.773006 -3.2569
1.24634 -1.49557
2.39859 -0.374129
0.778456 -1.93152
3.53002 0.768043
2.70571 -0.0668942
2.07822 -0.691465
-1.74708 -3.9635
-2.22863 -4.26815
-1.9057 -4.06735
3.62454 0.864428
-3.87055 -5.04311
0.698204 -2.00487
0.909436 -1.81086
3.95706 1.20409
-1.45294 -3.76223
3.50857 0.746175
0.42961 -2.24705
2.29722 -0.474914
2.91179 0.140631
-2.99727 -4.68473
-0.598964 -3.11928
2.43696 -0.335887
0.856644 -1.85963
0.156448 -2.4877
1.70854 -1.05278
2.30416 -0.468027
-2.43902 -4.391
0.866061 -1.85094
-2.21918 -4.26248
-0.425097 -2.9787
-0.820814 -3.29414
3.6155 0.855201
-0.519877 -3.05571
-1.91729 -4.07481
2.12876 -0.64164
-1.18486 -3.56941
-3.77376 -5.00978
3.77454 1.01755
-2.0122 -4.13517
0.562565 -2.12783
-3.89507 -5.05129
2.96376 0.193123
3.75182 0.994347
-0.424841 -2.97849
-0.28933 -2.86685
-0.370048 -2.93356
3.19995 0.432301
2.04461 -0.724539
-1.52619 -3.81338
0.515542 -2.17015
1.12055 -1.61409
1.1633 -1.57392
-2.7779 -4.57504
0.769411 -1.93981
-3.85385 -5.03747
-3.92752 -5.06195
0.726608 -1.97896
2.8873 0.11592
1.94781 -0.819571
0.98248 -1.74309
3.98195 1.22954
1.69911 -1.06192
2.53879 -0.234206
-0.78538 -3.26657
-2.02903 -4.14575
0.153101 -2.49061
3.43767 0.673964
0.915122 -1.8056
-1.33624 -3.67936
-3.35307 -4.84618
0.440816 -2.23705
-0.809158 -3.28509
-0.998951 -3.43071
0.655571 -2.04366
3.75418 0.996755
-0.583118 -3.1066
3.61199 0.851619
1.40616 -1.34371
3.23453 0.467404
-3.53391 -4.92021
-1.98372 -4.11718
2.34963 -0.422844
-3.50994 -4.91071
2.61041 -0.162508
-3.93927 -5.06577
-1.8207 -4.01211
-2.40969 -4.37427
0.844155 -1.87114
1.34012 -1.40663
-0.853734 -3.31964
-3.86448 -5.04106
-1.6209 -3.87851
2.35249 -0.419997
3.42175 0.657755
0.435362 -2.24192
-0.938533 -3.38478
-2.8612 -4.61758
-1.74374 -3.96127
-1.45302 -3.76228
-2.53917 -4.4472
-0.843079 -3.3114
2.68562 -0.0870674
2.9225 0.151445
-2.61919 -4.49102
-3.85993 -5.03953
0.533946 -2.1536
-3.58418 -4.9398
-2.45827 -4.40192
-2.31044 -4.31669
0.46342 -2.21686
1.39886 -1.35068
3.18509 0.417226
-0.648047 -3.15841
-0.179024 -2.77469
1.73712 -1.02506
-1.65007 -3.89835
-1.0694 -3.48374
1.03186 -1.69709
3.37466 0.609824
1.57107 -1.1856
-3.2185 -4.78755
1.29005 -1.45418
3.27842 0.511982
3.74927 0.991743
3.84363 1.08814
0.295564 -2.36589
0.491955 -2.19131
-1.05685 -3.47433
-2.84646 -4.61013
2.78866 0.0165199
3.04849 0.278804
2.83312 0.0612942
-1.40559 -3.72881
-3.36915 -4.85299
-3.5066 -4.90938
-2.39292 -4.36464
0.629415 -2.06739
3.18288 0.414979
3.76605 1.00888
2.01807 -0.750637
2.76955 -0.00270636
-3.27053 -4.81058
2.19098 -0.580183
-2.63627 -4.50025
2.52574 -0.247248
-2.29894 -4.30993
3.32852 0.562902
-3.8623 -5.04033
-3.40463 -4.86785
0.442324 -2.23571
-2.56525 -4.46159
0.102846 -2.53421
-3.96683 -5.07462
0.277621 -2.38168
-3.7192 -4.99028
-1.46364 -3.76974
-0.843468 -3.31171
-3.37672 -4.85618
-3.91839 -5.05897
1.39678 -1.35266
-2.06489 -4.16815
-3.10321 -4.73496
-1.71601 -3.94276
2.16285 -0.607982
1.61488 -1.14337
1.97286 -0.795013
-2.03593 -4.15007
1.09426 -1.63874
1.32651 -1.41957
-2.06366 -4.16738
-2.41585 -4.37779
-0.335751 -2.90529
3.42815 0.664266
-1.11797 -3.51996
3.85893 1.10378
0.914124 -1.80652
-0.667424 -3.17379
-2.48864 -4.41903
1.48107 -1.27206
-1.52039 -3.80936
-0.431283 -2.98375
-3.72407 -4.99204
-2.54387 -4.4498
-2.96092 -4.66708
-0.172452 -2.76917
-0.182024 -2.77722
1.79696 -0.966889
-1.06628 -3.4814
-1.25764 -3.62261
-2.54237 -4.44897
-1.67261 -3.91359
-0.290537 -2.86785
-0.846564 -3.3141
0.477135 -2.20459
3.34528 0.579946
-0.669112 -3.17513
0.607022 -2.08767
2.95188 0.181114
1.89505 -0.871206
-0.183043 -2.77807
2.83878 0.0669946
2.87833 0.106875
3.39944 0.635043
-3.95137 -5.06967
3.99151 1.23933
0.348853 -2.31881
-1.59922 -3.8637
2.49837 -0.274598
-2.68263 -4.52507
-2.47663 -4.41228
2.16155 -0.609269
2.63149 -0.141377
-1.88568 -4.05443
-2.85208 -4.61298
-1.12566 -3.52568
-0.270605 -2.85129
0.647056 -2.05139
0.370095 -2.29998
-3.76881 -5.00803
-0.115279 -2.72093
0.802305 -1.90963
0.601354 -2.0928
-3.89768 -5.05215
1.91831 -0.848453
0.228434 -2.42486
-1.82382 -4.01416
3.07416 0.30479
0.968085 -1.75648
-0.290501 -2.86782
0.558138 -2.13182
-3.40312 -4.86722
0.499785 -2.18429
1.52363 -1.23122
0.842828 -1.87236
-3.5088 -4.91026
-0.510414 -3.04806
-3.46418 -4.89232
3.30766 0.5417
3.56456 0.803249
-2.4714 -4.40934
3.77505 1.01808
0.758565 -1.94974
1.08677 -1.64576
0.599217 -2.09473
2.24584 -0.525872
-3.57649 -4.93683
-1.12506 -3.52523
-1.72661 -3.94985
-1.27588 -3.63585
-0.857036 -3.3222
1.7378 -1.02439
-0.917286 -3.36854
-0.712478 -3.2094
-3.39282 -4.86292
-3.97055 -5.0758
-1.18957 -3.57287
0.330028 -2.33547
3.3904 0.625848
-3.93758 -5.06522
0.455305 -2.22411
-1.18902 -3.57247
-3.46813 -4.89392
-3.86987 -5.04288
0.61735 -2.07833
1.4885 -1.26493
3.41382 0.649675
-2.11127 -4.19686
-2.94454 -4.65906
0.887241 -1.83139
2.6862 -0.086488
-1.15168 -3.54495
-3.83311 -5.03041
1.75054 -1.01202
-1.01156 -3.44024
-0.276477 -2.85617
3.13864 0.370124
1.72696 -1.03492
-3.78205 -5.0127
-3.60654 -4.94837
-2.47932 -4.4138
2.04115 -0.727943
-1.90443 -4.06653
-1.77892 -3.98461
-3.02894 -4.69993
-0.100812 -2.70867
0.777855 -1.93207
-1.51816 -3.8078
3.92293 1.1692
-1.62186 -3.87917
2.26629 -0.505595
2.65186 -0.120945
1.92341 -0.843467
1.55015 -1.20573
1.36332 -1.38455
0.305323 -2.35728
-3.60574 -4.94807
-1.40919 -3.73136
2.92528 0.154249
2.37132 -0.401267
2.56462 -0.208365
0.621947 -2.07416
2.16219 -0.608637
-2.4999 -4.42534
-0.67462 -3.1795
-1.96124 -4.10291
-3.26553 -4.80838
-2.71139 -4.5403
-0.244368 -2.82942
-1.92866 -4.0821
-0.603534 -3.12294
0.115465 -2.52328
1.07087 -1.66064
2.33059 -0.441774
3.93689 1.18347
3.33532 0.569816
-3.25688 -4.80458
-3.91152 -5.05672
-2.8339 -4.60376
-2.41747 -4.37872
-2.45707 -4.40124
1.04269 -1.68698
1.70034 -1.06073
0.934285 -1.78785
-3.74675 -5.00019
-0.684334 -3.18718
2.29272 -0.479382
2.68302 -0.0896798
-1.19487 -3.57676
-3.56202 -4.93122
-3.5388 -4.92213
2.46829 -0.304641
0.585418 -2.10721
-0.93389 -3.38124
-1.83663 -4.02254
-1.48204 -3.78263
-1.33384 -3.67764
-0.815377 -3.28992
3.26815 0.501545
-1.25119 -3.61792
-1.29396 -3.64893
-3.45734 -4.88954
1.5743 -1.18249
-3.52351 -4.9161
3.27357 0.507056
-0.92516 -3.37456
-3.87409 -5.0443
0.484825 -2.1977
-3.65775 -4.96769
1.05656 -1.67403
2.57466 -0.198316
-2.79543 -4.58408
-1.29247 -3.64785
-1.25639 -3.62171
-2.66098 -4.51352
-1.24852 -3.61598
1.07568 -1.65614
3.24621 0.479262
3.31029 0.544374
-1.42624 -3.74342
1.57457 -1.18223
-1.61258 -3.87284
1.85557 -0.909768
-3.54109 -4.92303
2.43622 -0.336628
3.2959 0.529747
3.86748 1.11252
2.64994 -0.122876
0.601351 -2.0928
3.48306 0.72019
0.610949 -2.08412
-1.17905 -3.56514
2.99573 0.225427
-1.84541 -4.02827
-0.883324 -3.34246
-2.33792 -4.33277
-2.77161 -4.57178
-0.493667 -3.0345
-1.12839 -3.5277
2.82389 0.051997
-3.53819 -4.92189
-0.245396 -2.83028
2.55626 -0.216732
2.971 0.200438
1.20383 -1.53572
-2.3492 -4.33934
-2.42118 -4.38084
1.69525 -1.06566
-3.22842 -4.79197
-3.76956 -5.0083
1.15629 -1.58051
1.03809 -1.69127
-2.82282 -4.59812
-0.453433 -3.00182
1.69236 -1.06846
-3.62751 -4.95634
-1.81462 -4.00812
0.137496 -2.50417
1.20226 -1.53721
-3.60591 -4.94814
2.29305 -0.479048
0.978998 -1.74633
-0.465635 -3.01175
-2.0282 -4.14523
2.38055 -0.392085
-0.329201 -2.89988
-2.86116 -4.61757
1.6078 -1.1502
-1.21505 -3.59156
2.60749 -0.165435
1.13299 -1.60241
-2.74319 -4.557
0.545165 -2.14351
-3.11621 -4.741
-0.586367 -3.1092
-1.74512 -3.96219
-2.43104 -4.38646
3.6842 0.925311
-0.433781 -2.98579
-2.89262 -4.63335
-1.5282 -3.81477
-3.09295 -4.73017
1.32092 -1.42487
0.886568 -1.83201
0.837578 -1.8772
2.77284 0.000595846
-0.69443 -3.19516
3.98833 1.23607
-3.34873 -4.84434
-3.83294 -5.03035
-3.15458 -4.75866
-0.001555 -2.6241
-0.346616 -2.91426
-2.53265 -4.44359
-0.440123 -2.99097
2.41817 -0.354621
-2.63363 -4.49882
1.60496 -1.15294
1.50601 -1.24814
-0.000831 -2.62348
-1.45716 -3.76519
-0.889273 -3.34704
-3.38097 -4.85796
0.437888 -2.23967
-1.21433 -3.59103
0.89528 -1.82396
-3.80048 -5.01915
0.179236 -2.46785
3.09002 0.320854
-1.48627 -3.78558
-2.80229 -4.58761
2.07969 -0.690021
0.057194 -2.57363
3.66469 0.905396
2.04445 -0.724703
-1.32027 -3.66789
2.53037 -0.242623
2.67365 -0.0990828
2.77917 0.00697461
2.83572 0.0639131
1.40223 -1.34746
1.71077 -1.05061
-1.77528 -3.9822
3.46107 0.697785
3.34445 0.579099
-1.50696 -3.80002
-3.04103 -4.70569
0.12685 -2.51341
-0.790946 -3.27091
0.220754 -2.43159
2.83344 0.0616217
2.27175 -0.500182
1.85168 -0.913558
3.49847 0.73589
-0.2113 -2.80178
2.77142 -0.000833935
0.126682 -2.51356
-0.009746 -2.63111
-3.28334 -4.81618
3.61713 0.856867
-0.195883 -2.78885
3.55931 0.7979
-2.88022 -4.62715
-0.546051 -3.07682
-1.84137 -4.02564
2.64205 -0.130793
2.31709 -0.455184
-3.27188 -4.81117
-1.01984 -3.44649
1.60643 -1.15152
0.947162 -1.7759
-1.80604 -4.00249
2.75663 -0.0157044
-1.1552 -3.54755
-2.48212 -4.41537
-1.47 -3.7742
-1.22165 -3.59638
1.35099 -1.39629
0.753128 -1.95472
0.814644 -1.8983
-2.08555 -4.18097
3.53184 0.769895
0.486356 -2.19633
3.6111 0.85071
-3.18892 -4.77426
-1.99685 -4.12549
-2.149 -4.21999
0.411689 -2.26302
0.261565 -2.3958
2.11988 -0.650404
-2.48222 -4.41543
-2.80839 -4.59074
0.498362 -2.18557
-0.009138 -2.63059
2.7289 -0.04359
1.82197 -0.942528
0.156952 -2.48726
-0.272215 -2.85263
1.87908 -0.886805
-0.9077 -3.36119
1.66157 -1.09826
1.6786 -1.08178
3.39352 0.629015
1.09234 -1.64054
1.78283 -0.980632
-2.60468 -4.48314
3.65264 0.893095
2.70328 -0.0693311
2.11721 -0.653033
3.08612 0.316901
0.713836 -1.99062
3.94835 1.19518
2.23842 -0.533218
-0.698102 -3.19806
2.57999 -0.192978
0.952742 -1.77073
2.27065 -0.501275
-3.39283 -4.86293
-1.2351 -3.6062
3.26301 0.496325
-2.36632 -4.34928
2.98533 0.214919
3.90561 1.15149
3.27571 0.50923
0.709864 -1.99424
0.728305 -1.97741
-1.82844 -4.01718
3.52555 0.763484
0.183036 -2.46454
-3.43942 -4.88222
1.22066 -1.51984
3.5828 0.821853
-3.2008 -4.77962
-3.25241 -4.80261
0.452219 -2.22687
-3.68983 -4.97957
2.29919 -0.472955
2.9385 0.167598
2.30673 -0.465472
3.22897 0.461757
-3.72686 -4.99305
0.493353 -2.19006
-0.637422 -3.14996
-1.25525 -3.62088
-0.313167 -2.88662
3.0446 0.274862
1.97958 -0.788427
0.982239 -1.74332
3.83 1.07421
-2.95703 -4.66518
-0.760599 -3.2472
2.97967 0.209193
1.43637 -1.31484
2.03778 -0.731263
-2.0671 -4.16953
-2.00751 -4.13222
2.72573 -0.0467711
2.44156 -0.3313
-3.65575 -4.96695
-3.34352 -4.84212
3.11773 0.34893
-1.4709 -3.77483
1.58207 -1.17501
1.76018 -1.00266
1.36767 -1.38041
-3.5792 -4.93788
3.20726 0.439721
-1.62327 -3.88013
2.87407 0.102578
0.800507 -1.91128
3.90789 1.15382
-2.8949 -4.63448
2.90823 0.137042
-1.88239 -4.05229
3.97084 1.21818
-3.82934 -5.02912
-3.48446 -4.90051
2.02361 -0.745194
0.300352 -2.36166
-3.86487 -5.0412
1.83873 -0.926193
-3.20704 -4.78242
0.733476 -1.97269
-3.03404 -4.70236
-0.38698 -2.94748
2.47839 -0.294552
2.40237 -0.370365
-0.785007 -3.26627
-0.41692 -2.97201
1.55056 -1.20534
-1.10654 -3.51147
3.05656 0.286976
0.591907 -2.10134
-1.22798 -3.60101
-3.04648 -4.70828
2.93498 0.164046
-0.908429 -3.36175
2.05567 -0.713664
3.49262 0.729923
3.57133 0.810159
-3.17417 -4.76759
-3.94248 -5.0668
3.63385 0.873925
-0.920268 -3.37082
2.43461 -0.338237
0.253822 -2.4026
2.5601 -0.212884
-3.05714 -4.71333
1.73039 -1.03158
3.2526 0.485755
-0.09245 -2.70158
-3.40303 -4.86718
3.39646 0.632008
1.08956 -1.64314
1.45611 -1.29596
-3.6238 -4.95494
-1.14303 -3.53855
3.25835 0.491593
0.866752 -1.85031
2.56626 -0.206718
-0.930989 -3.37902
2.22521 -0.546306
-3.78435 -5.01351
2.31759 -0.454686
2.98641 0.216014
2.17801 -0.593007
-1.92473 -4.07958
2.16775 -0.603146
-3.55448 -4.92827
-1.24038 -3.61006
-2.10772 -4.19467
-2.07673 -4.17551
-3.77718 -5.01099
-2.46429 -4.40532
-2.58765 -4.47386
1.65091 -1.10857
-1.98563 -4.11839
2.9469 0.176085
3.90185 1.14765
-0.471836 -3.01679
3.08726 0.318061
1.49525 -1.25846
3.91641 1.16253
-1.6967 -3.92981
-1.64721 -3.8964
-1.0848 -3.49525
-3.6337 -4.95868
2.11466 -0.655552
0.61159 -2.08354
-0.921183 -3.37152
1.62879 -1.12994
-2.58065 -4.47003
-0.279362 -2.85857
0.385443 -2.28636
-0.542673 -3.0741
3.78136 1.02452
-0.567886 -3.09438
1.38574 -1.36319
0.437543 -2.23997
-3.73097 -4.99453
-1.34586 -3.68626
3.39006 0.625499
3.74023 0.982509
-2.78816 -4.58034
-0.116599 -2.72204
1.81125 -0.952974
-2.07888 -4.17684
-0.933334 -3.38081
-0.440363 -2.99116
1.99177 -0.776462
-2.48243 -4.41554
0.143356 -2.49908
-0.907992 -3.36142
3.26523 0.498586
0.192152 -2.45659
