0.69134 -1.09679
-0.567792 -3.56896
2.75998 0.425193
2.5047 0.218559
2.22021 0.0483942
-0.882034 -3.3074
-0.601486 -3.56531
0.270026 -2.04305
-3.10311 -6.56608
0.392048 -1.73424
1.39442 -0.322371
-3.08332 -6.58314
2.04626 -0.0292217
-0.176351 -3.15208
1.07973 -0.568261
-1.10484 -2.91442
-0.703682 -3.51564
2.33518 0.109443
3.67312 0.830384
-3.79598 -3.87253
1.11634 -0.533079
2.79111 0.452803
-1.34603 -2.50676
-3.4041 -5.78294
0.964287 -0.693729
0.008751 -2.72721
-3.87927 -3.44838
-1.91955 -2.78935
0.79369 -0.926309
1.94084 -0.071286
-0.116323 -3.02511
0.474146 -1.54004
1.66982 -0.180714
0.780055 -0.947618
1.04213 -0.606607
0.746978 -1.00109
-0.75472 -3.47043
-3.26465 -6.2594
-0.204095 -3.20632
0.915982 -0.753475
-2.155 -3.61446
1.23023 -0.43582
3.24126 0.810183
-2.76431 -6.22682
-3.08947 -6.57834
2.27286 0.0751851
-1.09888 -2.92563
3.43541 0.874601
3.55378 0.870244
-1.25195 -2.64929
3.73981 0.793226
-3.24655 -6.30787
0.970077 -0.686869
-1.61889 -2.34393
-3.58805 -4.94432
-0.481879 -3.54868
-1.53933 -2.34322
-1.87637 -2.68083
0.495998 -1.49062
1.0257 -0.624099
-3.18549 -6.44592
1.71106 -0.162967
-1.5381 -2.34356
-3.53477 -5.20481
2.79952 0.46031
-2.85777 -6.44932
0.123329 -2.43023
-0.359819 -3.44747
-1.48686 -2.36635
-3.16932 -6.47564
1.32414 -0.367574
2.23703 0.0567542
-0.657713 -3.54499
-0.82204 -3.39233
-3.39068 -5.83596
0.39068 -1.73758
2.28272 0.0804145
-1.68132 -2.37722
-2.36978 -4.59776
-2.70324 -6.03619
-1.63226 -2.34856
-3.21245 -6.38993
-2.96575 -6.58808
-1.3792 -2.46467
2.95625 0.600147
3.85824 0.703768
-2.41114 -4.79494
-2.54569 -5.41569
-2.36975 -4.59765
-1.69589 -2.38933
-1.71005 -2.40271
-2.43232 -4.89541
1.45165 -0.288742
-1.66918 -2.36839
1.20467 -0.456163
-0.289981 -3.35359
-2.6715 -5.92468
1.43084 -0.300662
2.79851 0.459405
-0.294207 -3.35996
3.24057 0.809818
0.909831 -0.761414
1.49689 -0.263934
3.09841 0.717018
-1.9257 -2.80599
1.83484 -0.112703
1.23103 -0.435202
1.09064 -0.557556
-0.182868 -3.16509
3.15446 0.757258
2.71819 0.388659
0.531925 -1.41159
-2.13875 -3.54663
-3.2592 -6.27435
2.22639 0.0514473
-3.29745 -6.16319
-2.83335 -6.39988
-1.89663 -2.72993
-2.42663 -4.86847
-2.35531 -4.52875
-3.96643 -3.02467
-0.475207 -3.54532
-2.88998 -6.50459
-3.20963 -6.39616
3.2344 0.806475
-3.63154 -4.72478
-0.561864 -3.56893
2.63625 0.319611
-3.74519 -4.1362
1.308 -0.378625
3.61259 0.855001
-1.7847 -2.49985
-1.60562 -2.34065
-2.77135 -6.24662
1.57783 -0.222946
3.11535 0.729617
0.476583 -1.53448
-0.449519 -3.53
-3.4112 -5.75437
-1.20544 -2.72937
0.918054 -0.750818
2.72356 0.39331
-0.633794 -3.55577
1.94365 -0.0701865
1.90736 -0.0843519
-2.3551 -4.52773
-2.26385 -4.0977
-1.35482 -2.49513
3.44307 0.875373
2.74734 0.414065
3.50416 0.87634
0.079499 -2.54542
0.981201 -0.673866
-0.489706 -3.55229
-3.68638 -4.44224
-3.47224 -5.49415
-3.55794 -5.0929
3.14236 0.748933
-3.76151 -4.05125
-1.57834 -2.33794
-3.67352 -4.50892
-0.814182 -3.40245
-3.13951 -6.52264
-2.80982 -6.34628
-1.30863 -2.5597
0.792992 -0.92739
-1.41937 -2.42069
2.65309 0.333471
-1.26531 -2.62728
-2.57551 -5.54454
1.91507 -0.0813474
-2.28859 -4.21286
-1.26022 -2.63562
1.71934 -0.159478
0.525434 -1.42566
-0.915323 -3.25504
-3.87088 -3.49042
-2.71304 -6.06895
1.73343 -0.153593
0.845183 -0.849602
-0.622682 -3.55971
2.17102 0.0249429
2.26989 0.0736221
-2.50102 -5.21543
-2.46633 -5.05524
2.73522 0.403456
3.00816 0.644714
-0.636181 -3.55484
-2.89606 -6.51373
-3.27913 -6.21823
-1.56811 -2.3383
-3.00602 -6.60502
-3.95842 -3.06248
-3.7736 -3.98845
0.587139 -1.29581
3.40193 0.86956
0.598326 -1.27321
-2.64127 -5.81149
1.26896 -0.406494
2.82687 0.484796
2.78416 0.446614
-0.693513 -3.52309
-3.80775 -3.81183
-1.19982 -2.73937
0.186624 -2.26256
-0.414832 -3.50337
-1.10295 -2.91797
-1.74227 -2.43913
-0.100438 -2.98953
0.204089 -2.21632
0.13817 -2.39099
-3.55096 -5.12684
0.311183 -1.93673
-0.494729 -3.55443
0.509238 -1.46116
-0.606648 -3.56418
-3.49847 -5.37528
-3.57582 -5.00505
0.051082 -2.61921
-3.36746 -5.92441
2.99932 0.637242
-2.07765 -3.30431
0.594509 -1.28089
1.03095 -0.618464
3.64814 0.841624
0.341855 -1.85881
0.587452 -1.29517
-3.62798 -4.74292
-1.66795 -2.36756
-0.568294 -3.56895
-1.84351 -2.60816
-2.4981 -5.20205
0.310542 -1.93838
-0.203931 -3.20601
-1.84723 -2.61596
-0.230146 -3.25441
1.91287 -0.0822073
-1.48561 -2.36712
-1.06778 -2.98401
-1.48446 -2.36783
2.34174 0.113227
1.6834 -0.174799
2.62029 0.30665
-0.646762 -3.55031
3.33646 0.852108
0.630949 -1.209
0.610876 -1.24821
0.002862 -2.74201
2.44533 0.177583
-1.44821 -2.39429
2.0498 -0.0277669
0.417918 -1.67167
1.6575 -0.186143
-1.68484 -2.37999
1.05253 -0.59577
-2.03971 -3.16502
-2.8558 -6.44556
2.19429 0.0358635
-1.59365 -2.3388
0.371943 -1.78366
-0.140665 -3.07809
-1.7322 -2.42686
-2.4931 -5.17913
-2.70656 -6.04735
-3.25061 -6.29729
0.24285 -2.11412
2.27904 0.0784516
3.07942 0.702489
-1.67719 -2.37409
3.45038 0.875975
0.832129 -0.868493
-0.339147 -3.42228
2.32871 0.105752
3.762 0.778647
2.5997 0.290205
-3.79574 -3.87377
3.29495 0.836111
-1.82109 -2.56356
0.713475 -1.05784
2.31774 0.0995613
-2.32439 -4.38167
1.84265 -0.109632
-0.63827 -3.55399
3.55392 0.870217
2.35778 0.122608
0.217656 -2.18046
1.88211 -0.0941931
-0.040247 -2.84833
-3.72217 -4.25612
-0.804171 -3.41497
3.33877 0.852887
-3.57682 -5.0001
2.89698 0.547706
3.87285 0.690888
3.33386 0.851214
-2.43328 -4.89997
-0.713762 -3.50773
0.74644 -1.00198
2.80349 0.463854
-0.06214 -2.90077
-2.42925 -4.88091
-1.91352 -2.77332
0.547937 -1.3773
2.2464 0.0614862
0.48351 -1.51874
-0.773006 -3.4512
1.24634 -0.42341
2.39859 0.147435
0.778456 -0.950145
3.53002 0.873936
2.70571 0.377894
2.07822 -0.0159364
-1.74708 -2.44528
-2.22863 -3.93659
-1.9057 -2.75295
3.62454 0.850849
-3.87055 -3.49209
0.698204 -1.08459
0.909436 -0.761927
3.95706 0.610013
-1.45294 -2.39041
3.50857 0.876049
0.42961 -1.6438
2.29722 0.08823
2.91179 0.560911
-2.99727 -6.60298
-0.598964 -3.5658
2.43696 0.172052
0.856644 -0.833322
0.156448 -2.34256
1.70854 -0.164036
2.30416 0.0920257
-2.43902 -4.92707
0.866061 -0.820157
-2.21918 -3.89406
-0.425097 -3.51196
-0.820814 -3.39393
3.6155 0.854023
-0.519877 -3.56291
-1.91729 -2.78331
2.12876 0.00584409
-1.18486 -2.76623
-3.77376 -3.98765
3.77454 0.769941
-2.0122 -3.06992
0.562565 -1.34648
-3.89507 -3.3698
2.96376 0.606697
3.75182 0.785467
-0.424841 -3.51175
-0.28933 -3.3526
-0.370048 -3.45911
3.19995 0.786565
2.04461 -0.0298964
-1.52619 -2.34734
0.515542 -1.44728
1.12055 -0.529164
1.1633 -0.490852
-2.7779 -6.2646
0.769411 -0.964548
-3.85385 -3.57629
-3.92752 -3.21069
0.726608 -1.03528
2.8873 0.539044
1.94781 -0.0685598
0.98248 -0.672386
3.98195 0.584218
1.69911 -0.168045
2.53879 0.243428
-0.78538 -3.43732
-2.02903 -3.12751
0.153101 -2.35143
3.43767 0.874844
0.915122 -0.754581
-1.33624 -2.52008
-3.35307 -5.97697
0.440816 -1.61732
-0.809158 -3.40878
-0.998951 -3.11102
0.655571 -1.1622
3.75418 0.783907
-0.583118 -3.5681
3.61199 0.855201
1.40616 -0.315253
3.23453 0.806545
-3.53391 -5.20891
-1.98372 -2.97699
2.34963 0.117818
-3.50994 -5.32211
2.61041 0.298719
-3.93927 -3.15393
-1.8207 -2.56283
-2.40969 -4.78808
0.844155 -0.851076
1.34012 -0.356885
-0.853734 -3.34909
-3.86448 -3.52262
-1.6209 -2.34454
2.35249 0.119496
3.42175 0.87287
0.435362 -1.63018
-0.938533 -3.21667
-2.8612 -6.45575
-1.74374 -2.44099
-1.45302 -2.39034
-2.53917 -5.38695
-0.843079 -3.36406
2.68562 0.360746
2.9225 0.57043
-2.61919 -5.7248
-3.85993 -3.54555
0.533946 -1.40723
-3.58418 -4.96357
-2.45827 -5.01757
-2.31044 -4.31563
0.46342 -1.56467
1.39886 -0.319667
3.18509 0.777354
-0.648047 -3.54972
-0.179024 -3.15744
1.73712 -0.152063
-1.65007 -2.35682
-1.0694 -2.98096
1.03186 -0.617491
3.37466 0.863486
1.57107 -0.226218
-3.2185 -6.37628
1.29005 -0.39124
3.27842 0.828734
3.74927 0.787139
3.84363 0.716277
0.295564 -1.97687
0.491955 -1.49968
-1.05685 -3.00445
-2.84646 -6.42722
2.78866 0.450621
3.04849 0.67799
2.83312 0.490408
-1.40559 -2.43486
-3.36915 -5.91812
-3.5066 -5.33768
-2.39292 -4.70818
0.629415 -1.21196
3.18288 0.77595
3.76605 0.775872
2.01807 -0.0406903
2.76955 0.433652
-3.27053 -6.24292
2.19098 0.0342873
-2.63627 -5.79213
2.52574 0.233798
-2.29894 -4.26144
3.32852 0.849333
-3.8623 -3.53362
-3.40463 -5.78082
0.442324 -1.61378
-2.56525 -5.50072
0.102846 -2.48422
-3.96683 -3.02277
0.277621 -2.0233
-3.7192 -4.27158
-1.46364 -2.38208
-0.843468 -3.36352
-3.37672 -5.88964
-3.91839 -3.25511
1.39678 -0.320931
-2.06489 -3.25644
-3.10321 -6.56598
-1.71601 -2.40882
2.16285 0.0211798
1.61488 -0.205442
1.97286 -0.0587104
-2.03593 -3.15167
1.09426 -0.554049
1.32651 -0.365973
-2.06366 -3.25188
-2.41585 -4.81733
-0.335751 -3.41792
3.42815 0.873737
-1.11797 -2.88979
3.85893 0.703167
0.914124 -0.755865
-0.667424 -3.53972
-2.48864 -5.15865
1.48107 -0.272445
-1.52039 -2.34951
-0.431283 -3.51684
-3.72407 -4.24623
-2.54387 -5.40769
-2.96092 -6.58476
-0.172452 -3.14422
-0.182024 -3.16341
1.79696 -0.127727
-1.06628 -2.98681
-1.25764 -2.63987
-2.54237 -5.40106
-1.67261 -2.37077
-0.290537 -3.35443
-0.846564 -3.35921
0.477135 -1.53322
3.34528 0.855026
-0.669112 -3.53875
0.607022 -1.25585
2.95188 0.596326
1.89505 -0.0891509
-0.183043 -3.16544
2.83878 0.495488
2.87833 0.531008
3.39944 0.869078
-3.95137 -3.09601
3.99151 0.574105
0.348853 -1.84121
-1.59922 -2.33953
2.49837 0.214052
-2.68263 -5.96468
-2.47663 -5.10316
2.16155 0.0205834
2.63149 0.315727
-1.88568 -2.703
-2.85208 -6.43838
-1.12566 -2.8754
-0.270605 -3.32327
0.647056 -1.17822
0.370095 -1.78823
-3.76881 -4.01335
-0.115279 -3.02279
0.802305 -0.913064
0.601354 -1.26715
-3.89768 -3.35684
1.91831 -0.0800846
0.228434 -2.15204
-1.82382 -2.56879
3.07416 0.698392
0.968085 -0.689222
-0.290501 -3.35438
0.558138 -1.35575
-3.40312 -5.78688
0.499785 -1.48215
1.52363 -0.24994
0.842828 -0.852983
-3.5088 -5.32742
-0.510414 -3.56015
-3.46418 -5.5299
3.30766 0.841398
3.56456 0.868099
-2.4714 -5.07887
3.77505 0.769577
0.758565 -0.982068
1.08677 -0.561332
0.599217 -1.27142
2.24584 0.0612036
-3.57649 -5.00172
-1.12506 -2.87651
-1.72661 -2.42039
-1.27588 -2.61024
-0.857036 -3.34437
1.7378 -0.151779
-0.917286 -3.25185
-0.712478 -3.50877
-3.39282 -5.82763
-3.97055 -3.0053
-1.18957 -2.75774
0.330028 -1.88871
3.3904 0.867206
-3.93758 -3.16206
0.455305 -1.58345
-1.18902 -2.75873
-3.46813 -5.51246
-3.86987 -3.49549
0.61735 -1.23546
1.4885 -0.268423
3.41382 0.871658
-2.11127 -3.43507
-2.94454 -6.57144
0.887241 -0.791234
2.6862 0.361236
-1.15168 -2.82697
-3.83311 -3.68177
1.75054 -0.146524
-1.01156 -3.08814
-0.276477 -3.33265
3.13864 0.746334
1.72696 -0.15629
-3.78205 -3.94462
-3.60654 -4.85161
-2.47932 -5.11562
2.04115 -0.0313143
-1.90443 -2.7497
-1.77892 -2.49073
-3.02894 -6.606
-0.100812 -2.99037
0.777855 -0.951096
-1.51816 -2.35041
3.92293 0.64406
-1.62186 -2.34484
2.26629 0.0717404
2.65186 0.332453
1.92341 -0.0780978
1.55015 -0.236514
1.36332 -0.341807
0.305323 -1.95176
-3.60574 -4.85564
-1.40919 -2.43107
2.92528 0.572892
2.37132 0.130699
2.56462 0.262906
0.621947 -1.22646
2.16219 0.020876
-2.4999 -5.21029
-0.67462 -3.53549
-1.96124 -2.90777
-3.26553 -6.25696
-2.71139 -6.0635
-0.244368 -3.27945
-1.92866 -2.8141
-0.603534 -3.56488
0.115465 -2.45099
1.07087 -0.577088
2.33059 0.10682
3.93689 0.630338
3.33532 0.851717
-3.25688 -6.28061
-3.91152 -3.28869
-2.8339 -6.40106
-2.41747 -4.82502
-2.45707 -5.01196
1.04269 -0.606016
1.70034 -0.167522
0.934285 -0.730299
-3.74675 -4.12805
-0.684334 -3.52935
2.29272 0.0857868
2.68302 0.358541
-1.19487 -2.74822
-3.56202 -5.07291
-3.5388 -5.18551
2.46829 0.193073
0.585418 -1.29931
-0.93389 -3.22446
-1.83663 -2.59404
-1.48204 -2.36935
-1.33384 -2.52341
-0.815377 -3.40093
3.26815 0.823874
-1.25119 -2.65056
-1.29396 -2.58189
-3.45734 -5.5599
1.5743 -0.224654
-3.52351 -5.25837
3.27357 0.826467
-0.92516 -3.23895
-3.87409 -3.47431
0.484825 -1.51576
-3.65775 -4.59033
1.05656 -0.591618
2.57466 0.27062
-2.79543 -6.31072
-1.29247 -2.58419
-1.25639 -2.64191
-2.66098 -5.88605
-1.24852 -2.65502
1.07568 -0.572275
3.24621 0.812807
3.31029 0.84245
-1.42624 -2.41399
1.57457 -0.224522
-1.61258 -2.3422
1.85557 -0.104564
-3.54109 -5.1745
2.43622 0.171564
3.2959 0.836516
3.86748 0.695664
2.64994 0.330861
0.601351 -1.26715
3.48306 0.877056
0.610949 -1.24807
-1.17905 -2.77675
2.99573 0.634193
-1.84541 -2.61214
-0.883324 -3.30543
-2.33792 -4.44589
-2.77161 -6.24732
-0.493667 -3.55399
-1.12839 -2.8703
2.82389 0.482127
-3.53819 -5.18845
-0.245396 -3.28123
2.55626 0.256542
2.971 0.612977
1.20383 -0.456839
-2.3492 -4.4996
-2.42118 -4.84267
1.69525 -0.169697
-3.22842 -6.35304
-3.76956 -4.00946
1.15629 -0.49696
1.03809 -0.610861
-2.82282 -6.37661
-0.453433 -3.53258
1.69236 -0.170935
-3.62751 -4.74531
-1.81462 -2.55145
0.137496 -2.39277
1.20226 -0.458125
-3.60591 -4.85474
2.29305 0.0859687
0.978998 -0.676423
-0.465635 -3.54005
-2.0282 -3.12462
2.38055 0.136294
-0.329201 -3.40936
-2.86116 -6.45568
1.6078 -0.208735
-1.21505 -2.71243
2.60749 0.296387
1.13299 -0.51774
-2.74319 -6.16463
0.545165 -1.38319
-3.11621 -6.55223
-0.586367 -3.56775
-1.74512 -2.44276
-2.43104 -4.88935
3.6842 0.824922
-0.433781 -3.51876
-2.89262 -6.5086
-1.5282 -2.34663
-3.09295 -6.57542
1.32092 -0.369755
0.886568 -0.792139
0.837578 -0.860562
2.77284 0.436559
-0.69443 -3.52244
3.98833 0.577485
-3.34873 -5.9925
-3.83294 -3.68263
-3.15458 -6.50015
-0.001555 -2.75307
-0.346616 -3.43164
-2.53265 -5.35803
-0.440123 -3.52346
2.41817 0.159841
-2.63363 -5.78183
1.60496 -0.210058
1.50601 -0.259107
-0.000831 -2.75126
-1.45716 -2.38704
-0.889273 -3.2963
-3.38097 -5.87346
0.437888 -1.62422
-1.21433 -2.7137
0.89528 -0.780502
-3.80048 -3.84932
0.179236 -2.28215
3.09002 0.71065
-1.48627 -2.36671
-2.80229 -6.32793
2.07969 -0.0153188
0.057194 -2.60342
3.66469 0.834344
2.04445 -0.0299649
-1.32027 -2.54264
2.53037 0.237198
2.67365 0.350636
2.77917 0.442185
2.83572 0.492742
1.40223 -0.317623
1.71077 -0.163089
-1.77528 -2.48511
3.46107 0.87662
3.34445 0.854758
-1.50696 -2.3554
-3.04103 -6.60398
0.12685 -2.42093
-0.790946 -3.43086
0.220754 -2.17229
2.83344 0.4907
2.27175 0.0746014
1.85168 -0.106086
3.49847 0.876642
-0.2113 -3.2199
2.77142 0.4353
0.126682 -2.42137
-0.009746 -2.77349
-3.28334 -6.20588
3.61713 0.853465
-0.195883 -3.19058
3.55931 0.869179
-2.88022 -6.48907
-0.546051 -3.56786
-1.84137 -2.60374
2.64205 0.324358
2.31709 0.0991974
-3.27188 -6.23912
-1.01984 -3.07302
1.60643 -0.209371
0.947162 -0.71439
-1.80604 -2.53592
2.75663 0.422238
-1.1552 -2.82047
-2.48212 -5.12857
-1.47 -2.37745
-1.22165 -2.70092
1.35099 -0.349762
0.753128 -0.990953
0.814644 -0.894383
-2.08555 -3.33443
3.53184 0.873704
0.486356 -1.5123
3.6111 0.855495
-3.18892 -6.43924
-1.99685 -3.01914
-2.149 -3.58929
0.411689 -1.68663
0.261565 -2.06511
2.11988 0.00193854
-2.48222 -5.12903
-2.80839 -6.34286
0.498362 -1.48533
-0.009138 -2.77198
2.7289 0.397948
1.82197 -0.117781
0.156952 -2.34123
-0.272215 -3.32586
1.87908 -0.0953741
-0.9077 -3.26732
1.66157 -0.18434
1.6786 -0.176879
3.39352 0.867873
1.09234 -0.555908
1.78283 -0.133394
-2.60468 -5.66616
3.65264 0.83971
2.70328 0.375812
2.11721 0.000773244
3.08612 0.70766
0.713836 -1.05722
3.94835 0.61886
2.23842 0.057454
-0.698102 -3.51979
2.57999 0.274749
0.952742 -0.707596
2.27065 0.0740216
-3.39283 -5.82757
-1.2351 -2.67773
3.26301 0.821365
-2.36632 -4.58128
2.98533 0.625319
3.90561 0.660702
3.27571 0.827473
0.709864 -1.06412
0.728305 -1.03239
-1.82844 -2.57774
3.52555 0.874472
0.183036 -2.27207
-3.43942 -5.63712
1.22066 -0.44334
3.5828 0.863803
-3.2008 -6.41511
-3.25241 -6.29254
0.452219 -1.59063
-3.68983 -4.42433
2.29919 0.0893063
2.9385 0.584573
2.30673 0.0934425
3.22897 0.803475
-3.72686 -4.23167
0.493353 -1.49654
-0.637422 -3.55434
-1.25525 -2.64381
-0.313167 -3.38749
3.0446 0.674838
1.97958 -0.0560566
0.982239 -0.672665
3.83 0.727599
-2.95703 -6.58189
-0.760599 -3.46442
2.97967 0.620454
1.43637 -0.29746
2.03778 -0.0326941
-2.0671 -3.26467
-2.00751 -3.05423
2.72573 0.395196
2.44156 0.175087
-3.65575 -4.60065
-3.34352 -6.01093
3.11773 0.731359
-1.4709 -2.37682
1.58207 -0.220908
1.76018 -0.142577
1.36767 -0.33904
-3.5792 -4.98831
3.20726 0.790963
-1.62327 -2.34529
2.87407 0.527187
0.800507 -0.915814
3.90789 0.65854
-2.8949 -6.51201
2.90823 0.557744
-1.88239 -2.69508
3.97084 0.595826
-3.82934 -3.701
-3.48446 -5.43924
2.02361 -0.0384531
0.300352 -1.96453
-3.86487 -3.52067
1.83873 -0.111172
-3.20704 -6.40179
0.733476 -1.02364
-3.03404 -6.60536
-0.38698 -3.47713
2.47839 0.200034
2.40237 0.149804
-0.785007 -3.43775
-0.41692 -3.50516
1.55056 -0.236311
-1.10654 -2.91122
3.05656 0.684479
0.591907 -1.28614
-1.22798 -2.68994
-3.04648 -6.6025
2.93498 0.581472
-0.908429 -3.26616
2.05567 -0.0253438
3.49262 0.87687
3.57133 0.866601
-3.17417 -6.46702
-3.94248 -3.13851
3.63385 0.847372
-0.920268 -3.24699
2.43461 0.170505
0.253822 -2.08536
2.5601 0.259462
-3.05714 -6.59857
1.73039 -0.154856
3.2526 0.816128
-0.09245 -2.97135
-3.40303 -5.78724
3.39646 0.868481
1.08956 -0.558607
1.45611 -0.286227
-3.6238 -4.76417
-1.14303 -2.84301
3.25835 0.819047
0.866752 -0.819199
2.56626 0.264165
-0.930989 -3.2293
2.22521 0.0508611
-3.78435 -3.93272
2.31759 0.0994784
2.98641 0.626247
2.17801 0.0281883
-1.92473 -2.80333
2.16775 0.0234302
-3.55448 -5.10975
-1.24038 -2.66873
-2.10772 -3.42096
-2.07673 -3.30082
-3.77718 -3.96986
-2.46429 -5.04572
-2.58765 -5.59575
1.65091 -0.189075
-1.98563 -2.98304
2.9469 0.591963
3.90185 0.664253
-0.471836 -3.54352
3.08726 0.70854
1.49525 -0.264808
3.91641 0.650387
-1.6967 -2.39005
-1.64721 -2.35533
-1.0848 -2.95207
-3.6337 -4.71371
2.11466 -0.00034019
0.61159 -1.2468
-0.921183 -3.24549
1.62879 -0.199049
-2.58065 -5.56632
-0.279362 -3.3372
0.385443 -1.7504
-0.542673 -3.56744
3.78136 0.765064
-0.567886 -3.56896
1.38574 -0.327711
0.437543 -1.62503
-3.73097 -4.21027
-1.34586 -2.50698
3.39006 0.867131
3.74023 0.792959
-2.78816 -6.29197
-0.116599 -3.02572
1.81125 -0.122031
-2.07888 -3.30898
-0.933334 -3.22539
-0.440363 -3.52363
1.99177 -0.0512195
-2.48243 -5.12998
0.143356 -2.37725
-0.907992 -3.26686
3.26523 0.822458
0.192152 -2.24792
