0.69134 nan
-0.567792 nan
2.75998 nan
2.5047 nan
2.22021 nan
-0.882034 nan
-0.601486 nan
0.270026 nan
-3.10311 nan
0.392048 nan
1.39442 nan
-3.08332 nan
2.04626 nan
-0.176351 nan
1.07973 nan
-1.10484 nan
-0.703682 nan
2.33518 nan
3.67312 nan
-3.79598 nan
1.11634 nan
2.79111 nan
-1.34603 nan
-3.4041 nan
0.964287 nan
0.008751 nan
-3.87927 nan
-1.91955 nan
0.79369 nan
1.94084 nan
-0.116323 nan
0.474146 nan
1.66982 nan
0.780055 nan
1.04213 nan
0.746978 nan
-0.75472 nan
-3.26465 nan
-0.204095 nan
0.915982 nan
-2.155 nan
1.23023 nan
3.24126 nan
-2.76431 nan
-3.08947 nan
2.27286 nan
-1.09888 nan
3.43541 nan
3.55378 nan
-1.25195 nan
3.73981 nan
-3.24655 nan
0.970077 nan
-1.61889 nan
-3.58805 nan
-0.481879 nan
-1.53933 nan
-1.87637 nan
0.495998 nan
1.0257 nan
-3.18549 nan
1.71106 nan
-1.5381 nan
-3.53477 nan
2.79952 nan
-2.85777 nan
0.123329 nan
-0.359819 nan
-1.48686 nan
-3.16932 nan
1.32414 nan
2.23703 nan
-0.657713 nan
-0.82204 nan
-3.39068 nan
0.39068 nan
2.28272 nan
-1.68132 nan
-2.36978 nan
-2.70324 nan
-1.63226 nan
-3.21245 nan
-2.96575 nan
-1.3792 nan
2.95625 nan
3.85824 nan
-2.41114 nan
-2.54569 nan
-2.36975 nan
-1.69589 nan
-1.71005 nan
-2.43232 nan
1.45165 nan
-1.66918 nan
1.20467 nan
-0.289981 nan
-2.6715 nan
1.43084 nan
2.79851 nan
-0.294207 nan
3.24057 nan
0.909831 nan
1.49689 nan
3.09841 nan
-1.9257 nan
1.83484 nan
1.23103 nan
1.09064 nan
-0.182868 nan
3.15446 nan
2.71819 nan
0.531925 nan
-2.13875 nan
-3.2592 nan
2.22639 nan
-3.29745 nan
-2.83335 nan
-1.89663 nan
-2.42663 nan
-2.35531 nan
-3.96643 nan
-0.475207 nan
-2.88998 nan
-3.20963 nan
3.2344 nan
-3.63154 nan
-0.561864 nan
2.63625 nan
-3.74519 nan
1.308 nan
3.61259 nan
-1.7847 nan
-1.60562 nan
-2.77135 nan
1.57783 nan
3.11535 nan
0.476583 nan
-0.449519 nan
-3.4112 nan
-1.20544 nan
0.918054 nan
2.72356 nan
-0.633794 nan
1.94365 nan
1.90736 nan
-2.3551 nan
-2.26385 nan
-1.35482 nan
3.44307 nan
2.74734 nan
3.50416 nan
0.079499 nan
0.981201 nan
-0.489706 nan
-3.68638 nan
-3.47224 nan
-3.55794 nan
3.14236 nan
-3.76151 nan
-1.57834 nan
-3.67352 nan
-0.814182 nan
-3.13951 nan
-2.80982 nan
-1.30863 nan
0.792992 nan
-1.41937 nan
2.65309 nan
-1.26531 nan
-2.57551 nan
1.91507 nan
-2.28859 nan
-1.26022 nan
1.71934 nan
0.525434 nan
-0.915323 nan
-3.87088 nan
-2.71304 nan
1.73343 nan
0.845183 nan
-0.622682 nan
2.17102 nan
2.26989 nan
-2.50102 nan
-2.46633 nan
2.73522 nan
3.00816 nan
-0.636181 nan
-2.89606 nan
-3.27913 nan
-1.56811 nan
-3.00602 nan
-3.95842 nan
-3.7736 nan
0.587139 nan
3.40193 nan
0.598326 nan
-2.64127 nan
1.26896 nan
2.82687 nan
2.78416 nan
-0.693513 nan
-3.80775 nan
-1.19982 nan
0.186624 nan
-0.414832 nan
-1.10295 nan
-1.74227 nan
-0.100438 nan
0.204089 nan
0.13817 nan
-3.55096 nan
0.311183 nan
-0.494729 nan
0.509238 nan
-0.606648 nan
-3.49847 nan
-3.57582 nan
0.051082 nan
-3.36746 nan
2.99932 nan
-2.07765 nan
0.594509 nan
1.03095 nan
3.64814 nan
0.341855 nan
0.587452 nan
-3.62798 nan
-1.66795 nan
-0.568294 nan
-1.84351 nan
-2.4981 nan
0.310542 nan
-0.203931 nan
-1.84723 nan
-0.230146 nan
1.91287 nan
-1.48561 nan
-1.06778 nan
-1.48446 nan
2.34174 nan
1.6834 nan
2.62029 nan
-0.646762 nan
3.33646 nan
0.630949 nan
0.610876 nan
0.002862 nan
2.44533 nan
-1.44821 nan
2.0498 nan
0.417918 nan
1.6575 nan
-1.68484 nan
1.05253 nan
-2.03971 nan
-2.8558 nan
2.19429 nan
-1.59365 nan
0.371943 nan
-0.140665 nan
-1.7322 nan
-2.4931 nan
-2.70656 nan
-3.25061 nan
0.24285 nan
2.27904 nan
3.07942 nan
-1.67719 nan
3.45038 nan
0.832129 nan
-0.339147 nan
2.32871 nan
3.762 nan
2.5997 nan
-3.79574 nan
3.29495 nan
-1.82109 nan
0.713475 nan
2.31774 nan
-2.32439 nan
1.84265 nan
-0.63827 nan
3.55392 nan
2.35778 nan
0.217656 nan
1.88211 nan
-0.040247 nan
-3.72217 nan
-0.804171 nan
3.33877 nan
-3.57682 nan
2.89698 nan
3.87285 nan
3.33386 nan
-2.43328 nan
-0.713762 nan
0.74644 nan
2.80349 nan
-0.06214 nan
-2.42925 nan
-1.91352 nan
0.547937 nan
2.2464 nan
0.48351 nan
-0.773006 nan
1.24634 nan
2.39859 nan
0.778456 nan
3.53002 nan
2.70571 nan
2.07822 nan
-1.74708 nan
-2.22863 nan
-1.9057 nan
3.62454 nan
-3.87055 nan
0.698204 nan
0.909436 nan
3.95706 nan
-1.45294 nan
3.50857 nan
0.42961 nan
2.29722 nan
2.91179 nan
-2.99727 nan
-0.598964 nan
2.43696 nan
0.856644 nan
0.156448 nan
1.70854 nan
2.30416 nan
-2.43902 nan
0.866061 nan
-2.21918 nan
-0.425097 nan
-0.820814 nan
3.6155 nan
-0.519877 nan
-1.91729 nan
2.12876 nan
-1.18486 nan
-3.77376 nan
3.77454 nan
-2.0122 nan
0.562565 nan
-3.89507 nan
2.96376 nan
3.75182 nan
-0.424841 nan
-0.28933 nan
-0.370048 nan
3.19995 nan
2.04461 nan
-1.52619 nan
0.515542 nan
1.12055 nan
1.1633 nan
-2.7779 nan
0.769411 nan
-3.85385 nan
-3.92752 nan
0.726608 nan
2.8873 nan
1.94781 nan
0.98248 nan
3.98195 nan
1.69911 nan
2.53879 nan
-0.78538 nan
-2.02903 nan
0.153101 nan
3.43767 nan
0.915122 nan
-1.33624 nan
-3.35307 nan
0.440816 nan
-0.809158 nan
-0.998951 nan
0.655571 nan
3.75418 nan
-0.583118 nan
3.61199 nan
1.40616 nan
3.23453 nan
-3.53391 nan
-1.98372 nan
2.34963 nan
-3.50994 nan
2.61041 nan
-3.93927 nan
-1.8207 nan
-2.40969 nan
0.844155 nan
1.34012 nan
-0.853734 nan
-3.86448 nan
-1.6209 nan
2.35249 nan
3.42175 nan
0.435362 nan
-0.938533 nan
-2.8612 nan
-1.74374 nan
-1.45302 nan
-2.53917 nan
-0.843079 nan
2.68562 nan
2.9225 nan
-2.61919 nan
-3.85993 nan
0.533946 nan
-3.58418 nan
-2.45827 nan
-2.31044 nan
0.46342 nan
1.39886 nan
3.18509 nan
-0.648047 nan
-0.179024 nan
1.73712 nan
-1.65007 nan
-1.0694 nan
1.03186 nan
3.37466 nan
1.57107 nan
-3.2185 nan
1.29005 nan
3.27842 nan
3.74927 nan
3.84363 nan
0.295564 nan
0.491955 nan
-1.05685 nan
-2.84646 nan
2.78866 nan
3.04849 nan
2.83312 nan
-1.40559 nan
-3.36915 nan
-3.5066 nan
-2.39292 nan
0.629415 nan
3.18288 nan
3.76605 nan
2.01807 nan
2.76955 nan
-3.27053 nan
2.19098 nan
-2.63627 nan
2.52574 nan
-2.29894 nan
3.32852 nan
-3.8623 nan
-3.40463 nan
0.442324 nan
-2.56525 nan
0.102846 nan
-3.96683 nan
0.277621 nan
-3.7192 nan
-1.46364 nan
-0.843468 nan
-3.37672 nan
-3.91839 nan
1.39678 nan
-2.06489 nan
-3.10321 nan
-1.71601 nan
2.16285 nan
1.61488 nan
1.97286 nan
-2.03593 nan
1.09426 nan
1.32651 nan
-2.06366 nan
-2.41585 nan
-0.335751 nan
3.42815 nan
-1.11797 nan
3.85893 nan
0.914124 nan
-0.667424 nan
-2.48864 nan
1.48107 nan
-1.52039 nan
-0.431283 nan
-3.72407 nan
-2.54387 nan
-2.96092 nan
-0.172452 nan
-0.182024 nan
1.79696 nan
-1.06628 nan
-1.25764 nan
-2.54237 nan
-1.67261 nan
-0.290537 nan
-0.846564 nan
0.477135 nan
3.34528 nan
-0.669112 nan
0.607022 nan
2.95188 nan
1.89505 nan
-0.183043 nan
2.83878 nan
2.87833 nan
3.39944 nan
-3.95137 nan
3.99151 nan
0.348853 nan
-1.59922 nan
2.49837 nan
-2.68263 nan
-2.47663 nan
2.16155 nan
2.63149 nan
-1.88568 nan
-2.85208 nan
-1.12566 nan
-0.270605 nan
0.647056 nan
0.370095 nan
-3.76881 nan
-0.115279 nan
0.802305 nan
0.601354 nan
-3.89768 nan
1.91831 nan
0.228434 nan
-1.82382 nan
3.07416 nan
0.968085 nan
-0.290501 nan
0.558138 nan
-3.40312 nan
0.499785 nan
1.52363 nan
0.842828 nan
-3.5088 nan
-0.510414 nan
-3.46418 nan
3.30766 nan
3.56456 nan
-2.4714 nan
3.77505 nan
0.758565 nan
1.08677 nan
0.599217 nan
2.24584 nan
-3.57649 nan
-1.12506 nan
-1.72661 nan
-1.27588 nan
-0.857036 nan
1.7378 nan
-0.917286 nan
-0.712478 nan
-3.39282 nan
-3.97055 nan
-1.18957 nan
0.330028 nan
3.3904 nan
-3.93758 nan
0.455305 nan
-1.18902 nan
-3.46813 nan
-3.86987 nan
0.61735 nan
1.4885 nan
3.41382 nan
-2.11127 nan
-2.94454 nan
0.887241 nan
2.6862 nan
-1.15168 nan
-3.83311 nan
1.75054 nan
-1.01156 nan
-0.276477 nan
3.13864 nan
1.72696 nan
-3.78205 nan
-3.60654 nan
-2.47932 nan
2.04115 nan
-1.90443 nan
-1.77892 nan
-3.02894 nan
-0.100812 nan
0.777855 nan
-1.51816 nan
3.92293 nan
-1.62186 nan
2.26629 nan
2.65186 nan
1.92341 nan
1.55015 nan
1.36332 nan
0.305323 nan
-3.60574 nan
-1.40919 nan
2.92528 nan
2.37132 nan
2.56462 nan
0.621947 nan
2.16219 nan
-2.4999 nan
-0.67462 nan
-1.96124 nan
-3.26553 nan
-2.71139 nan
-0.244368 nan
-1.92866 nan
-0.603534 nan
0.115465 nan
1.07087 nan
2.33059 nan
3.93689 nan
3.33532 nan
-3.25688 nan
-3.91152 nan
-2.8339 nan
-2.41747 nan
-2.45707 nan
1.04269 nan
1.70034 nan
0.934285 nan
-3.74675 nan
-0.684334 nan
2.29272 nan
2.68302 nan
-1.19487 nan
-3.56202 nan
-3.5388 nan
2.46829 nan
0.585418 nan
-0.93389 nan
-1.83663 nan
-1.48204 nan
-1.33384 nan
-0.815377 nan
3.26815 nan
-1.25119 nan
-1.29396 nan
-3.45734 nan
1.5743 nan
-3.52351 nan
3.27357 nan
-0.92516 nan
-3.87409 nan
0.484825 nan
-3.65775 nan
1.05656 nan
2.57466 nan
-2.79543 nan
-1.29247 nan
-1.25639 nan
-2.66098 nan
-1.24852 nan
1.07568 nan
3.24621 nan
3.31029 nan
-1.42624 nan
1.57457 nan
-1.61258 nan
1.85557 nan
-3.54109 nan
2.43622 nan
3.2959 nan
3.86748 nan
2.64994 nan
0.601351 nan
3.48306 nan
0.610949 nan
-1.17905 nan
2.99573 nan
-1.84541 nan
-0.883324 nan
-2.33792 nan
-2.77161 nan
-0.493667 nan
-1.12839 nan
2.82389 nan
-3.53819 nan
-0.245396 nan
2.55626 nan
2.971 nan
1.20383 nan
-2.3492 nan
-2.42118 nan
1.69525 nan
-3.22842 nan
-3.76956 nan
1.15629 nan
1.03809 nan
-2.82282 nan
-0.453433 nan
1.69236 nan
-3.62751 nan
-1.81462 nan
0.137496 nan
1.20226 nan
-3.60591 nan
2.29305 nan
0.978998 nan
-0.465635 nan
-2.0282 nan
2.38055 nan
-0.329201 nan
-2.86116 nan
1.6078 nan
-1.21505 nan
2.60749 nan
1.13299 nan
-2.74319 nan
0.545165 nan
-3.11621 nan
-0.586367 nan
-1.74512 nan
-2.43104 nan
3.6842 nan
-0.433781 nan
-2.89262 nan
-1.5282 nan
-3.09295 nan
1.32092 nan
0.886568 nan
0.837578 nan
2.77284 nan
-0.69443 nan
3.98833 nan
-3.34873 nan
-3.83294 nan
-3.15458 nan
-0.001555 nan
-0.346616 nan
-2.53265 nan
-0.440123 nan
2.41817 nan
-2.63363 nan
1.60496 nan
1.50601 nan
-0.000831 nan
-1.45716 nan
-0.889273 nan
-3.38097 nan
0.437888 nan
-1.21433 nan
0.89528 nan
-3.80048 nan
0.179236 nan
3.09002 nan
-1.48627 nan
-2.80229 nan
2.07969 nan
0.057194 nan
3.66469 nan
2.04445 nan
-1.32027 nan
2.53037 nan
2.67365 nan
2.77917 nan
2.83572 nan
1.40223 nan
1.71077 nan
-1.77528 nan
3.46107 nan
3.34445 nan
-1.50696 nan
-3.04103 nan
0.12685 nan
-0.790946 nan
0.220754 nan
2.83344 nan
2.27175 nan
1.85168 nan
3.49847 nan
-0.2113 nan
2.77142 nan
0.126682 nan
-0.009746 nan
-3.28334 nan
3.61713 nan
-0.195883 nan
3.55931 nan
-2.88022 nan
-0.546051 nan
-1.84137 nan
2.64205 nan
2.31709 nan
-3.27188 nan
-1.01984 nan
1.60643 nan
0.947162 nan
-1.80604 nan
2.75663 nan
-1.1552 nan
-2.48212 nan
-1.47 nan
-1.22165 nan
1.35099 nan
0.753128 nan
0.814644 nan
-2.08555 nan
3.53184 nan
0.486356 nan
3.6111 nan
-3.18892 nan
-1.99685 nan
-2.149 nan
0.411689 nan
0.261565 nan
2.11988 nan
-2.48222 nan
-2.80839 nan
0.498362 nan
-0.009138 nan
2.7289 nan
1.82197 nan
0.156952 nan
-0.272215 nan
1.87908 nan
-0.9077 nan
1.66157 nan
1.6786 nan
3.39352 nan
1.09234 nan
1.78283 nan
-2.60468 nan
3.65264 nan
2.70328 nan
2.11721 nan
3.08612 nan
0.713836 nan
3.94835 nan
2.23842 nan
-0.698102 nan
2.57999 nan
0.952742 nan
2.27065 nan
-3.39283 nan
-1.2351 nan
3.26301 nan
-2.36632 nan
2.98533 nan
3.90561 nan
3.27571 nan
0.709864 nan
0.728305 nan
-1.82844 nan
3.52555 nan
0.183036 nan
-3.43942 nan
1.22066 nan
3.5828 nan
-3.2008 nan
-3.25241 nan
0.452219 nan
-3.68983 nan
2.29919 nan
2.9385 nan
2.30673 nan
3.22897 nan
-3.72686 nan
0.493353 nan
-0.637422 nan
-1.25525 nan
-0.313167 nan
3.0446 nan
1.97958 nan
0.982239 nan
3.83 nan
-2.95703 nan
-0.760599 nan
2.97967 nan
1.43637 nan
2.03778 nan
-2.0671 nan
-2.00751 nan
2.72573 nan
2.44156 nan
-3.65575 nan
-3.34352 nan
3.11773 nan
-1.4709 nan
1.58207 nan
1.76018 nan
1.36767 nan
-3.5792 nan
3.20726 nan
-1.62327 nan
2.87407 nan
0.800507 nan
3.90789 nan
-2.8949 nan
2.90823 nan
-1.88239 nan
3.97084 nan
-3.82934 nan
-3.48446 nan
2.02361 nan
0.300352 nan
-3.86487 nan
1.83873 nan
-3.20704 nan
0.733476 nan
-3.03404 nan
-0.38698 nan
2.47839 nan
2.40237 nan
-0.785007 nan
-0.41692 nan
1.55056 nan
-1.10654 nan
3.05656 nan
0.591907 nan
-1.22798 nan
-3.04648 nan
2.93498 nan
-0.908429 nan
2.05567 nan
3.49262 nan
3.57133 nan
-3.17417 nan
-3.94248 nan
3.63385 nan
-0.920268 nan
2.43461 nan
0.253822 nan
2.5601 nan
-3.05714 nan
1.73039 nan
3.2526 nan
-0.09245 nan
-3.40303 nan
3.39646 nan
1.08956 nan
1.45611 nan
-3.6238 nan
-1.14303 nan
3.25835 nan
0.866752 nan
2.56626 nan
-0.930989 nan
2.22521 nan
-3.78435 nan
2.31759 nan
2.98641 nan
2.17801 nan
-1.92473 nan
2.16775 nan
-3.55448 nan
-1.24038 nan
-2.10772 nan
-2.07673 nan
-3.77718 nan
-2.46429 nan
-2.58765 nan
1.65091 nan
-1.98563 nan
2.9469 nan
3.90185 nan
-0.471836 nan
3.08726 nan
1.49525 nan
3.91641 nan
-1.6967 nan
-1.64721 nan
-1.0848 nan
-3.6337 nan
2.11466 nan
0.61159 nan
-0.921183 nan
1.62879 nan
-2.58065 nan
-0.279362 nan
0.385443 nan
-0.542673 nan
3.78136 nan
-0.567886 nan
1.38574 nan
0.437543 nan
-3.73097 nan
-1.34586 nan
3.39006 nan
3.74023 nan
-2.78816 nan
-0.116599 nan
1.81125 nan
-2.07888 nan
-0.933334 nan
-0.440363 nan
1.99177 nan
-2.48243 nan
0.143356 nan
-0.907992 nan
3.26523 nan
0.192152 nan
