0.69134 -0.523802
-0.567792 -1.05905
2.75998 -0.0395359
2.5047 0.108645
2.22021 0.187333
-0.882034 -1.76998
-0.601486 -1.11196
0.270026 -0.602403
-3.10311 -3.97862
0.392048 -0.584165
1.39442 -0.178741
-3.08332 -4.09532
2.04626 0.17455
-0.176351 -0.711271
1.07973 -0.371621
-1.10484 -2.62533
-0.703682 -1.30376
2.33518 0.169583
3.67312 -0.523704
-3.79598 -1.23333
1.11634 -0.351977
2.79111 -0.0602876
-1.34603 -3.8861
-3.4041 -2.43153
0.964287 -0.427584
0.008751 -0.649674
-3.87927 -1.08697
-1.91955 -7.12832
0.79369 -0.493376
1.94084 0.144372
-0.116323 -0.687039
0.474146 -0.570715
1.66982 0.00590324
0.780055 -0.497797
1.04213 -0.39086
0.746978 -0.508042
-0.75472 -1.41899
-3.26465 -3.08705
-0.204095 -0.724236
0.915982 -0.44824
-2.155 -7.75597
1.23023 -0.285543
3.24126 -0.350867
-2.76431 -6.02783
-3.08947 -4.05894
2.27286 0.181746
-1.09888 -2.5983
3.43541 -0.444574
3.55378 -0.488691
-1.25195 -3.35831
3.73981 -0.539511
-3.24655 -3.18053
0.970077 -0.424999
-1.61889 -5.54334
-3.58805 -1.75414
-0.481879 -0.944376
-1.53933 -5.05619
-1.87637 -6.94267
0.495998 -0.566839
1.0257 -0.398961
-3.18549 -3.50865
1.71106 0.0312521
-1.5381 -5.04855
-3.53477 -1.92826
2.79952 -0.0659471
-2.85777 -5.47247
0.123329 -0.625829
-0.359819 -0.823856
-1.48686 -4.73284
-3.16932 -3.59863
1.32414 -0.22567
2.23703 0.186023
-0.657713 -1.21137
-0.82204 -1.5928
-3.39068 -2.48939
0.39068 -0.584378
2.28272 0.180217
-1.68132 -5.91548
-2.36978 -7.66478
-2.70324 -6.36994
-1.63226 -5.62407
-3.21245 -3.36145
-2.96575 -4.80898
-1.3792 -4.08079
2.95625 -0.172785
3.85824 -0.56181
-2.41114 -7.57319
-2.54569 -7.12723
-2.36975 -7.66482
-1.69589 -6.00025
-1.71005 -6.08167
-2.43232 -7.51758
1.45165 -0.139764
-1.66918 -5.8442
1.20467 -0.301108
-0.289981 -0.772895
-2.6715 -6.53874
1.43084 -0.15398
2.79851 -0.0652647
-0.294207 -0.775663
3.24057 -0.350492
0.909831 -0.450754
1.49689 -0.108797
3.09841 -0.266311
-1.9257 -7.15321
1.83484 0.0991352
1.23103 -0.285055
1.09064 -0.365857
-0.182868 -0.714209
3.15446 -0.300866
2.71819 -0.0122545
0.531925 -0.560127
-2.13875 -7.73611
-3.2592 -3.11501
2.22639 0.186903
-3.29745 -2.92234
-2.83335 -5.62027
-1.89663 -7.0321
-2.42663 -7.53309
-2.35531 -7.69137
-3.96643 -0.965121
-0.475207 -0.93659
-2.88998 -5.27564
-3.20963 -3.37667
3.2344 -0.347088
-3.63154 -1.62491
-0.561864 -1.05022
2.63625 0.0384806
-3.74519 -1.33883
1.308 -0.236224
3.61259 -0.507076
-1.7847 -6.49275
-1.60562 -5.46276
-2.77135 -5.98715
1.57783 -0.0539243
3.11535 -0.276925
0.476583 -0.57029
-0.449519 -0.907996
-3.4112 -2.4014
-1.20544 -3.11327
0.918054 -0.447388
2.72356 -0.0157144
-0.633794 -1.16732
1.94365 0.145378
1.90736 0.131578
-2.3551 -7.69174
-2.26385 -7.79194
-1.35482 -3.93733
3.44307 -0.447727
2.74734 -0.0312024
3.50416 -0.471382
0.079499 -0.634111
0.981201 -0.419965
-0.489706 -0.953705
-3.68638 -1.47783
-3.47224 -2.15545
-3.55794 -1.85038
3.14236 -0.293546
-3.76151 -1.3035
-1.57834 -5.29611
-3.67352 -1.51079
-0.814182 -1.57118
-3.13951 -3.76751
-2.80982 -5.76115
-1.30863 -3.67161
0.792992 -0.493605
-1.41937 -4.32109
2.65309 0.0284118
-1.26531 -3.43078
-2.57551 -7.00097
1.91507 0.134652
-2.28859 -7.77642
-1.26022 -3.40302
1.71934 0.0362001
0.525434 -0.561373
-0.915323 -1.87777
-3.87088 -1.10031
-2.71304 -6.31651
1.73343 0.0444996
0.845183 -0.475594
-0.622682 -1.14775
2.17102 0.18858
2.26989 0.182177
-2.50102 -7.29883
-2.46633 -7.41644
2.73522 -0.0232766
3.00816 -0.207698
-0.636181 -1.1716
-2.89606 -5.23829
-3.27913 -3.01358
-1.56811 -5.23335
-3.00602 -4.56173
-3.95842 -0.975105
-3.7736 -1.27822
0.587139 -0.548861
3.40193 -0.430307
0.598326 -0.546422
-2.64127 -6.69263
1.26896 -0.261329
2.82687 -0.0844554
2.78416 -0.0556271
-0.693513 -1.28242
-3.80775 -1.21071
-1.19982 -3.08445
0.186624 -0.61514
-0.414832 -0.872699
-1.10295 -2.61674
-1.74227 -6.26319
-0.100438 -0.681404
0.204089 -0.612382
0.13817 -0.623206
-3.55096 -1.87348
0.311183 -0.596332
-0.494729 -0.959803
0.509238 -0.564417
-0.606648 -1.1205
-3.49847 -2.05712
-3.57582 -1.79255
0.051082 -0.639993
-3.36746 -2.59224
2.99932 -0.201797
-2.07765 -7.62869
0.594509 -0.547261
1.03095 -0.396395
3.64814 -0.517114
0.341855 -0.591787
0.587452 -0.548794
-3.62798 -1.63506
-1.66795 -5.83693
-0.568294 -1.0598
-1.84351 -6.78948
-2.4981 -7.3093
0.310542 -0.596426
-0.203931 -0.724156
-1.84723 -6.80734
-0.230146 -0.737558
1.91287 0.13378
-1.48561 -4.72512
-1.06778 -2.46111
-1.48446 -4.71806
2.34174 0.16796
1.6834 0.0143723
2.62029 0.0478274
-0.646762 -1.19087
3.33646 -0.400108
0.630949 -0.538981
0.610876 -0.543619
0.002862 -0.65112
2.44533 0.134274
-1.44821 -4.49609
2.0498 0.175281
0.417918 -0.580088
1.6575 -0.00187284
-1.68484 -5.93606
1.05253 -0.385635
-2.03971 -7.53672
-2.8558 -5.48447
2.19429 0.188471
-1.59365 -5.38979
0.371943 -0.587256
-0.140665 -0.69628
-1.7322 -6.2071
-2.4931 -7.32695
-2.70656 -6.35195
-3.25061 -3.15939
0.24285 -0.606453
2.27904 0.180806
3.07942 -0.254253
-1.67719 -5.8913
3.45038 -0.450694
0.832129 -0.480267
-0.339147 -0.807568
2.32871 0.171118
3.762 -0.544226
2.5997 0.0595749
-3.79574 -1.2338
3.29495 -0.3794
-1.82109 -6.67958
0.713475 -0.517746
2.31774 0.17358
-2.32439 -7.73854
1.84265 0.102918
-0.63827 -1.17536
3.55392 -0.488739
2.35778 0.163733
0.217656 -0.61028
1.88211 0.120988
-0.040247 -0.662546
-3.72217 -1.39102
-0.804171 -1.54415
3.33877 -0.401222
-3.57682 -1.78938
2.89698 -0.132358
3.87285 -0.564102
3.33386 -0.398845
-2.43328 -7.51492
-0.713762 -1.32544
0.74644 -0.508203
2.80349 -0.0686213
-0.06214 -0.668979
-2.42925 -7.52599
-1.91352 -7.10352
0.547937 -0.556985
2.2464 0.1851
0.48351 -0.569072
-0.773006 -1.46368
1.24634 -0.27556
2.39859 0.151308
0.778456 -0.498308
3.53002 -0.480615
2.70571 -0.00426355
2.07822 0.18046
-1.74708 -6.2898
-2.22863 -7.79891
-1.9057 -7.0708
3.62454 -0.51054
-3.87055 -1.10085
0.698204 -0.521954
0.909436 -0.450914
3.95706 -0.575608
-1.45294 -4.52491
3.50857 -0.472988
0.42961 -0.578201
2.29722 0.177697
2.91179 -0.142487
-2.99727 -4.61528
-0.598964 -1.10784
2.43696 0.137533
0.856644 -0.471398
0.156448 -0.620081
1.70854 0.0297321
2.30416 0.176376
-2.43902 -7.4988
0.866061 -0.467884
-2.21918 -7.79774
-0.425097 -0.882763
-0.820814 -1.5894
3.6155 -0.507927
-0.519877 -0.991692
-1.91729 -7.11908
2.12876 0.186571
-1.18486 -3.00859
-3.77376 -1.2779
3.77454 -0.546775
-2.0122 -7.45844
0.562565 -0.554028
-3.89507 -1.06265
2.96376 -0.177878
3.75182 -0.542096
-0.424841 -0.882508
-0.28933 -0.772472
-0.370048 -0.832317
3.19995 -0.327641
2.04461 0.174204
-1.52619 -4.97515
0.515542 -0.563243
1.12055 -0.349662
1.1633 -0.325518
-2.7779 -5.94912
0.769411 -0.501168
-3.85385 -1.12833
-3.92752 -1.01587
0.726608 -0.514021
2.8873 -0.125729
1.94781 0.146847
0.98248 -0.419381
3.98195 -0.578497
1.69911 0.0240226
2.53879 0.0920928
-0.78538 -1.49497
-2.02903 -7.50748
0.153101 -0.620645
3.43767 -0.44551
0.915122 -0.448593
-1.33624 -3.82944
-3.35307 -2.65761
0.440816 -0.576365
-0.809158 -1.55754
-0.998951 -2.17936
0.655571 -0.533022
3.75418 -0.542594
-0.583118 -1.08252
3.61199 -0.506899
1.40616 -0.170783
3.23453 -0.347159
-3.53391 -1.93121
-1.98372 -7.36756
2.34963 0.165927
-3.50994 -2.01549
2.61041 0.0535096
-3.93927 -0.999951
-1.8207 -6.67765
-2.40969 -7.57676
0.844155 -0.475966
1.34012 -0.215125
-0.853734 -1.68371
-3.86448 -1.1107
-1.6209 -5.55553
2.35249 0.165167
3.42175 -0.438851
0.435362 -0.577262
-0.938533 -1.95702
-2.8612 -5.4516
-1.74374 -6.27134
-1.45302 -4.5254
-2.53917 -7.15364
-0.843079 -1.65248
2.68562 0.00841255
2.9225 -0.149808
-2.61919 -6.80044
-3.85993 -1.11818
0.533946 -0.559736
-3.58418 -1.76619
-2.45827 -7.44171
-2.31044 -7.75546
0.46342 -0.572566
1.39886 -0.175737
3.18509 -0.319029
-0.648047 -1.19325
-0.179024 -0.712468
1.73712 0.046646
-1.65007 -5.73084
-1.0694 -2.46814
1.03186 -0.395947
3.37466 -0.418095
1.57107 -0.058451
-3.2185 -3.32891
1.29005 -0.247851
3.27842 -0.37082
3.74927 -0.541554
3.84363 -0.559423
0.295564 -0.598634
0.491955 -0.567567
-1.05685 -2.41436
-2.84646 -5.54111
2.78866 -0.0586438
3.04849 -0.234279
2.83312 -0.0887079
-1.40559 -4.23818
-3.36915 -2.58463
-3.5066 -2.02754
-2.39292 -7.61633
0.629415 -0.539342
3.18288 -0.317734
3.76605 -0.545058
2.01807 0.168054
2.76955 -0.0458821
-3.27053 -3.05706
2.19098 0.188539
-2.63627 -6.71742
2.52574 0.0985753
-2.29894 -7.76733
3.32852 -0.396237
-3.8623 -1.11428
-3.40463 -2.42927
0.442324 -0.576115
-2.56525 -7.0454
0.102846 -0.629592
-3.96683 -0.964623
0.277621 -0.60128
-3.7192 -1.39796
-1.46364 -4.59035
-0.843468 -1.65361
-3.37672 -2.55081
-3.91839 -1.02861
1.39678 -0.177143
-2.06489 -7.59986
-3.10321 -3.97801
-1.71601 -6.11569
2.16285 0.188413
1.61488 -0.0293803
1.97286 0.155208
-2.03593 -7.52654
1.09426 -0.363929
1.32651 -0.224112
-2.06366 -7.59698
-2.41585 -7.56132
-0.335751 -0.804993
3.42815 -0.441548
-1.11797 -2.68553
3.85893 -0.56192
0.914124 -0.449002
-0.667424 -1.23003
-2.48864 -7.34243
1.48107 -0.119627
-1.52039 -4.93939
-0.431283 -0.88898
-3.72407 -1.38661
-2.54387 -7.13464
-2.96092 -4.83872
-0.172452 -0.709544
-0.182024 -0.713825
1.79696 0.079869
-1.06628 -2.45466
-1.25764 -3.38903
-2.54237 -7.14075
-1.67261 -5.86441
-0.290537 -0.773257
-0.846564 -1.66262
0.477135 -0.570193
3.34528 -0.404352
-0.669112 -1.23332
0.607022 -0.544487
2.95188 -0.169819
1.89505 0.126511
-0.183043 -0.714288
2.83878 -0.0925603
2.87833 -0.119591
3.39944 -0.429214
-3.95137 -0.984101
3.99151 -0.579551
0.348853 -0.590742
-1.59922 -5.42381
2.49837 0.111574
-2.68263 -6.48035
-2.47663 -7.383
2.16155 0.188377
2.63149 0.0412889
-1.88568 -6.98427
-2.85208 -5.50701
-1.12566 -2.72131
-0.270605 -0.760681
0.647056 -0.535117
0.370095 -0.587538
-3.76881 -1.28816
-0.115279 -0.68666
0.802305 -0.490521
0.601354 -0.545752
-3.89768 -1.05872
1.91831 0.135921
0.228434 -0.608632
-1.82382 -6.69321
3.07416 -0.250884
0.968085 -0.425891
-0.290501 -0.773233
0.558138 -0.554932
-3.40312 -2.43574
0.499785 -0.566152
1.52363 -0.0905439
0.842828 -0.476446
-3.5088 -2.01959
-0.510414 -0.979424
-3.46418 -2.18657
3.30766 -0.385866
3.56456 -0.492232
-2.4714 -7.40013
3.77505 -0.546878
0.758565 -0.50453
1.08677 -0.36791
0.599217 -0.546226
2.24584 0.185159
-3.57649 -1.79042
-1.12506 -2.71852
-1.72661 -6.17568
-1.27588 -3.48873
-0.857036 -1.69353
1.7378 0.0470431
-0.917286 -1.88434
-0.712478 -1.32265
-3.39282 -2.48012
-3.97055 -0.960067
-1.18957 -3.03233
0.330028 -0.593546
3.3904 -0.425211
-3.93758 -1.00221
0.455305 -0.573945
-1.18902 -3.02954
-3.46813 -2.17129
-3.86987 -1.10194
0.61735 -0.542144
1.4885 -0.114535
3.41382 -0.435463
-2.11127 -7.69415
-2.94454 -4.93969
0.887241 -0.459759
2.6862 0.0080517
-1.15168 -2.84502
-3.83311 -1.16419
1.75054 0.05437
-1.01156 -2.22872
-0.276477 -0.764301
3.13864 -0.291282
1.72696 0.0407034
-3.78205 -1.26098
-3.60654 -1.69781
-2.47932 -7.37406
2.04115 0.173462
-1.90443 -7.06545
-1.77892 -6.46219
-3.02894 -4.42203
-0.100812 -0.681533
0.777855 -0.4985
-1.51816 -4.9256
3.92293 -0.571281
-1.62186 -5.56132
2.26629 0.18268
2.65186 0.0291536
1.92341 0.137889
1.55015 -0.0725454
1.36332 -0.199674
0.305323 -0.597196
-3.60574 -1.7002
-1.40919 -4.25976
2.92528 -0.151704
2.37132 0.15987
2.56462 0.0787391
0.621947 -0.541085
2.16219 0.188395
-2.4999 -7.30286
-0.67462 -1.24414
-1.96124 -7.28904
-3.26553 -3.08255
-2.71139 -6.32553
-0.244368 -0.745335
-1.92866 -7.16505
-0.603534 -1.11533
0.115465 -0.627253
1.07087 -0.37624
2.33059 0.170679
3.93689 -0.573103
3.33532 -0.399553
-3.25688 -3.12695
-3.91152 -1.03841
-2.8339 -5.61697
-2.41747 -7.55718
-2.45707 -7.4454
1.04269 -0.390579
1.70034 0.0247693
0.934285 -0.440606
-3.74675 -1.33538
-0.684334 -1.2636
2.29272 0.178514
2.68302 0.0100373
-1.19487 -3.05919
-3.56202 -1.83698
-3.5388 -1.91447
2.46829 0.12487
0.585418 -0.549231
-0.93389 -1.9409
-1.83663 -6.7562
-1.48204 -4.7032
-1.33384 -3.81557
-0.815377 -1.57444
3.26815 -0.365396
-1.25119 -3.35418
-1.29396 -3.58909
-3.45734 -2.21328
1.5743 -0.0562898
-3.52351 -1.96734
3.27357 -0.368269
-0.92516 -1.91095
-3.87409 -1.09517
0.484825 -0.568839
-3.65775 -1.55245
1.05656 -0.383591
2.57466 0.0733721
-2.79543 -5.84637
-1.29247 -3.58077
-1.25639 -3.38231
-2.66098 -6.59307
-1.24852 -3.33983
1.07568 -0.373735
3.24621 -0.353578
3.31029 -0.387191
-1.42624 -4.36262
1.57457 -0.0561069
-1.61258 -5.50509
1.85557 0.10903
-3.54109 -1.90668
2.43622 0.137818
3.2959 -0.379885
3.86748 -0.56327
2.64994 0.0303132
0.601351 -0.545753
3.48306 -0.463509
0.610949 -0.543602
-1.17905 -2.97951
2.99573 -0.199395
-1.84541 -6.79863
-0.883324 -1.77403
-2.33792 -7.71955
-2.77161 -5.98568
-0.493667 -0.958507
-1.12839 -2.73408
2.82389 -0.0824344
-3.53819 -1.91656
-0.245396 -0.745912
2.55626 0.0831353
2.971 -0.182772
1.20383 -0.301608
-2.3492 -7.70175
-2.42118 -7.54753
1.69525 0.0216651
-3.22842 -3.27597
-3.76956 -1.2866
1.15629 -0.329556
1.03809 -0.392867
-2.82282 -5.68353
-0.453433 -0.912214
1.69236 0.0198967
-3.62751 -1.63641
-1.81462 -6.6471
0.137496 -0.623323
1.20226 -0.302558
-3.60591 -1.69967
2.29305 0.178454
0.978998 -0.420969
-0.465635 -0.925681
-2.0282 -7.50514
2.38055 0.157089
-0.329201 -0.800104
-2.86116 -5.45182
1.6078 -0.0340347
-1.21505 -3.16295
2.60749 0.0551742
1.13299 -0.342751
-2.74319 -6.14849
0.545165 -0.557536
-3.11621 -3.90204
-0.586367 -1.08763
-1.74512 -6.27898
-2.43104 -7.52111
3.6842 -0.526508
-0.433781 -0.891524
-2.89262 -5.25946
-1.5282 -4.98754
-3.09295 -4.03837
1.32092 -0.22778
0.886568 -0.460022
0.837578 -0.47833
2.77284 -0.0480661
-0.69443 -1.28432
3.98833 -0.579204
-3.34873 -2.67759
-3.83294 -1.16449
-3.15458 -3.68165
-0.001555 -0.652221
-0.346616 -0.81333
-2.53265 -7.17958
-0.440123 -0.898068
2.41817 0.144526
-2.63363 -6.73043
1.60496 -0.0359005
1.50601 -0.102562
-0.000831 -0.65204
-1.45716 -4.55071
-0.889273 -1.79284
-3.38097 -2.53197
0.437888 -0.576848
-1.21433 -3.1592
0.89528 -0.456595
-3.80048 -1.22461
0.179236 -0.616328
3.09002 -0.261004
-1.48627 -4.72917
-2.80229 -5.80583
2.07969 0.180693
0.057194 -0.63869
3.66469 -0.521522
2.04445 0.174168
-1.32027 -3.73777
2.53037 0.096297
2.67365 0.0158516
2.77917 -0.0522944
2.83572 -0.0904772
1.40223 -0.173449
1.71077 0.0310779
-1.77528 -6.44281
3.46107 -0.454968
3.34445 -0.403954
-1.50696 -4.85659
-3.04103 -4.34876
0.12685 -0.625199
-0.790946 -1.50933
0.220754 -0.609805
2.83344 -0.0889291
2.27175 0.181908
1.85168 0.107212
3.49847 -0.46929
-0.2113 -0.727805
2.77142 -0.04712
0.126682 -0.625229
-0.009746 -0.654304
-3.28334 -2.99245
3.61713 -0.508403
-0.195883 -0.720272
3.55931 -0.490519
-2.88022 -5.33543
-0.546051 -1.02738
-1.84137 -6.77922
2.64205 0.03504
2.31709 0.17372
-3.27188 -3.05024
-1.01984 -2.26165
1.60643 -0.0349316
0.947162 -0.435094
-1.80604 -6.60356
2.75663 -0.0373208
-1.1552 -2.86204
-2.48212 -7.36467
-1.47 -4.62932
-1.22165 -3.19732
1.35099 -0.207911
0.753128 -0.506188
0.814644 -0.486349
-2.08555 -7.64544
3.53184 -0.481246
0.486356 -0.568567
3.6111 -0.506637
-3.18892 -3.48973
-1.99685 -7.4107
-2.149 -7.74908
0.411689 -0.581081
0.261565 -0.603658
2.11988 0.185787
-2.48222 -7.36433
-2.80839 -5.76962
0.498362 -0.566411
-0.009138 -0.654148
2.7289 -0.0191688
1.82197 0.0927569
0.156952 -0.619997
-0.272215 -0.761666
1.87908 0.119666
-0.9077 -1.85248
1.66157 0.000710031
1.6786 0.0113955
3.39352 -0.426597
1.09234 -0.364953
1.78283 0.0723193
-2.60468 -6.86899
3.65264 -0.518329
2.70328 -0.00272051
2.11721 0.185528
3.08612 -0.258524
0.713836 -0.517645
3.94835 -0.574544
2.23842 0.185894
-0.698102 -1.29199
2.57999 0.0704828
0.952742 -0.43267
2.27065 0.182068
-3.39283 -2.48006
-1.2351 -3.26818
3.26301 -0.362656
-2.36632 -7.67138
2.98533 -0.192424
3.90561 -0.568913
3.27571 -0.369397
0.709864 -0.518753
0.728305 -0.513532
-1.82844 -6.71607
3.52555 -0.479051
0.183036 -0.615715
-3.43942 -2.28472
1.22066 -0.29141
3.5828 -0.498048
-3.2008 -3.42463
-3.25241 -3.15005
0.452219 -0.574465
-3.68983 -1.46916
2.29919 0.177328
2.9385 -0.160719
2.30673 0.175868
3.22897 -0.344071
-3.72686 -1.38015
0.493353 -0.567316
-0.637422 -1.17383
-1.25525 -3.37611
-0.313167 -0.788562
3.0446 -0.231737
1.97958 0.1573
0.982239 -0.419491
3.83 -0.557107
-2.95703 -4.86265
-0.760599 -1.43315
2.97967 -0.188613
1.43637 -0.150204
2.03778 0.172721
-2.0671 -7.60503
-2.00751 -7.44416
2.72573 -0.017119
2.44156 0.135752
-3.65575 -1.55785
-3.34352 -2.70176
3.11773 -0.278406
-1.4709 -4.63483
1.58207 -0.0510946
1.76018 0.0598246
1.36767 -0.196764
-3.5792 -1.78184
3.20726 -0.331829
-1.62327 -5.56983
2.87407 -0.116674
0.800507 -0.491121
3.90789 -0.569231
-2.8949 -5.24544
2.90823 -0.140055
-1.88239 -6.96965
3.97084 -0.577234
-3.82934 -1.17091
-3.48446 -2.10908
2.02361 0.169423
0.300352 -0.597928
-3.86487 -1.11007
1.83873 0.101028
-3.20704 -3.39066
0.733476 -0.512032
-3.03404 -4.3911
-0.38698 -0.846931
2.47839 0.120524
2.40237 0.15004
-0.785007 -1.49402
-0.41692 -0.874721
1.55056 -0.0722696
-1.10654 -2.63307
3.05656 -0.239531
0.591907 -0.547829
-1.22798 -3.23058
-3.04648 -4.31586
2.93498 -0.158323
-0.908429 -1.85488
2.05567 0.176452
3.49262 -0.467112
3.57133 -0.494418
-3.17417 -3.57147
-3.94248 -0.995691
3.63385 -0.513175
-0.920268 -1.89437
2.43461 0.138436
0.253822 -0.604811
2.5601 0.0811218
-3.05714 -4.25168
1.73039 0.0427231
3.2526 -0.357055
-0.09245 -0.67868
-3.40303 -2.43613
3.39646 -0.4279
1.08956 -0.366431
1.45611 -0.136709
-3.6238 -1.64706
-1.14303 -2.80342
3.25835 -0.360158
0.866752 -0.467623
2.56626 0.0778663
-0.930989 -1.93089
2.22521 0.18699
-3.78435 -1.25636
2.31759 0.173612
2.98641 -0.193152
2.17801 0.188638
-1.92473 -7.1493
2.16775 0.188526
-3.55448 -1.8618
-1.24038 -3.29629
-2.10772 -7.68796
-2.07673 -7.62668
-3.77718 -1.27087
-2.46429 -7.42291
-2.58765 -6.947
1.65091 -0.00606772
-1.98563 -7.37396
2.9469 -0.166437
3.90185 -0.568384
-0.471836 -0.932713
3.08726 -0.259253
1.49525 -0.109918
3.91641 -0.570402
-1.6967 -6.0049
-1.64721 -5.71374
-1.0848 -2.53544
-3.6337 -1.61877
2.11466 0.185269
0.61159 -0.543457
-0.921183 -1.89746
1.62879 -0.0203047
-2.58065 -6.97828
-0.279362 -0.766105
0.385443 -0.585188
-0.542673 -1.02262
3.78136 -0.548129
-0.567886 -1.05919
1.38574 -0.184607
0.437543 -0.576904
-3.73097 -1.37073
-1.34586 -3.88513
3.39006 -0.425058
3.74023 -0.539603
-2.78816 -5.88911
-0.116599 -0.68714
1.81125 0.0873099
-2.07888 -7.63136
-0.933334 -1.93897
-0.440363 -0.898318
1.99177 0.160938
-2.48243 -7.36364
0.143356 -0.622308
-0.907992 -1.85344
3.26523 -0.363845
0.192152 -0.61426
