0.69134 -2.22105
-0.567792 -3.34286
2.75998 0.244764
2.5047 -0.0959047
2.22021 -0.464495
-0.882034 -3.57221
-0.601486 -3.36846
0.270026 -2.63142
-3.10311 -4.57296
0.392048 -2.51608
1.39442 -1.46288
-3.08332 -4.56898
2.04626 -0.683869
-0.176351 -3.02824
1.07973 -1.81322
-1.10484 -3.72204
-0.703682 -3.44461
2.33518 -0.316982
3.67312 1.53283
-3.79598 -4.65626
1.11634 -1.77336
2.79111 0.286914
-1.34603 -3.87209
-3.4041 -4.62261
0.964287 -1.93732
0.008751 -2.86853
-3.87927 -4.6589
-1.91955 -4.17736
0.79369 -2.11627
1.94084 -0.814525
-0.116323 -2.97721
0.474146 -2.43686
1.66982 -1.14229
0.780055 -2.13035
1.04213 -1.8539
0.746978 -2.16434
-0.75472 -3.48182
-3.26465 -4.60218
-0.204095 -3.05158
0.915982 -1.98854
-2.155 -4.28139
1.23023 -1.64784
3.24126 0.910832
-2.76431 -4.49231
-3.08947 -4.57022
2.27286 -0.397179
-1.09888 -3.71817
3.43541 1.18777
3.55378 1.35879
-1.25195 -3.81507
3.73981 1.63076
-3.24655 -4.59921
0.970077 -1.93116
-1.61889 -4.02644
-3.58805 -4.64276
-0.481879 -3.27653
-1.53933 -3.98314
-1.87637 -4.15693
0.495998 -2.41555
1.0257 -1.8716
-3.18549 -4.58861
1.71106 -1.09318
-1.5381 -3.98245
-3.53477 -4.63772
2.79952 0.298331
-2.85777 -4.51718
0.123329 -2.76622
-0.359819 -3.17965
-1.48686 -3.95381
-3.16932 -4.58566
1.32414 -1.54263
2.23703 -0.443031
-0.657713 -3.41063
-0.82204 -3.53005
-3.39068 -4.62084
0.39068 -2.51739
2.28272 -0.384526
-1.68132 -4.05943
-2.36978 -4.36536
-2.70324 -4.47498
-1.63226 -4.03358
-3.21245 -4.59339
-2.96575 -4.54342
-1.3792 -3.89173
2.95625 0.512746
3.85824 1.80588
-2.41114 -4.38033
-2.54569 -4.42634
-2.36975 -4.36535
-1.69589 -4.06701
-1.71005 -4.07433
-2.43232 -4.38785
1.45165 -1.39732
-1.66918 -4.05309
1.20467 -1.67622
-0.289981 -3.12283
-2.6715 -4.46563
1.43084 -1.42122
2.79851 0.296956
-0.294207 -3.1263
3.24057 0.909867
0.909831 -1.99503
1.49689 -1.34509
3.09841 0.710024
-1.9257 -4.18023
1.83484 -0.944134
1.23103 -1.64696
1.09064 -1.80136
-0.182868 -3.03374
3.15446 0.788511
2.71819 0.188372
0.531925 -2.38032
-2.13875 -4.27461
-3.2592 -4.6013
2.22639 -0.456607
-3.29745 -4.60739
-2.83335 -4.51087
-1.89663 -4.16657
-2.42663 -4.38584
-2.35531 -4.36004
-3.96643 -4.65999
-0.475207 -3.27132
-2.88998 -4.52528
-3.20963 -4.5929
3.2344 0.901138
-3.63154 -4.6464
-0.561864 -3.33834
2.63625 0.0785067
-3.74519 -4.65387
1.308 -1.56082
3.61259 1.44436
-1.7847 -4.11217
-1.60562 -4.01931
-2.77135 -4.49425
1.57783 -1.25079
3.11535 0.733707
0.476583 -2.43449
-0.449519 -3.25115
-3.4112 -4.62353
-1.20544 -3.78617
0.918054 -1.98635
2.72356 0.195602
-0.633794 -3.39277
1.94365 -0.811065
1.90736 -0.855656
-2.3551 -4.35996
-2.26385 -4.32526
-1.35482 -3.87732
3.44307 1.19879
2.74734 0.227676
3.50416 1.28691
0.079499 -2.80567
0.981201 -1.91929
-0.489706 -3.28264
-3.68638 -4.65037
-3.47224 -4.63098
-3.55794 -4.63999
3.14236 0.771535
-3.76151 -4.6547
-1.57834 -4.00454
-3.67352 -4.6495
-0.814182 -3.52447
-3.13951 -4.58007
-2.80982 -4.50466
-1.30863 -3.84965
0.792992 -2.117
-1.41937 -3.91519
2.65309 0.101011
-1.26531 -3.82329
-2.57551 -4.43598
1.91507 -0.846201
-2.28859 -4.33485
-1.26022 -3.82016
1.71934 -1.08328
0.525434 -2.38671
-0.915323 -3.59528
-3.87088 -4.65871
-2.71304 -4.47781
1.73343 -1.06643
0.845183 -2.06282
-0.622682 -3.38443
2.17102 -0.526995
2.26989 -0.400991
-2.50102 -4.41153
-2.46633 -4.3997
2.73522 0.211318
3.00816 0.584484
-0.636181 -3.39456
-2.89606 -4.52679
-3.27913 -4.60451
-1.56811 -3.99896
-3.00602 -4.55253
-3.95842 -4.65996
-3.7736 -4.65528
0.587139 -2.32571
3.40193 1.13969
0.598326 -2.31457
-2.64127 -4.45652
1.26896 -1.60464
2.82687 0.335503
2.78416 0.27749
-0.693513 -3.43713
-3.80775 -4.65673
-1.19982 -3.78264
0.186624 -2.70858
-0.414832 -3.2237
-1.10295 -3.72081
-1.74227 -4.09081
-0.100438 -2.96358
0.204089 -2.69254
0.13817 -2.75277
-3.55096 -4.63932
0.311183 -2.59284
-0.494729 -3.28655
0.509238 -2.4026
-0.606648 -3.37236
-3.49847 -4.63392
-3.57582 -4.64166
0.051082 -2.83104
-3.36746 -4.61767
2.99932 0.572235
-2.07765 -4.24859
0.594509 -2.31837
1.03095 -1.86596
3.64814 1.49626
0.341855 -2.56388
0.587452 -2.32539
-3.62798 -4.64612
-1.66795 -4.05244
-0.568294 -3.34325
-1.84351 -4.1411
-2.4981 -4.41054
0.310542 -2.59345
-0.203931 -3.05144
-1.84723 -4.1429
-0.230146 -3.07335
1.91287 -0.848908
-1.48561 -3.9531
-1.06778 -3.69786
-1.48446 -3.95245
2.34174 -0.308494
1.6834 -1.12615
2.62029 0.0572113
-0.646762 -3.40247
3.33646 1.04607
0.630949 -2.28195
0.610876 -2.30205
0.002862 -2.87372
2.44533 -0.17381
-1.44821 -3.93182
2.0498 -0.679453
0.417918 -2.49126
1.6575 -1.1569
-1.68484 -4.06127
1.05253 -1.84268
-2.03971 -4.23201
-2.8558 -4.51667
2.19429 -0.497468
-1.59365 -4.01285
0.371943 -2.53529
-0.140665 -2.99799
-1.7322 -4.08569
-2.4931 -4.40885
-2.70656 -4.47594
-3.25061 -4.59988
0.24285 -2.65671
2.27904 -0.389258
3.07942 0.68352
-1.67719 -4.05728
3.45038 1.20931
0.832129 -2.07642
-0.339147 -3.16294
2.32871 -0.325328
3.762 1.66346
2.5997 0.0298059
-3.79574 -4.65625
3.29495 0.986975
-1.82109 -4.13016
0.713475 -2.19856
2.31774 -0.33948
-2.32439 -4.34849
1.84265 -0.93465
-0.63827 -3.39612
3.55392 1.359
2.35778 -0.287752
0.217656 -2.68003
1.88211 -0.886558
-0.040247 -2.91148
-3.72217 -4.65259
-0.804171 -3.51734
3.33877 1.04936
-3.57682 -4.64176
2.89698 0.431281
3.87285 1.82758
3.33386 1.04236
-2.43328 -4.38819
-0.713762 -3.452
0.74644 -2.16489
2.80349 0.303716
-0.06214 -2.93052
-2.42925 -4.38677
-1.91352 -4.17453
0.547937 -2.36455
2.2464 -0.431068
0.48351 -2.42774
-0.773006 -3.49501
1.24634 -1.6299
2.39859 -0.234779
0.778456 -2.13199
3.53002 1.32434
2.70571 0.171571
2.07822 -0.643911
-1.74708 -4.09326
-2.22863 -4.31135
-1.9057 -4.17085
3.62454 1.4618
-3.87055 -4.6587
0.698204 -2.21409
0.909436 -1.99544
3.95706 1.95311
-1.45294 -3.93452
3.50857 1.29328
0.42961 -2.48
2.29722 -0.3659
2.91179 0.451588
-2.99727 -4.55058
-0.598964 -3.36655
2.43696 -0.184742
0.856644 -2.05086
0.156448 -2.73616
1.70854 -1.09619
2.30416 -0.356974
-2.43902 -4.3902
0.866061 -2.04101
-2.21918 -4.30758
-0.425097 -3.23185
-0.820814 -3.52918
3.6155 1.4486
-0.519877 -3.30606
-1.91729 -4.1763
2.12876 -0.580399
-1.18486 -3.77323
-3.77376 -4.65529
3.77454 1.68196
-2.0122 -4.21978
0.562565 -2.35009
-3.89507 -4.65923
2.96376 0.523112
3.75182 1.64846
-0.424841 -3.23165
-0.28933 -3.1223
-0.370048 -3.18789
3.19995 0.8525
2.04461 -0.68592
-1.52619 -3.97585
0.515542 -2.39642
1.12055 -1.76877
1.1633 -1.72189
-2.7779 -4.49604
0.769411 -2.14131
-3.85385 -4.65826
-3.92752 -4.65972
0.726608 -2.18517
2.8873 0.418015
1.94781 -0.805948
0.98248 -1.91793
3.98195 1.99035
1.69911 -1.10744
2.53879 -0.0509461
-0.78538 -3.5039
-2.02903 -4.22728
0.153101 -2.73921
3.43767 1.19103
0.915122 -1.98944
-1.33624 -3.86625
-3.35307 -4.61565
0.440816 -2.46918
-0.809158 -3.52089
-0.998951 -3.65217
0.655571 -2.25721
3.75418 1.65193
-0.583118 -3.35453
3.61199 1.44348
1.40616 -1.44948
3.23453 0.901319
-3.53391 -4.63764
-1.98372 -4.20695
2.34963 -0.298293
-3.50994 -4.63515
2.61041 0.044051
-3.93927 -4.65984
-1.8207 -4.12997
-2.40969 -4.37982
0.844155 -2.0639
1.34012 -1.52457
-0.853734 -3.55242
-3.86448 -4.65855
-1.6209 -4.02752
2.35249 -0.294588
3.42175 1.16815
0.435362 -2.47445
-0.938533 -3.61122
-2.8612 -4.51805
-1.74374 -4.09156
-1.45302 -3.93457
-2.53917 -4.42421
-0.843079 -3.54492
2.68562 0.144587
2.9225 0.4663
-2.61919 -4.44973
-3.85993 -4.65843
0.533946 -2.37834
-3.58418 -4.64242
-2.45827 -4.39692
-2.31044 -4.34321
0.46342 -2.44728
1.39886 -1.45782
3.18509 0.831571
-0.648047 -3.40343
-0.179024 -3.0305
1.73712 -1.06201
-1.65007 -4.04303
-1.0694 -3.69893
1.03186 -1.86498
3.37466 1.10063
1.57107 -1.25871
-3.2185 -4.59445
1.29005 -1.581
3.27842 0.963492
3.74927 1.6447
3.84363 1.7842
0.295564 -2.60752
0.491955 -2.4195
-1.05685 -3.69067
-2.84646 -4.51427
2.78866 0.283593
3.04849 0.640453
2.83312 0.344018
-1.40559 -3.90718
-3.36915 -4.61791
-3.5066 -4.63479
-2.39292 -4.37379
0.629415 -2.28349
3.18288 0.828454
3.76605 1.66943
2.01807 -0.718982
2.76955 0.257709
-3.27053 -4.60314
2.19098 -0.501684
-2.63627 -4.45499
2.52574 -0.068169
-2.29894 -4.33882
3.32852 1.03474
-3.8623 -4.65849
-3.40463 -4.62268
0.442324 -2.46772
-2.56525 -4.43269
0.102846 -2.7847
-3.96683 -4.65999
0.277621 -2.62433
-3.7192 -4.65242
-1.46364 -3.94063
-0.843468 -3.5452
-3.37672 -4.61895
-3.91839 -4.6596
1.39678 -1.46019
-2.06489 -4.24305
-3.10321 -4.57298
-1.71601 -4.07739
2.16285 -0.537341
1.61488 -1.20726
1.97286 -0.775027
-2.03593 -4.23034
1.09426 -1.79743
1.32651 -1.53995
-2.06366 -4.24251
-2.41585 -4.38201
-0.335751 -3.16018
3.42815 1.17734
-1.11797 -3.73053
3.85893 1.80691
0.914124 -1.9905
-0.667424 -3.41785
-2.48864 -4.40734
1.48107 -1.3634
-1.52039 -3.97262
-0.431283 -3.23675
-3.72407 -4.6527
-2.54387 -4.42575
-2.96092 -4.54231
-0.172452 -3.02495
-0.182024 -3.03303
1.79696 -0.990012
-1.06628 -3.69688
-1.25764 -3.81857
-2.54237 -4.42526
-1.67261 -4.05489
-0.290537 -3.12329
-0.846564 -3.54738
0.477135 -2.43395
3.34528 1.05865
-0.669112 -3.4191
0.607022 -2.30589
2.95188 0.506723
1.89505 -0.870741
-0.183043 -3.03389
2.83878 0.351725
2.87833 0.405741
3.39944 1.13612
-3.95137 -4.65992
3.99151 2.00468
0.348853 -2.55724
-1.59922 -4.01586
2.49837 -0.104227
-2.68263 -4.46894
-2.47663 -4.40324
2.16155 -0.538989
2.63149 0.0721519
-1.88568 -4.16137
-2.85208 -4.51572
-1.12566 -3.73549
-0.270605 -3.10689
0.647056 -2.26578
0.370095 -2.53705
-3.76881 -4.65505
-0.115279 -2.97631
0.802305 -2.10737
0.601354 -2.31155
-3.89768 -4.65928
1.91831 -0.842226
0.228434 -2.67007
-1.82382 -4.1315
3.07416 0.676186
0.968085 -1.93328
-0.290501 -3.12326
0.558138 -2.35447
-3.40312 -4.62248
0.499785 -2.41185
1.52363 -1.31406
0.842828 -2.06528
-3.5088 -4.63503
-0.510414 -3.29874
-3.46418 -4.63004
3.30766 1.00505
3.56456 1.37445
-2.4714 -4.40145
3.77505 1.68272
0.758565 -2.15245
1.08677 -1.80557
0.599217 -2.31368
2.24584 -0.431779
-3.57649 -4.64173
-1.12506 -3.73511
-1.72661 -4.08283
-1.27588 -3.82976
-0.857036 -3.55474
1.7378 -1.06119
-0.917286 -3.59663
-0.712478 -3.45106
-3.39282 -4.62112
-3.97055 -4.66
-1.18957 -3.7762
0.330028 -2.57507
3.3904 1.12317
-3.93758 -4.65982
0.455305 -2.45516
-1.18902 -3.77585
-3.46813 -4.6305
-3.86987 -4.65868
0.61735 -2.29557
1.4885 -1.3548
3.41382 1.15675
-2.11127 -4.26301
-2.94454 -4.53848
0.887241 -2.0188
2.6862 0.145361
-1.15168 -3.75217
-3.83311 -4.65763
1.75054 -1.04591
-1.01156 -3.66062
-0.276477 -3.11173
3.13864 0.766324
1.72696 -1.07418
-3.78205 -4.65566
-3.60654 -4.64436
-2.47932 -4.40416
2.04115 -0.690236
-1.90443 -4.17025
-1.77892 -4.10928
-3.02894 -4.55755
-0.100812 -2.9639
0.777855 -2.13261
-1.51816 -3.97137
3.92293 1.90215
-1.62186 -4.02803
2.26629 -0.405599
2.65186 0.099367
1.92341 -0.835971
1.55015 -1.28317
1.36332 -1.49827
0.305323 -2.59836
-3.60574 -4.6443
-1.40919 -3.90928
2.92528 0.470116
2.37132 -0.270193
2.56462 -0.0167694
0.621947 -2.29097
2.16219 -0.53818
-2.4999 -4.41115
-0.67462 -3.42318
-1.96124 -4.19669
-3.26553 -4.60233
-2.71139 -4.47734
-0.244368 -3.08518
-1.92866 -4.18162
-0.603534 -3.37
0.115465 -2.77332
1.07087 -1.82283
2.33059 -0.322905
3.93689 1.92297
3.33532 1.04444
-3.25688 -4.60092
-3.91152 -4.65951
-2.8339 -4.51101
-2.41747 -4.38259
-2.45707 -4.3965
1.04269 -1.8533
1.70034 -1.10597
0.934285 -1.96918
-3.74675 -4.65395
-0.684334 -3.43036
2.29272 -0.371687
2.68302 0.141096
-1.19487 -3.77953
-3.56202 -4.64038
-3.5388 -4.63813
2.46829 -0.143744
0.585418 -2.32742
-0.93389 -3.60804
-1.83663 -4.13775
-1.48204 -3.95108
-1.33384 -3.86481
-0.815377 -3.52532
3.26815 0.948917
-1.25119 -3.8146
-1.29396 -3.84077
-3.45734 -4.62924
1.5743 -1.25493
-3.52351 -4.63657
3.27357 0.956611
-0.92516 -3.60205
-3.87409 -4.65879
0.484825 -2.42646
-3.65775 -4.64838
1.05656 -1.83832
2.57466 -0.00346086
-2.79543 -4.50081
-1.29247 -3.83987
-1.25639 -3.81781
-2.66098 -4.46249
-1.24852 -3.81295
1.07568 -1.81761
3.24621 0.917838
3.31029 1.00879
-1.42624 -3.91917
1.57457 -1.25461
-1.61258 -4.02305
1.85557 -0.918935
-3.54109 -4.63835
2.43622 -0.185713
3.2959 0.988321
3.86748 1.8196
2.64994 0.096793
0.601351 -2.31155
3.48306 1.25643
0.610949 -2.30197
-1.17905 -3.76956
2.99573 0.567266
-1.84541 -4.14202
-0.883324 -3.57311
-2.33792 -4.35357
-2.77161 -4.49432
-0.493667 -3.28573
-1.12839 -3.73725
2.82389 0.331454
-3.53819 -4.63806
-0.245396 -3.08603
2.55626 -0.0278439
2.971 0.533101
1.20383 -1.67714
-2.3492 -4.35777
-2.42118 -4.38391
1.69525 -1.11204
-3.22842 -4.59615
-3.76956 -4.65509
1.15629 -1.7296
1.03809 -1.85826
-2.82282 -4.50811
-0.453433 -3.25423
1.69236 -1.11548
-3.62751 -4.64608
-1.81462 -4.12698
0.137496 -2.75339
1.20226 -1.67889
-3.60591 -4.64431
2.29305 -0.371255
0.978998 -1.92164
-0.465635 -3.26382
-2.0282 -4.22692
2.38055 -0.258219
-0.329201 -3.15486
-2.86116 -4.51804
1.6078 -1.2156
-1.21505 -3.79218
2.60749 0.0401625
1.13299 -1.75515
-2.74319 -4.48641
0.545165 -2.36728
-3.11621 -4.57556
-0.586367 -3.357
-1.74512 -4.09226
-2.43104 -4.3874
3.6842 1.54907
-0.433781 -3.23873
-2.89262 -4.52594
-1.5282 -3.97696
-3.09295 -4.57093
1.32092 -1.54625
0.886568 -2.01951
0.837578 -2.07075
2.77284 0.262152
-0.69443 -3.43781
3.98833 1.9999
-3.34873 -4.61503
-3.83294 -4.65763
-3.15458 -4.58292
-0.001555 -2.87761
-0.346616 -3.16899
-2.53265 -4.42206
-0.440123 -3.24374
2.41817 -0.209275
-2.63363 -4.45418
1.60496 -1.21893
1.50601 -1.33452
-0.000831 -2.87697
-1.45716 -3.93694
-0.889273 -3.57725
-3.38097 -4.61953
0.437888 -2.47201
-1.21433 -3.79173
0.89528 -2.01035
-3.80048 -4.65644
0.179236 -2.71535
3.09002 0.698309
-1.48627 -3.95347
-2.80229 -4.50265
2.07969 -0.642074
0.057194 -2.82559
3.66469 1.52049
2.04445 -0.686128
-1.32027 -3.85667
2.53037 -0.0620637
2.67365 0.128535
2.77917 0.270738
2.83572 0.347558
1.40223 -1.45397
1.71077 -1.09352
-1.77528 -4.10746
3.46107 1.2247
3.34445 1.05746
-1.50696 -3.96511
-3.04103 -4.56015
0.12685 -2.76303
-0.790946 -3.50789
0.220754 -2.67717
2.83344 0.34446
2.27175 -0.398601
1.85168 -0.923662
3.49847 1.27869
-0.2113 -3.05762
2.77142 0.260228
0.126682 -2.76319
-0.009746 -2.8848
-3.28334 -4.60518
3.61713 1.45098
-0.195883 -3.04469
3.55931 1.36683
-2.88022 -4.52285
-0.546051 -3.32623
-1.84137 -4.14006
2.64205 0.0862445
2.31709 -0.340317
-3.27188 -4.60335
-1.01984 -3.66614
1.60643 -1.2172
0.947162 -1.95553
-1.80604 -4.12276
2.75663 0.240232
-1.1552 -3.75442
-2.48212 -4.40512
-1.47 -3.94425
-1.22165 -3.79629
1.35099 -1.51227
0.753128 -2.15803
0.814644 -2.09458
-2.08555 -4.252
3.53184 1.32698
0.486356 -2.42497
3.6111 1.44218
-3.18892 -4.58923
-1.99685 -4.21289
-2.149 -4.27889
0.411689 -2.49725
0.261565 -2.63931
2.11988 -0.59159
-2.48222 -4.40515
-2.80839 -4.50428
0.498362 -2.41324
-0.009138 -2.88427
2.7289 0.202795
1.82197 -0.959745
0.156952 -2.7357
-0.272215 -3.10822
1.87908 -0.890257
-0.9077 -3.59002
1.66157 -1.15207
1.6786 -1.13185
3.39352 1.12763
1.09234 -1.79952
1.78283 -1.00706
-2.60468 -4.44521
3.65264 1.50285
2.70328 0.168309
2.11721 -0.594946
3.08612 0.692863
0.713836 -2.19819
3.94835 1.94008
2.23842 -0.441254
-0.698102 -3.44051
2.57999 0.00361353
0.952742 -1.9496
2.27065 -0.400015
-3.39283 -4.62113
-1.2351 -3.80465
3.26301 0.941632
-2.36632 -4.3641
2.98533 0.552891
3.90561 1.87633
3.27571 0.959648
0.709864 -2.20223
0.728305 -2.18344
-1.82844 -4.13376
3.52555 1.31786
0.183036 -2.71187
-3.43942 -4.62708
1.22066 -1.65847
3.5828 1.40097
-3.2008 -4.59135
-3.25241 -4.60018
0.452219 -2.45815
-3.68983 -4.6506
2.29919 -0.363361
2.9385 0.488298
2.30673 -0.353662
3.22897 0.893458
-3.72686 -4.65286
0.493353 -2.41814
-0.637422 -3.39549
-1.25525 -3.8171
-0.313167 -3.14181
3.0446 0.635038
1.97958 -0.766722
0.982239 -1.91818
3.83 1.76398
-2.95703 -4.5414
-0.760599 -3.48607
2.97967 0.545063
1.43637 -1.41487
2.03778 -0.694445
-2.0671 -4.24401
-2.00751 -4.21768
2.72573 0.19853
2.44156 -0.17873
-3.65575 -4.64824
-3.34352 -4.61428
3.11773 0.737038
-1.4709 -3.94477
1.58207 -1.24583
1.76018 -1.03433
1.36767 -1.49334
-3.5792 -4.64197
3.20726 0.862809
-1.62327 -4.02878
2.87407 0.399913
0.800507 -2.10923
3.90789 1.87972
-2.8949 -4.5265
2.90823 0.446708
-1.88239 -4.1598
3.97084 1.97372
-3.82934 -4.65751
-3.48446 -4.63237
2.02361 -0.712093
0.300352 -2.60303
-3.86487 -4.65856
1.83873 -0.939411
-3.20704 -4.59245
0.733476 -2.17815
-3.03404 -4.55865
-0.38698 -3.20148
2.47839 -0.130485
2.40237 -0.229862
-0.785007 -3.50364
-0.41692 -3.22536
1.55056 -1.28269
-1.10654 -3.72315
3.05656 0.651683
0.591907 -2.32096
-1.22798 -3.80024
-3.04648 -4.56131
2.93498 0.483458
-0.908429 -3.59052
2.05567 -0.67212
3.49262 1.27022
3.57133 1.3843
-3.17417 -4.58655
-3.94248 -4.65986
3.63385 1.47539
-0.920268 -3.59868
2.43461 -0.187822
0.253822 -2.64652
2.5601 -0.0227516
-3.05714 -4.56356
1.73039 -1.07007
3.2526 0.92689
-0.09245 -2.95671
-3.40303 -4.62247
3.39646 1.13185
1.08956 -1.80254
1.45611 -1.39218
-3.6238 -4.64579
-1.14303 -3.74664
3.25835 0.935032
0.866752 -2.04029
2.56626 -0.0145897
-0.930989 -3.60605
2.22521 -0.458117
-3.78435 -4.65576
2.31759 -0.33967
2.98641 0.554388
2.17801 -0.518143
-1.92473 -4.17978
2.16775 -0.531144
-3.55448 -4.63966
-1.24038 -3.80793
-2.10772 -4.2615
-2.07673 -4.24819
-3.77718 -4.65544
-2.46429 -4.399
-2.58765 -4.43985
1.65091 -1.16471
-1.98563 -4.20781
2.9469 0.499866
3.90185 1.87073
-0.471836 -3.26868
3.08726 0.694462
1.49525 -1.34699
3.91641 1.89241
-1.6967 -4.06743
-1.64721 -4.04151
-1.0848 -3.709
-3.6337 -4.64657
2.11466 -0.59816
0.61159 -2.30133
-0.921183 -3.59931
1.62879 -1.19085
-2.58065 -4.43762
-0.279362 -3.1141
0.385443 -2.5224
-0.542673 -3.32363
3.78136 1.69204
-0.567886 -3.34294
1.38574 -1.47278
0.437543 -2.47234
-3.73097 -4.6531
-1.34586 -3.87199
3.39006 1.12268
3.74023 1.63139
-2.78816 -4.49884
-0.116599 -2.97744
1.81125 -0.972732
-2.07888 -4.24912
-0.933334 -3.60766
-0.440363 -3.24393
1.99177 -0.751625
-2.48243 -4.40522
0.143356 -2.74807
-0.907992 -3.59022
3.26523 0.944787
0.192152 -2.70351
