0.69134 0.460085
-0.567792 0.460085
2.75998 0.460085
2.5047 0.460085
2.22021 0.460085
-0.882034 0.460085
-0.601486 0.460085
0.270026 0.460085
-3.10311 0.460085
0.392048 0.460085
1.39442 0.460085
-3.08332 0.460085
2.04626 0.460085
-0.176351 0.460085
1.07973 0.460085
-1.10484 0.460085
-0.703682 0.460085
2.33518 0.460085
3.67312 0.460085
-3.79598 0.460085
1.11634 0.460085
2.79111 0.460085
-1.34603 0.460085
-3.4041 0.460085
0.964287 0.460085
0.008751 0.460085
-3.87927 0.460085
-1.91955 0.460085
0.79369 0.460085
1.94084 0.460085
-0.116323 0.460085
0.474146 0.460085
1.66982 0.460085
0.780055 0.460085
1.04213 0.460085
0.746978 0.460085
-0.75472 0.460085
-3.26465 0.460085
-0.204095 0.460085
0.915982 0.460085
-2.155 0.460085
1.23023 0.460085
3.24126 0.460085
-2.76431 0.460085
-3.08947 0.460085
2.27286 0.460085
-1.09888 0.460085
3.43541 0.460085
3.55378 0.460085
-1.25195 0.460085
3.73981 0.460085
-3.24655 0.460085
0.970077 0.460085
-1.61889 0.460085
-3.58805 0.460085
-0.481879 0.460085
-1.53933 0.460085
-1.87637 0.460085
0.495998 0.460085
1.0257 0.460085
-3.18549 0.460085
1.71106 0.460085
-1.5381 0.460085
-3.53477 0.460085
2.79952 0.460085
-2.85777 0.460085
0.123329 0.460085
-0.359819 0.460085
-1.48686 0.460085
-3.16932 0.460085
1.32414 0.460085
2.23703 0.460085
-0.657713 0.460085
-0.82204 0.460085
-3.39068 0.460085
0.39068 0.460085
2.28272 0.460085
-1.68132 0.460085
-2.36978 0.460085
-2.70324 0.460085
-1.63226 0.460085
-3.21245 0.460085
-2.96575 0.460085
-1.3792 0.460085
2.95625 0.460085
3.85824 0.460085
-2.41114 0.460085
-2.54569 0.460085
-2.36975 0.460085
-1.69589 0.460085
-1.71005 0.460085
-2.43232 0.460085
1.45165 0.460085
-1.66918 0.460085
1.20467 0.460085
-0.289981 0.460085
-2.6715 0.460085
1.43084 0.460085
2.79851 0.460085
-0.294207 0.460085
3.24057 0.460085
0.909831 0.460085
1.49689 0.460085
3.09841 0.460085
-1.9257 0.460085
1.83484 0.460085
1.23103 0.460085
1.09064 0.460085
-0.182868 0.460085
3.15446 0.460085
2.71819 0.460085
0.531925 0.460085
-2.13875 0.460085
-3.2592 0.460085
2.22639 0.460085
-3.29745 0.460085
-2.83335 0.460085
-1.89663 0.460085
-2.42663 0.460085
-2.35531 0.460085
-3.96643 0.460085
-0.475207 0.460085
-2.88998 0.460085
-3.20963 0.460085
3.2344 0.460085
-3.63154 0.460085
-0.561864 0.460085
2.63625 0.460085
-3.74519 0.460085
1.308 0.460085
3.61259 0.460085
-1.7847 0.460085
-1.60562 0.460085
-2.77135 0.460085
1.57783 0.460085
3.11535 0.460085
0.476583 0.460085
-0.449519 0.460085
-3.4112 0.460085
-1.20544 0.460085
0.918054 0.460085
2.72356 0.460085
-0.633794 0.460085
1.94365 0.460085
1.90736 0.460085
-2.3551 0.460085
-2.26385 0.460085
-1.35482 0.460085
3.44307 0.460085
2.74734 0.460085
3.50416 0.460085
0.079499 0.460085
0.981201 0.460085
-0.489706 0.460085
-3.68638 0.460085
-3.47224 0.460085
-3.55794 0.460085
3.14236 0.460085
-3.76151 0.460085
-1.57834 0.460085
-3.67352 0.460085
-0.814182 0.460085
-3.13951 0.460085
-2.80982 0.460085
-1.30863 0.460085
0.792992 0.460085
-1.41937 0.460085
2.65309 0.460085
-1.26531 0.460085
-2.57551 0.460085
1.91507 0.460085
-2.28859 0.460085
-1.26022 0.460085
1.71934 0.460085
0.525434 0.460085
-0.915323 0.460085
-3.87088 0.460085
-2.71304 0.460085
1.73343 0.460085
0.845183 0.460085
-0.622682 0.460085
2.17102 0.460085
2.26989 0.460085
-2.50102 0.460085
-2.46633 0.460085
2.73522 0.460085
3.00816 0.460085
-0.636181 0.460085
-2.89606 0.460085
-3.27913 0.460085
-1.56811 0.460085
-3.00602 0.460085
-3.95842 0.460085
-3.7736 0.460085
0.587139 0.460085
3.40193 0.460085
0.598326 0.460085
-2.64127 0.460085
1.26896 0.460085
2.82687 0.460085
2.78416 0.460085
-0.693513 0.460085
-3.80775 0.460085
-1.19982 0.460085
0.186624 0.460085
-0.414832 0.460085
-1.10295 0.460085
-1.74227 0.460085
-0.100438 0.460085
0.204089 0.460085
0.13817 0.460085
-3.55096 0.460085
0.311183 0.460085
-0.494729 0.460085
0.509238 0.460085
-0.606648 0.460085
-3.49847 0.460085
-3.57582 0.460085
0.051082 0.460085
-3.36746 0.460085
2.99932 0.460085
-2.07765 0.460085
0.594509 0.460085
1.03095 0.460085
3.64814 0.460085
0.341855 0.460085
0.587452 0.460085
-3.62798 0.460085
-1.66795 0.460085
-0.568294 0.460085
-1.84351 0.460085
-2.4981 0.460085
0.310542 0.460085
-0.203931 0.460085
-1.84723 0.460085
-0.230146 0.460085
1.91287 0.460085
-1.48561 0.460085
-1.06778 0.460085
-1.48446 0.460085
2.34174 0.460085
1.6834 0.460085
2.62029 0.460085
-0.646762 0.460085
3.33646 0.460085
0.630949 0.460085
0.610876 0.460085
0.002862 0.460085
2.44533 0.460085
-1.44821 0.460085
2.0498 0.460085
0.417918 0.460085
1.6575 0.460085
-1.68484 0.460085
1.05253 0.460085
-2.03971 0.460085
-2.8558 0.460085
2.19429 0.460085
-1.59365 0.460085
0.371943 0.460085
-0.140665 0.460085
-1.7322 0.460085
-2.4931 0.460085
-2.70656 0.460085
-3.25061 0.460085
0.24285 0.460085
2.27904 0.460085
3.07942 0.460085
-1.67719 0.460085
3.45038 0.460085
0.832129 0.460085
-0.339147 0.460085
2.32871 0.460085
3.762 0.460085
2.5997 0.460085
-3.79574 0.460085
3.29495 0.460085
-1.82109 0.460085
0.713475 0.460085
2.31774 0.460085
-2.32439 0.460085
1.84265 0.460085
-0.63827 0.460085
3.55392 0.460085
2.35778 0.460085
0.217656 0.460085
1.88211 0.460085
-0.040247 0.460085
-3.72217 0.460085
-0.804171 0.460085
3.33877 0.460085
-3.57682 0.460085
2.89698 0.460085
3.87285 0.460085
3.33386 0.460085
-2.43328 0.460085
-0.713762 0.460085
0.74644 0.460085
2.80349 0.460085
-0.06214 0.460085
-2.42925 0.460085
-1.91352 0.460085
0.547937 0.460085
2.2464 0.460085
0.48351 0.460085
-0.773006 0.460085
1.24634 0.460085
2.39859 0.460085
0.778456 0.460085
3.53002 0.460085
2.70571 0.460085
2.07822 0.460085
-1.74708 0.460085
-2.22863 0.460085
-1.9057 0.460085
3.62454 0.460085
-3.87055 0.460085
0.698204 0.460085
0.909436 0.460085
3.95706 0.460085
-1.45294 0.460085
3.50857 0.460085
0.42961 0.460085
2.29722 0.460085
2.91179 0.460085
-2.99727 0.460085
-0.598964 0.460085
2.43696 0.460085
0.856644 0.460085
0.156448 0.460085
1.70854 0.460085
2.30416 0.460085
-2.43902 0.460085
0.866061 0.460085
-2.21918 0.460085
-0.425097 0.460085
-0.820814 0.460085
3.6155 0.460085
-0.519877 0.460085
-1.91729 0.460085
2.12876 0.460085
-1.18486 0.460085
-3.77376 0.460085
3.77454 0.460085
-2.0122 0.460085
0.562565 0.460085
-3.89507 0.460085
2.96376 0.460085
3.75182 0.460085
-0.424841 0.460085
-0.28933 0.460085
-0.370048 0.460085
3.19995 0.460085
2.04461 0.460085
-1.52619 0.460085
0.515542 0.460085
1.12055 0.460085
1.1633 0.460085
-2.7779 0.460085
0.769411 0.460085
-3.85385 0.460085
-3.92752 0.460085
0.726608 0.460085
2.8873 0.460085
1.94781 0.460085
0.98248 0.460085
3.98195 0.460085
1.69911 0.460085
2.53879 0.460085
-0.78538 0.460085
-2.02903 0.460085
0.153101 0.460085
3.43767 0.460085
0.915122 0.460085
-1.33624 0.460085
-3.35307 0.460085
0.440816 0.460085
-0.809158 0.460085
-0.998951 0.460085
0.655571 0.460085
3.75418 0.460085
-0.583118 0.460085
3.61199 0.460085
1.40616 0.460085
3.23453 0.460085
-3.53391 0.460085
-1.98372 0.460085
2.34963 0.460085
-3.50994 0.460085
2.61041 0.460085
-3.93927 0.460085
-1.8207 0.460085
-2.40969 0.460085
0.844155 0.460085
1.34012 0.460085
-0.853734 0.460085
-3.86448 0.460085
-1.6209 0.460085
2.35249 0.460085
3.42175 0.460085
0.435362 0.460085
-0.938533 0.460085
-2.8612 0.460085
-1.74374 0.460085
-1.45302 0.460085
-2.53917 0.460085
-0.843079 0.460085
2.68562 0.460085
2.9225 0.460085
-2.61919 0.460085
-3.85993 0.460085
0.533946 0.460085
-3.58418 0.460085
-2.45827 0.460085
-2.31044 0.460085
0.46342 0.460085
1.39886 0.460085
3.18509 0.460085
-0.648047 0.460085
-0.179024 0.460085
1.73712 0.460085
-1.65007 0.460085
-1.0694 0.460085
1.03186 0.460085
3.37466 0.460085
1.57107 0.460085
-3.2185 0.460085
1.29005 0.460085
3.27842 0.460085
3.74927 0.460085
3.84363 0.460085
0.295564 0.460085
0.491955 0.460085
-1.05685 0.460085
-2.84646 0.460085
2.78866 0.460085
3.04849 0.460085
2.83312 0.460085
-1.40559 0.460085
-3.36915 0.460085
-3.5066 0.460085
-2.39292 0.460085
0.629415 0.460085
3.18288 0.460085
3.76605 0.460085
2.01807 0.460085
2.76955 0.460085
-3.27053 0.460085
2.19098 0.460085
-2.63627 0.460085
2.52574 0.460085
-2.29894 0.460085
3.32852 0.460085
-3.8623 0.460085
-3.40463 0.460085
0.442324 0.460085
-2.56525 0.460085
0.102846 0.460085
-3.96683 0.460085
0.277621 0.460085
-3.7192 0.460085
-1.46364 0.460085
-0.843468 0.460085
-3.37672 0.460085
-3.91839 0.460085
1.39678 0.460085
-2.06489 0.460085
-3.10321 0.460085
-1.71601 0.460085
2.16285 0.460085
1.61488 0.460085
1.97286 0.460085
-2.03593 0.460085
1.09426 0.460085
1.32651 0.460085
-2.06366 0.460085
-2.41585 0.460085
-0.335751 0.460085
3.42815 0.460085
-1.11797 0.460085
3.85893 0.460085
0.914124 0.460085
-0.667424 0.460085
-2.48864 0.460085
1.48107 0.460085
-1.52039 0.460085
-0.431283 0.460085
-3.72407 0.460085
-2.54387 0.460085
-2.96092 0.460085
-0.172452 0.460085
-0.182024 0.460085
1.79696 0.460085
-1.06628 0.460085
-1.25764 0.460085
-2.54237 0.460085
-1.67261 0.460085
-0.290537 0.460085
-0.846564 0.460085
0.477135 0.460085
3.34528 0.460085
-0.669112 0.460085
0.607022 0.460085
2.95188 0.460085
1.89505 0.460085
-0.183043 0.460085
2.83878 0.460085
2.87833 0.460085
3.39944 0.460085
-3.95137 0.460085
3.99151 0.460085
0.348853 0.460085
-1.59922 0.460085
2.49837 0.460085
-2.68263 0.460085
-2.47663 0.460085
2.16155 0.460085
2.63149 0.460085
-1.88568 0.460085
-2.85208 0.460085
-1.12566 0.460085
-0.270605 0.460085
0.647056 0.460085
0.370095 0.460085
-3.76881 0.460085
-0.115279 0.460085
0.802305 0.460085
0.601354 0.460085
-3.89768 0.460085
1.91831 0.460085
0.228434 0.460085
-1.82382 0.460085
3.07416 0.460085
0.968085 0.460085
-0.290501 0.460085
0.558138 0.460085
-3.40312 0.460085
0.499785 0.460085
1.52363 0.460085
0.842828 0.460085
-3.5088 0.460085
-0.510414 0.460085
-3.46418 0.460085
3.30766 0.460085
3.56456 0.460085
-2.4714 0.460085
3.77505 0.460085
0.758565 0.460085
1.08677 0.460085
0.599217 0.460085
2.24584 0.460085
-3.57649 0.460085
-1.12506 0.460085
-1.72661 0.460085
-1.27588 0.460085
-0.857036 0.460085
1.7378 0.460085
-0.917286 0.460085
-0.712478 0.460085
-3.39282 0.460085
-3.97055 0.460085
-1.18957 0.460085
0.330028 0.460085
3.3904 0.460085
-3.93758 0.460085
0.455305 0.460085
-1.18902 0.460085
-3.46813 0.460085
-3.86987 0.460085
0.61735 0.460085
1.4885 0.460085
3.41382 0.460085
-2.11127 0.460085
-2.94454 0.460085
0.887241 0.460085
2.6862 0.460085
-1.15168 0.460085
-3.83311 0.460085
1.75054 0.460085
-1.01156 0.460085
-0.276477 0.460085
3.13864 0.460085
1.72696 0.460085
-3.78205 0.460085
-3.60654 0.460085
-2.47932 0.460085
2.04115 0.460085
-1.90443 0.460085
-1.77892 0.460085
-3.02894 0.460085
-0.100812 0.460085
0.777855 0.460085
-1.51816 0.460085
3.92293 0.460085
-1.62186 0.460085
2.26629 0.460085
2.65186 0.460085
1.92341 0.460085
1.55015 0.460085
1.36332 0.460085
0.305323 0.460085
-3.60574 0.460085
-1.40919 0.460085
2.92528 0.460085
2.37132 0.460085
2.56462 0.460085
0.621947 0.460085
2.16219 0.460085
-2.4999 0.460085
-0.67462 0.460085
-1.96124 0.460085
-3.26553 0.460085
-2.71139 0.460085
-0.244368 0.460085
-1.92866 0.460085
-0.603534 0.460085
0.115465 0.460085
1.07087 0.460085
2.33059 0.460085
3.93689 0.460085
3.33532 0.460085
-3.25688 0.460085
-3.91152 0.460085
-2.8339 0.460085
-2.41747 0.460085
-2.45707 0.460085
1.04269 0.460085
1.70034 0.460085
0.934285 0.460085
-3.74675 0.460085
-0.684334 0.460085
2.29272 0.460085
2.68302 0.460085
-1.19487 0.460085
-3.56202 0.460085
-3.5388 0.460085
2.46829 0.460085
0.585418 0.460085
-0.93389 0.460085
-1.83663 0.460085
-1.48204 0.460085
-1.33384 0.460085
-0.815377 0.460085
3.26815 0.460085
-1.25119 0.460085
-1.29396 0.460085
-3.45734 0.460085
1.5743 0.460085
-3.52351 0.460085
3.27357 0.460085
-0.92516 0.460085
-3.87409 0.460085
0.484825 0.460085
-3.65775 0.460085
1.05656 0.460085
2.57466 0.460085
-2.79543 0.460085
-1.29247 0.460085
-1.25639 0.460085
-2.66098 0.460085
-1.24852 0.460085
1.07568 0.460085
3.24621 0.460085
3.31029 0.460085
-1.42624 0.460085
1.57457 0.460085
-1.61258 0.460085
1.85557 0.460085
-3.54109 0.460085
2.43622 0.460085
3.2959 0.460085
3.86748 0.460085
2.64994 0.460085
0.601351 0.460085
3.48306 0.460085
0.610949 0.460085
-1.17905 0.460085
2.99573 0.460085
-1.84541 0.460085
-0.883324 0.460085
-2.33792 0.460085
-2.77161 0.460085
-0.493667 0.460085
-1.12839 0.460085
2.82389 0.460085
-3.53819 0.460085
-0.245396 0.460085
2.55626 0.460085
2.971 0.460085
1.20383 0.460085
-2.3492 0.460085
-2.42118 0.460085
1.69525 0.460085
-3.22842 0.460085
-3.76956 0.460085
1.15629 0.460085
1.03809 0.460085
-2.82282 0.460085
-0.453433 0.460085
1.69236 0.460085
-3.62751 0.460085
-1.81462 0.460085
0.137496 0.460085
1.20226 0.460085
-3.60591 0.460085
2.29305 0.460085
0.978998 0.460085
-0.465635 0.460085
-2.0282 0.460085
2.38055 0.460085
-0.329201 0.460085
-2.86116 0.460085
1.6078 0.460085
-1.21505 0.460085
2.60749 0.460085
1.13299 0.460085
-2.74319 0.460085
0.545165 0.460085
-3.11621 0.460085
-0.586367 0.460085
-1.74512 0.460085
-2.43104 0.460085
3.6842 0.460085
-0.433781 0.460085
-2.89262 0.460085
-1.5282 0.460085
-3.09295 0.460085
1.32092 0.460085
0.886568 0.460085
0.837578 0.460085
2.77284 0.460085
-0.69443 0.460085
3.98833 0.460085
-3.34873 0.460085
-3.83294 0.460085
-3.15458 0.460085
-0.001555 0.460085
-0.346616 0.460085
-2.53265 0.460085
-0.440123 0.460085
2.41817 0.460085
-2.63363 0.460085
1.60496 0.460085
1.50601 0.460085
-0.000831 0.460085
-1.45716 0.460085
-0.889273 0.460085
-3.38097 0.460085
0.437888 0.460085
-1.21433 0.460085
0.89528 0.460085
-3.80048 0.460085
0.179236 0.460085
3.09002 0.460085
-1.48627 0.460085
-2.80229 0.460085
2.07969 0.460085
0.057194 0.460085
3.66469 0.460085
2.04445 0.460085
-1.32027 0.460085
2.53037 0.460085
2.67365 0.460085
2.77917 0.460085
2.83572 0.460085
1.40223 0.460085
1.71077 0.460085
-1.77528 0.460085
3.46107 0.460085
3.34445 0.460085
-1.50696 0.460085
-3.04103 0.460085
0.12685 0.460085
-0.790946 0.460085
0.220754 0.460085
2.83344 0.460085
2.27175 0.460085
1.85168 0.460085
3.49847 0.460085
-0.2113 0.460085
2.77142 0.460085
0.126682 0.460085
-0.009746 0.460085
-3.28334 0.460085
3.61713 0.460085
-0.195883 0.460085
3.55931 0.460085
-2.88022 0.460085
-0.546051 0.460085
-1.84137 0.460085
2.64205 0.460085
2.31709 0.460085
-3.27188 0.460085
-1.01984 0.460085
1.60643 0.460085
0.947162 0.460085
-1.80604 0.460085
2.75663 0.460085
-1.1552 0.460085
-2.48212 0.460085
-1.47 0.460085
-1.22165 0.460085
1.35099 0.460085
0.753128 0.460085
0.814644 0.460085
-2.08555 0.460085
3.53184 0.460085
0.486356 0.460085
3.6111 0.460085
-3.18892 0.460085
-1.99685 0.460085
-2.149 0.460085
0.411689 0.460085
0.261565 0.460085
2.11988 0.460085
-2.48222 0.460085
-2.80839 0.460085
0.498362 0.460085
-0.009138 0.460085
2.7289 0.460085
1.82197 0.460085
0.156952 0.460085
-0.272215 0.460085
1.87908 0.460085
-0.9077 0.460085
1.66157 0.460085
1.6786 0.460085
3.39352 0.460085
1.09234 0.460085
1.78283 0.460085
-2.60468 0.460085
3.65264 0.460085
2.70328 0.460085
2.11721 0.460085
3.08612 0.460085
0.713836 0.460085
3.94835 0.460085
2.23842 0.460085
-0.698102 0.460085
2.57999 0.460085
0.952742 0.460085
2.27065 0.460085
-3.39283 0.460085
-1.2351 0.460085
3.26301 0.460085
-2.36632 0.460085
2.98533 0.460085
3.90561 0.460085
3.27571 0.460085
0.709864 0.460085
0.728305 0.460085
-1.82844 0.460085
3.52555 0.460085
0.183036 0.460085
-3.43942 0.460085
1.22066 0.460085
3.5828 0.460085
-3.2008 0.460085
-3.25241 0.460085
0.452219 0.460085
-3.68983 0.460085
2.29919 0.460085
2.9385 0.460085
2.30673 0.460085
3.22897 0.460085
-3.72686 0.460085
0.493353 0.460085
-0.637422 0.460085
-1.25525 0.460085
-0.313167 0.460085
3.0446 0.460085
1.97958 0.460085
0.982239 0.460085
3.83 0.460085
-2.95703 0.460085
-0.760599 0.460085
2.97967 0.460085
1.43637 0.460085
2.03778 0.460085
-2.0671 0.460085
-2.00751 0.460085
2.72573 0.460085
2.44156 0.460085
-3.65575 0.460085
-3.34352 0.460085
3.11773 0.460085
-1.4709 0.460085
1.58207 0.460085
1.76018 0.460085
1.36767 0.460085
-3.5792 0.460085
3.20726 0.460085
-1.62327 0.460085
2.87407 0.460085
0.800507 0.460085
3.90789 0.460085
-2.8949 0.460085
2.90823 0.460085
-1.88239 0.460085
3.97084 0.460085
-3.82934 0.460085
-3.48446 0.460085
2.02361 0.460085
0.300352 0.460085
-3.86487 0.460085
1.83873 0.460085
-3.20704 0.460085
0.733476 0.460085
-3.03404 0.460085
-0.38698 0.460085
2.47839 0.460085
2.40237 0.460085
-0.785007 0.460085
-0.41692 0.460085
1.55056 0.460085
-1.10654 0.460085
3.05656 0.460085
0.591907 0.460085
-1.22798 0.460085
-3.04648 0.460085
2.93498 0.460085
-0.908429 0.460085
2.05567 0.460085
3.49262 0.460085
3.57133 0.460085
-3.17417 0.460085
-3.94248 0.460085
3.63385 0.460085
-0.920268 0.460085
2.43461 0.460085
0.253822 0.460085
2.5601 0.460085
-3.05714 0.460085
1.73039 0.460085
3.2526 0.460085
-0.09245 0.460085
-3.40303 0.460085
3.39646 0.460085
1.08956 0.460085
1.45611 0.460085
-3.6238 0.460085
-1.14303 0.460085
3.25835 0.460085
0.866752 0.460085
2.56626 0.460085
-0.930989 0.460085
2.22521 0.460085
-3.78435 0.460085
2.31759 0.460085
2.98641 0.460085
2.17801 0.460085
-1.92473 0.460085
2.16775 0.460085
-3.55448 0.460085
-1.24038 0.460085
-2.10772 0.460085
-2.07673 0.460085
-3.77718 0.460085
-2.46429 0.460085
-2.58765 0.460085
1.65091 0.460085
-1.98563 0.460085
2.9469 0.460085
3.90185 0.460085
-0.471836 0.460085
3.08726 0.460085
1.49525 0.460085
3.91641 0.460085
-1.6967 0.460085
-1.64721 0.460085
-1.0848 0.460085
-3.6337 0.460085
2.11466 0.460085
0.61159 0.460085
-0.921183 0.460085
1.62879 0.460085
-2.58065 0.460085
-0.279362 0.460085
0.385443 0.460085
-0.542673 0.460085
3.78136 0.460085
-0.567886 0.460085
1.38574 0.460085
0.437543 0.460085
-3.73097 0.460085
-1.34586 0.460085
3.39006 0.460085
3.74023 0.460085
-2.78816 0.460085
-0.116599 0.460085
1.81125 0.460085
-2.07888 0.460085
-0.933334 0.460085
-0.440363 0.460085
1.99177 0.460085
-2.48243 0.460085
0.143356 0.460085
-0.907992 0.460085
3.26523 0.460085
0.192152 0.460085
