0.69134 4.27275e-07
-0.567792 2.07273e-06
2.75998 1.11932e-08
2.5047 1.89281e-09
2.22021 6.98286e-10
-0.882034 2.75723e-06
-0.601486 2.14076e-06
0.270026 7.95675e-07
-3.10311 1.05493e-05
0.392048 6.72384e-07
1.39442 8.47513e-08
-3.08332 1.04593e-05
2.04626 1.24066e-09
-0.176351 1.37806e-06
1.07973 2.08209e-07
-1.10484 3.30901e-06
-0.703682 2.35505e-06
2.33518 8.05733e-10
3.67312 2.0692e-07
-3.79598 1.38647e-05
1.11634 1.91825e-07
2.79111 1.36383e-08
-1.34603 3.96652e-06
-3.4041 1.19534e-05
0.964287 2.63965e-07
0.008751 1.1104e-06
-3.87927 1.42809e-05
-1.91955 5.77573e-06
0.79369 3.60125e-07
1.94084 2.50651e-09
-0.116323 1.28706e-06
0.474146 5.97357e-07
1.66982 1.97938e-08
0.780055 3.68631e-07
1.04213 2.25655e-07
0.746978 3.89817e-07
-0.75472 2.4665e-06
-3.26465 1.12951e-05
-0.204095 1.4215e-06
0.915982 2.89379e-07
-2.155 6.61731e-06
1.23023 1.44298e-07
3.24126 8.84638e-08
-2.76431 9.05106e-06
-3.08947 1.04872e-05
2.27286 7.07627e-10
-1.09888 3.29353e-06
3.43541 1.36709e-07
3.55378 1.69976e-07
-1.25195 3.7027e-06
3.73981 2.29288e-07
-3.24655 1.12106e-05
0.970077 2.61007e-07
-1.61889 4.78443e-06
-3.58805 1.28401e-05
-0.481879 1.90514e-06
-1.53933 4.53791e-06
-1.87637 5.62757e-06
0.495998 5.78419e-07
1.0257 2.33485e-07
-3.18549 1.09273e-05
1.71106 1.48024e-08
-1.5381 4.53412e-06
-3.53477 1.25813e-05
2.79952 1.43643e-08
-2.85777 9.45483e-06
0.123329 9.63568e-07
-0.359819 1.68168e-06
-1.48686 4.37893e-06
-3.16932 1.08527e-05
1.32414 1.08845e-07
2.23703 6.94362e-10
-0.657713 2.25719e-06
-0.82204 2.61798e-06
-3.39068 1.18895e-05
0.39068 6.73687e-07
2.28272 7.16529e-10
-1.68132 4.98253e-06
-2.36978 7.43412e-06
-2.70324 8.79135e-06
-1.63226 4.82652e-06
-3.21245 1.1052e-05
-2.96575 9.93055e-06
-1.3792 4.0618e-06
2.95625 3.31527e-08
3.85824 2.72636e-07
-2.41114 7.59668e-06
-2.54569 8.13701e-06
-2.36975 7.43403e-06
-1.69589 5.02935e-06
-1.71005 5.07504e-06
-2.43232 7.68058e-06
1.45165 6.70039e-08
-1.66918 4.9437e-06
1.20467 1.54534e-07
-0.289981 1.56155e-06
-2.6715 8.65766e-06
1.43084 7.32398e-08
2.79851 1.42754e-08
-0.294207 1.56866e-06
3.24057 8.83077e-08
0.909831 2.92712e-07
1.49689 5.43813e-08
3.09841 5.80069e-08
-1.9257 5.79698e-06
1.83484 5.72299e-09
1.23103 1.43985e-07
1.09064 2.03264e-07
-0.182868 1.38819e-06
3.15446 6.93965e-08
2.71819 8.47506e-09
0.531925 5.48202e-07
-2.13875 6.5574e-06
-3.2592 1.12696e-05
2.22639 6.96086e-10
-3.29745 1.14488e-05
-2.83335 9.34861e-06
-1.89663 5.69685e-06
-2.42663 7.65799e-06
-2.35531 7.37767e-06
-3.96643 1.47195e-05
-0.475207 1.89248e-06
-2.88998 9.59573e-06
-3.20963 1.1039e-05
3.2344 8.68995e-08
-3.63154 1.30526e-05
-0.561864 2.06089e-06
2.63625 4.76305e-09
-3.74519 1.36124e-05
1.308 1.14688e-07
3.61259 1.87719e-07
-1.7847 5.31949e-06
-1.60562 4.74284e-06
-2.77135 9.08121e-06
1.57783 3.53806e-08
3.11535 6.13668e-08
0.476583 5.95223e-07
-0.449519 1.84422e-06
-3.4112 1.19872e-05
-1.20544 3.57574e-06
0.918054 2.88262e-07
2.72356 8.78989e-09
-0.633794 2.20722e-06
1.94365 2.45474e-09
1.90736 3.2324e-09
-2.3551 7.37684e-06
-2.26385 7.02552e-06
-1.35482 3.99167e-06
3.44307 1.38769e-07
2.74734 1.03047e-08
3.50416 1.55651e-07
0.079499 1.01808e-06
0.981201 2.55374e-07
-0.489706 1.92006e-06
-3.68638 1.33219e-05
-3.47224 1.22795e-05
-3.55794 1.26936e-05
3.14236 6.68726e-08
-3.76151 1.36934e-05
-1.57834 4.65795e-06
-3.67352 1.32586e-05
-0.814182 2.60004e-06
-3.13951 1.07157e-05
-2.80982 9.24672e-06
-1.30863 3.86052e-06
0.792992 3.60557e-07
-1.41937 4.17869e-06
2.65309 5.37356e-09
-1.26531 3.7396e-06
-2.57551 8.25906e-06
1.91507 3.04605e-09
-2.28859 7.11995e-06
-1.26022 3.7255e-06
1.71934 1.3936e-08
0.525434 5.53578e-07
-0.915323 2.83622e-06
-3.87088 1.42388e-05
-2.71304 8.83279e-06
1.73343 1.25595e-08
0.845183 3.29153e-07
-0.622682 2.18423e-06
2.17102 7.48662e-10
2.26989 7.05396e-10
-2.50102 7.95571e-06
-2.46633 7.81621e-06
2.73522 9.50771e-09
3.00816 4.14739e-08
-0.636181 2.21218e-06
-2.89606 9.62243e-06
-3.27913 1.13629e-05
-1.56811 4.62633e-06
-3.00602 1.01104e-05
-3.95842 1.46791e-05
-3.7736 1.37534e-05
0.587139 5.03939e-07
3.40193 1.27846e-07
0.598326 4.95285e-07
-2.64127 8.53125e-06
1.26896 1.29262e-07
2.82687 1.6921e-08
2.78416 1.30597e-08
-0.693513 2.33319e-06
-3.80775 1.39233e-05
-1.19982 3.56055e-06
0.186624 8.88417e-07
-0.414832 1.78027e-06
-1.10295 3.3041e-06
-1.74227 5.17984e-06
-0.100438 1.26366e-06
0.204089 8.68411e-07
0.13817 9.45572e-07
-3.55096 1.26598e-05
0.311183 7.52474e-07
-0.494729 1.92967e-06
0.509238 5.67151e-07
-0.606648 2.1513e-06
-3.49847 1.24058e-05
-3.57582 1.27806e-05
0.051082 1.05451e-06
-3.36746 1.17792e-05
2.99932 3.99897e-08
-2.07765 6.33456e-06
0.594509 4.98226e-07
1.03095 2.30971e-07
3.64814 1.98874e-07
0.341855 7.21357e-07
0.587452 5.03696e-07
-3.62798 1.30352e-05
-1.66795 4.93976e-06
-0.568294 2.07373e-06
-1.84351 5.51612e-06
-2.4981 7.94389e-06
0.310542 7.53134e-07
-0.203931 1.42124e-06
-1.84723 5.5287e-06
-0.230146 1.46309e-06
1.91287 3.09811e-09
-1.48561 4.37516e-06
-1.06778 3.21347e-06
-1.48446 4.37172e-06
2.34174 8.22402e-10
1.6834 1.80218e-08
2.62029 4.24675e-09
-0.646762 2.23423e-06
3.33646 1.11176e-07
0.630949 4.70639e-07
0.610876 4.857e-07
0.002862 1.11833e-06
2.44533 1.31412e-09
-1.44821 4.26368e-06
2.0498 1.21611e-09
0.417918 6.48072e-07
1.6575 2.15145e-08
-1.68484 4.99382e-06
1.05253 2.20765e-07
-2.03971 6.1981e-06
-2.8558 9.44622e-06
2.19429 7.17312e-10
-1.59365 4.70549e-06
0.371943 6.91713e-07
-0.140665 1.32347e-06
-1.7322 5.14699e-06
-2.4931 7.92373e-06
-2.70656 8.80535e-06
-3.25061 1.12296e-05
0.24285 8.25122e-07
2.27904 7.12929e-10
3.07942 5.43312e-08
-1.67719 4.9693e-06
3.45038 1.40746e-07
0.832129 3.36836e-07
-0.339147 1.64553e-06
2.32871 7.9062e-10
3.762 2.3704e-07
2.5997 3.66266e-09
-3.79574 1.38635e-05
3.29495 1.01051e-07
-1.82109 5.44073e-06
0.713475 4.12093e-07
2.31774 7.67771e-10
-2.32439 7.2577e-06
1.84265 5.37918e-09
-0.63827 2.21652e-06
3.55392 1.70019e-07
2.35778 8.6896e-10
0.217656 8.53086e-07
1.88211 3.93628e-09
-0.040247 1.17755e-06
-3.72217 1.34985e-05
-0.804171 2.57728e-06
3.33877 1.11748e-07
-3.57682 1.27854e-05
2.89698 2.488e-08
3.87285 2.78341e-07
3.33386 1.10531e-07
-2.43328 7.68441e-06
-0.713762 2.37683e-06
0.74644 3.90168e-07
2.80349 1.47163e-08
-0.06214 1.2084e-06
-2.42925 7.66841e-06
-1.91352 5.75491e-06
0.547937 5.35097e-07
2.2464 6.94985e-10
0.48351 5.89189e-07
-0.773006 2.50714e-06
1.24634 1.37975e-07
2.39859 1.03078e-09
0.778456 3.69638e-07
3.53002 1.63047e-07
2.70571 7.77982e-09
2.07822 1.04694e-09
-1.74708 5.19559e-06
-2.22863 6.89212e-06
-1.9057 5.72799e-06
3.62454 1.91433e-07
-3.87055 1.42371e-05
0.698204 4.22527e-07
0.909436 2.92927e-07
3.95706 3.12975e-07
-1.45294 4.27768e-06
3.50857 1.569e-07
0.42961 6.37287e-07
2.29722 7.33918e-10
2.91179 2.68173e-08
-2.99727 1.00712e-05
-0.598964 2.13563e-06
2.43696 1.25413e-09
0.856644 3.225e-07
0.156448 9.23725e-07
1.70854 1.50755e-08
2.30416 7.44118e-10
-2.43902 7.70721e-06
0.866061 3.17097e-07
-2.21918 6.85655e-06
-0.425097 1.79905e-06
-0.820814 2.61517e-06
3.6155 1.88619e-07
-0.519877 1.97821e-06
-1.91729 5.76793e-06
2.12876 8.45253e-10
-1.18486 3.52028e-06
-3.77376 1.37541e-05
3.77454 2.41492e-07
-2.0122 6.10008e-06
0.562565 5.23318e-07
-3.89507 1.43601e-05
2.96376 3.4298e-08
3.75182 2.33464e-07
-0.424841 1.79858e-06
-0.28933 1.56046e-06
-0.370048 1.69974e-06
3.19995 7.91852e-08
2.04461 1.25236e-09
-1.52619 4.49782e-06
0.515542 5.61841e-07
1.12055 1.89977e-07
1.1633 1.7162e-07
-2.7779 9.10927e-06
0.769411 3.75363e-07
-3.85385 1.41535e-05
-3.92752 1.45233e-05
0.726608 4.03261e-07
2.8873 2.36608e-08
1.94781 2.38054e-09
0.98248 2.54731e-07
3.98195 3.23818e-07
1.69911 1.61309e-08
2.53879 2.38145e-09
-0.78538 2.53486e-06
-2.02903 6.15997e-06
0.153101 9.27699e-07
3.43767 1.37316e-07
0.915122 2.89844e-07
-1.33624 3.93865e-06
-3.35307 1.1711e-05
0.440816 6.2707e-07
-0.809158 2.5886e-06
-0.998951 3.04002e-06
0.655571 4.5261e-07
3.75418 2.3429e-07
-0.583118 2.10351e-06
3.61199 1.87533e-07
1.40616 8.09618e-08
3.23453 8.69286e-08
-3.53391 1.25771e-05
-1.98372 5.99943e-06
2.34963 8.44238e-10
-3.50994 1.24612e-05
2.61041 3.95549e-09
-3.93927 1.45825e-05
-1.8207 5.43944e-06
-2.40969 7.59098e-06
0.844155 3.29754e-07
1.34012 1.03166e-07
-0.853734 2.69105e-06
-3.86448 1.42067e-05
-1.6209 4.79076e-06
2.35249 8.52672e-10
3.42175 1.33066e-07
0.435362 6.32028e-07
-0.938533 2.89202e-06
-2.8612 9.46979e-06
-1.74374 5.18465e-06
-1.45302 4.27792e-06
-2.53917 8.11042e-06
-0.843079 2.66636e-06
2.68562 6.76546e-09
2.9225 2.82737e-08
-2.61919 8.43939e-06
-3.85993 1.41839e-05
0.533946 5.46536e-07
-3.58418 1.28213e-05
-2.45827 7.78396e-06
-2.31044 7.20387e-06
0.46342 6.06809e-07
1.39886 8.33107e-08
3.18509 7.59371e-08
-0.648047 2.23692e-06
-0.179024 1.38221e-06
1.73712 1.2219e-08
-1.65007 4.88288e-06
-1.0694 3.21763e-06
1.03186 2.30536e-07
3.37466 1.20796e-07
1.57107 3.678e-08
-3.2185 1.10801e-05
1.29005 1.21316e-07
3.27842 9.71131e-08
3.74927 2.32574e-07
3.84363 2.67012e-07
0.295564 7.68672e-07
0.491955 5.81891e-07
-1.05685 3.18559e-06
-2.84646 9.40557e-06
2.78866 1.34322e-08
3.04849 4.85614e-08
2.83312 1.75485e-08
-1.40559 4.13841e-06
-3.36915 1.17872e-05
-3.5066 1.2445e-05
-2.39292 7.52488e-06
0.629415 4.71778e-07
3.18288 7.54572e-08
3.76605 2.38472e-07
2.01807 1.46899e-09
2.76955 1.19053e-08
-3.27053 1.13226e-05
2.19098 7.20929e-10
-2.63627 8.51039e-06
2.52574 2.17824e-09
-2.29894 7.15964e-06
3.32852 1.09212e-07
-3.8623 1.41958e-05
-3.40463 1.19559e-05
0.442324 6.25704e-07
-2.56525 8.21699e-06
0.102846 9.88787e-07
-3.96683 1.47216e-05
0.277621 7.87577e-07
-3.7192 1.34838e-05
-1.46364 4.3095e-06
-0.843468 2.66726e-06
-3.37672 1.18231e-05
-3.91839 1.44773e-05
1.39678 8.39835e-08
-2.06489 6.28849e-06
-3.10321 1.05498e-05
-1.71601 5.09435e-06
2.16285 7.63123e-10
1.61488 2.83314e-08
1.97286 1.98707e-09
-2.03593 6.1846e-06
1.09426 2.01637e-07
1.32651 1.07996e-07
-2.06366 6.28407e-06
-2.41585 7.6153e-06
-0.335751 1.63964e-06
3.42815 1.34767e-07
-1.11797 3.34319e-06
3.85893 2.72904e-07
0.914124 2.90384e-07
-0.667424 2.27766e-06
-2.48864 7.90578e-06
1.48107 5.86441e-08
-1.52039 4.48019e-06
-0.431283 1.81043e-06
-3.72407 1.35079e-05
-2.54387 8.12959e-06
-2.96092 9.90907e-06
-0.172452 1.37203e-06
-0.182024 1.38687e-06
1.79696 7.7187e-09
-1.06628 3.20964e-06
-1.25764 3.71837e-06
-2.54237 8.12345e-06
-1.67261 4.95466e-06
-0.290537 1.56248e-06
-0.846564 2.67442e-06
0.477135 5.94741e-07
3.34528 1.13372e-07
-0.669112 2.28123e-06
0.607022 4.8863e-07
2.95188 3.24965e-08
1.89505 3.55691e-09
-0.183043 1.38846e-06
2.83878 1.81301e-08
2.87833 2.25658e-08
3.39944 1.27196e-07
-3.95137 1.46435e-05
3.99151 3.28064e-07
0.348853 7.14385e-07
-1.59922 4.72287e-06
2.49837 1.81633e-09
-2.68263 8.70443e-06
-2.47663 7.85751e-06
2.16155 7.65602e-10
2.63149 4.60294e-09
-1.88568 5.65936e-06
-2.85208 9.43005e-06
-1.12566 3.36331e-06
-0.270605 1.52922e-06
0.647056 4.5879e-07
0.370095 6.93509e-07
-3.76881 1.37296e-05
-0.115279 1.28551e-06
0.802305 3.54818e-07
0.601354 4.92961e-07
-3.89768 1.43733e-05
1.91831 2.97138e-09
0.228434 8.41044e-07
-1.82382 5.4499e-06
3.07416 5.33305e-08
0.968085 2.62023e-07
-0.290501 1.56242e-06
0.558138 5.26864e-07
-3.40312 1.19487e-05
0.499785 5.7518e-07
1.52363 4.75735e-08
0.842828 3.30531e-07
-3.5088 1.24557e-05
-0.510414 1.95986e-06
-3.46418 1.22408e-05
3.30766 1.04114e-07
3.56456 1.73165e-07
-2.4714 7.83654e-06
3.77505 2.41676e-07
0.758565 3.82306e-07
1.08677 2.05012e-07
0.599217 4.946e-07
2.24584 6.94892e-10
-3.57649 1.27838e-05
-1.12506 3.36175e-06
-1.72661 5.12878e-06
-1.27588 3.76892e-06
-0.857036 2.69872e-06
1.7378 1.21567e-08
-0.917286 2.84092e-06
-0.712478 2.37405e-06
-3.39282 1.18996e-05
-3.97055 1.47403e-05
-1.18957 3.53292e-06
0.330028 7.33248e-07
3.3904 1.24848e-07
-3.93758 1.4574e-05
0.455305 6.14029e-07
-1.18902 3.53144e-06
-3.46813 1.22597e-05
-3.86987 1.42337e-05
0.61735 4.80807e-07
1.4885 5.66194e-08
3.41382 1.30966e-07
-2.11127 6.45672e-06
-2.94454 9.83636e-06
0.887241 3.05149e-07
2.6862 6.79287e-09
-1.15168 3.43185e-06
-3.83311 1.40498e-05
1.75054 1.10451e-08
-1.01156 3.07142e-06
-0.276477 1.53897e-06
3.13864 6.61044e-08
1.72696 1.31773e-08
-3.78205 1.37954e-05
-3.60654 1.29303e-05
-2.47932 7.86831e-06
2.04115 1.27759e-09
-1.90443 5.72364e-06
-1.77892 5.30036e-06
-3.02894 1.02134e-05
-0.100812 1.26421e-06
0.777855 3.70016e-07
-1.51816 4.4734e-06
3.92293 2.9857e-07
-1.62186 4.79377e-06
2.26629 7.02975e-10
2.65186 5.3266e-09
1.92341 2.85813e-09
1.55015 4.1333e-08
1.36332 9.51259e-08
0.305323 7.58523e-07
-3.60574 1.29264e-05
-1.40919 4.1489e-06
2.92528 2.86586e-08
2.37132 9.15328e-10
2.56462 2.85211e-09
0.621947 4.77353e-07
2.16219 7.64379e-10
-2.4999 7.95116e-06
-0.67462 2.2929e-06
-1.96124 5.92059e-06
-3.26553 1.12992e-05
-2.71139 8.82582e-06
-0.244368 1.48612e-06
-1.92866 5.80723e-06
-0.603534 2.14494e-06
0.115465 9.73198e-07
1.07087 2.12261e-07
2.33059 7.94879e-10
3.93689 3.04395e-07
3.33532 1.10893e-07
-3.25688 1.12588e-05
-3.91152 1.44428e-05
-2.8339 9.35098e-06
-2.41747 7.62171e-06
-2.45707 7.77917e-06
1.04269 2.25389e-07
1.70034 1.59902e-08
0.934285 2.79593e-07
-3.74675 1.36202e-05
-0.684334 2.31357e-06
2.29272 7.27959e-10
2.68302 6.64306e-09
-1.19487 3.54718e-06
-3.56202 1.27135e-05
-3.5388 1.26008e-05
2.46829 1.50362e-09
0.585418 5.0528e-07
-0.93389 2.88081e-06
-1.83663 5.49293e-06
-1.48204 4.36447e-06
-1.33384 3.93181e-06
-0.815377 2.60276e-06
3.26815 9.4694e-08
-1.25119 3.70059e-06
-1.29396 3.81935e-06
-3.45734 1.2208e-05
1.5743 3.6108e-08
-3.52351 1.25268e-05
3.27357 9.59687e-08
-0.92516 2.8598e-06
-3.87409 1.42549e-05
0.484825 5.88048e-07
-3.65775 1.31811e-05
1.05656 2.18883e-07
2.57466 3.06232e-09
-2.79543 9.18465e-06
-1.29247 3.81519e-06
-1.25639 3.71495e-06
-2.66098 8.61359e-06
-1.24852 3.69325e-06
1.07568 2.10054e-07
3.24621 8.96e-08
3.31029 1.04753e-07
-1.42624 4.19886e-06
1.57457 3.60515e-08
-1.61258 4.76464e-06
1.85557 4.85506e-09
-3.54109 1.26119e-05
2.43622 1.24902e-09
3.2959 1.01278e-07
3.86748 2.76235e-07
2.64994 5.25382e-09
0.601351 4.92963e-07
3.48306 1.49729e-07
0.610949 4.85645e-07
-1.17905 3.50472e-06
2.99573 3.93947e-08
-1.84541 5.52256e-06
-0.883324 2.76027e-06
-2.33792 7.31005e-06
-2.77161 9.08229e-06
-0.493667 1.92763e-06
-1.12839 3.37046e-06
2.82389 1.66281e-08
-3.53819 1.25978e-05
-0.245396 1.48779e-06
2.55626 2.68911e-09
2.971 3.54205e-08
1.20383 1.54871e-07
-2.3492 7.35387e-06
-2.42118 7.63642e-06
1.69525 1.65803e-08
-3.22842 1.11262e-05
-3.76956 1.37333e-05
1.15629 1.74581e-07
1.03809 2.27566e-07
-2.82282 9.30295e-06
-0.453433 1.85153e-06
1.69236 1.69228e-08
-3.62751 1.30329e-05
-1.81462 5.41907e-06
0.137496 9.46384e-07
1.20226 1.55513e-07
-3.60591 1.29273e-05
2.29305 7.28386e-10
0.978998 2.56484e-07
-0.465635 1.87441e-06
-2.0282 6.15701e-06
2.38055 9.50913e-10
-0.329201 1.62832e-06
-2.86116 9.46964e-06
1.6078 2.95981e-08
-1.21505 3.60178e-06
2.60749 3.87329e-09
1.13299 1.84557e-07
-2.74319 8.96084e-06
0.545165 5.3735e-07
-3.11621 1.06091e-05
-0.586367 2.11007e-06
-1.74512 5.18918e-06
-2.43104 7.67549e-06
3.6842 2.10546e-07
-0.433781 1.81503e-06
-2.89262 9.6073e-06
-1.5282 4.50394e-06
-3.09295 1.05031e-05
1.32092 1.1e-07
0.886568 3.05525e-07
0.837578 3.33615e-07
2.77284 1.21575e-08
-0.69443 2.33516e-06
3.98833 3.26645e-07
-3.34873 1.16905e-05
-3.83294 1.4049e-05
-3.15458 1.07849e-05
-0.001555 1.12431e-06
-0.346616 1.65854e-06
-2.53265 8.08388e-06
-0.440123 1.82676e-06
2.41817 1.1348e-09
-2.63363 8.49938e-06
1.60496 3.01151e-08
1.50601 5.20022e-08
-0.000831 1.12333e-06
-1.45716 4.29022e-06
-0.889273 2.77431e-06
-3.38097 1.18433e-05
0.437888 6.29728e-07
-1.21433 3.59982e-06
0.89528 3.00688e-07
-3.80048 1.38871e-05
0.179236 8.96975e-07
3.09002 5.6371e-08
-1.48627 4.37714e-06
-2.80229 9.21422e-06
2.07969 1.03945e-09
0.057194 1.0466e-06
3.66469 2.04186e-07
2.04445 1.25356e-09
-1.32027 3.89336e-06
2.53037 2.24786e-09
2.67365 6.21881e-09
2.77917 1.26565e-08
2.83572 1.78141e-08
1.40223 8.22222e-08
1.71077 1.48336e-08
-1.77528 5.28833e-06
3.46107 1.43659e-07
3.34445 1.13163e-07
-1.50696 4.43949e-06
-3.04103 1.02678e-05
0.12685 9.59277e-07
-0.790946 2.54738e-06
0.220754 8.49613e-07
2.83344 1.75816e-08
2.27175 7.0677e-10
1.85168 5.00697e-09
3.49847 1.54045e-07
-0.2113 1.43293e-06
2.77142 1.20478e-08
0.126682 9.59482e-07
-0.009746 1.13544e-06
-3.28334 1.13826e-05
3.61713 1.89126e-07
-0.195883 1.40855e-06
3.55931 1.7161e-07
-2.88022 9.55296e-06
-0.546051 2.02952e-06
-1.84137 5.50893e-06
2.64205 4.96518e-09
2.31709 7.66525e-10
-3.27188 1.13289e-05
-1.01984 3.09211e-06
1.60643 2.9846e-08
0.947162 2.72823e-07
-1.80604 5.39044e-06
2.75663 1.09519e-08
-1.1552 3.44116e-06
-2.48212 7.87956e-06
-1.47 4.32846e-06
-1.22165 3.6197e-06
1.35099 9.93712e-08
0.753128 3.85818e-07
0.814644 3.47305e-07
-2.08555 6.36316e-06
3.53184 1.63573e-07
0.486356 5.86722e-07
3.6111 1.87258e-07
-3.18892 1.09431e-05
-1.99685 6.04575e-06
-2.149 6.59517e-06
0.411689 6.53869e-07
0.261565 8.04764e-07
2.11988 8.73079e-10
-2.48222 7.87996e-06
-2.80839 9.24056e-06
0.498362 5.76396e-07
-0.009138 1.13461e-06
2.7289 9.11269e-09
1.82197 6.33751e-09
0.156952 9.23128e-07
-0.272215 1.53189e-06
1.87908 4.03119e-09
-0.9077 2.81803e-06
1.66157 2.09329e-08
1.6786 1.86326e-08
3.39352 1.25655e-07
1.09234 2.025e-07
1.78283 8.61875e-09
-2.60468 8.3793e-06
3.65264 2.00311e-07
2.70328 7.65061e-09
2.11721 8.82004e-10
3.08612 5.56164e-08
0.713836 4.11849e-07
3.94835 3.09246e-07
2.23842 6.94328e-10
-0.698102 2.34304e-06
2.57999 3.18076e-09
0.952742 2.69919e-07
2.27065 7.05947e-10
-3.39283 1.18997e-05
-1.2351 3.65642e-06
3.26301 9.3492e-08
-2.36632 7.42063e-06
2.98533 3.76976e-08
3.90561 2.91454e-07
3.27571 9.64732e-08
0.709864 4.14544e-07
0.728305 4.0213e-07
-1.82844 5.46539e-06
3.52555 1.61757e-07
0.183036 8.92566e-07
-3.43942 1.21221e-05
1.22066 1.48101e-07
3.5828 1.78626e-07
-3.2008 1.09981e-05
-3.25241 1.1238e-05
0.452219 6.16791e-07
-3.68983 1.33389e-05
2.29919 7.36694e-10
2.9385 3.0532e-08
2.30673 7.48219e-10
3.22897 8.56662e-08
-3.72686 1.35217e-05
0.493353 5.80688e-07
-0.637422 2.21476e-06
-1.25525 3.71179e-06
-0.313167 1.60081e-06
3.0446 4.78547e-08
1.97958 1.89588e-09
0.982239 2.54852e-07
3.83 2.61838e-07
-2.95703 9.89181e-06
-0.760599 2.47952e-06
2.97967 3.67885e-08
1.43637 7.15569e-08
2.03778 1.30303e-09
-2.0671 6.29648e-06
-2.00751 6.08345e-06
2.72573 8.92012e-09
2.44156 1.28657e-09
-3.65575 1.31713e-05
-3.34352 1.16658e-05
3.11773 6.18449e-08
-1.4709 4.33115e-06
1.58207 3.45215e-08
1.76018 1.02639e-08
1.36767 9.36485e-08
-3.5792 1.2797e-05
3.20726 8.08011e-08
-1.62327 4.7982e-06
2.87407 2.2057e-08
0.800507 3.55921e-07
3.90789 2.92382e-07
-2.8949 9.61732e-06
2.90823 2.6344e-08
-1.88239 5.6481e-06
3.97084 3.18942e-07
-3.82934 1.4031e-05
-3.48446 1.23383e-05
2.02361 1.41919e-09
0.300352 7.63681e-07
-3.86487 1.42087e-05
1.83873 5.54908e-09
-3.20704 1.1027e-05
0.733476 3.98694e-07
-3.03404 1.02363e-05
-0.38698 1.72992e-06
2.47839 1.59983e-09
2.40237 1.04938e-09
-0.785007 2.53402e-06
-0.41692 1.78408e-06
1.55056 4.1241e-08
-1.10654 3.31343e-06
3.05656 5.00407e-08
0.591907 5.00238e-07
-1.22798 3.63698e-06
-3.04648 1.02924e-05
2.93498 3.0027e-08
-0.908429 2.81976e-06
2.05567 1.17718e-09
3.49262 1.52398e-07
3.57133 1.75184e-07
-3.17417 1.08751e-05
-3.94248 1.45987e-05
3.63385 1.94351e-07
-0.920268 2.84806e-06
2.43461 1.23802e-09
0.253822 8.13144e-07
2.5601 2.76275e-09
-3.05714 1.03406e-05
1.73039 1.28462e-08
3.2526 9.10745e-08
-0.09245 1.252e-06
-3.40303 1.19483e-05
3.39646 1.2642e-07
1.08956 2.03751e-07
1.45611 6.56997e-08
-3.6238 1.30147e-05
-1.14303 3.40897e-06
3.25835 9.24072e-08
0.866752 3.16702e-07
2.56626 2.88544e-09
-0.930989 2.87382e-06
2.22521 6.96438e-10
-3.78435 1.38068e-05
2.31759 7.67486e-10
2.98641 3.78727e-08
2.17801 7.3776e-10
-1.92473 5.79362e-06
2.16775 7.54234e-10
-3.55448 1.26768e-05
-1.24038 3.6709e-06
-2.10772 6.44377e-06
-2.07673 6.33123e-06
-3.77718 1.37712e-05
-2.46429 7.80804e-06
-2.58765 8.30902e-06
1.65091 2.24803e-08
-1.98563 6.00615e-06
2.9469 3.17578e-08
3.90185 2.89927e-07
-0.471836 1.88611e-06
3.08726 5.58375e-08
1.49525 5.48148e-08
3.91641 2.95872e-07
-1.6967 5.03193e-06
-1.64721 4.87379e-06
-1.0848 3.25716e-06
-3.6337 1.30632e-05
2.11466 8.90811e-10
0.61159 4.85159e-07
-0.921183 2.85025e-06
1.62879 2.59558e-08
-2.58065 8.2802e-06
-0.279362 1.54378e-06
0.385443 6.78692e-07
-0.542673 2.02285e-06
3.78136 2.43938e-07
-0.567886 2.07291e-06
1.38574 8.75993e-08
0.437543 6.30042e-07
-3.73097 1.3542e-05
-1.34586 3.96605e-06
3.39006 1.2476e-07
3.74023 2.29434e-07
-2.78816 9.15337e-06
-0.116599 1.28747e-06
1.81125 6.89798e-09
-2.07888 6.33902e-06
-0.933334 2.87947e-06
-0.440363 1.82721e-06
1.99177 1.74394e-09
-2.48243 7.88078e-06
0.143356 9.39338e-07
-0.907992 2.81872e-06
3.26523 9.4012e-08
0.192152 8.82051e-07
