2.19503 0.31432
2.15354 0.31432
1.67382 0.177994
1.55555 0.175086
-3.96398 0.31432
-2.76322 0.31432
0.217907 0.31432
-3.31167 0.188467
1.80275 0.31432
2.01385 0.31432
3.2653 0.31432
-3.63546 0.295254
1.55976 0.169384
3.42571 0.31432
1.74465 0.179462
-3.09401 0.31432
2.19722 0.31432
1.65229 0.186943
1.20465 0.31432
0.560423 0.31432
1.32837 0.31432
-3.12682 0.31432
-0.07753 0.31432
-1.24551 0.31432
2.54638 0.31432
3.2003 0.31432
3.74648 0.31432
-1.60647 0.31432
-2.20945 0.31432
-3.46762 0.31432
1.42345 0.31432
3.95827 0.31432
-1.42812 0.31432
3.08132 0.31432
-3.83995 0.31432
0.148376 0.31432
1.80807 0.31432
3.32041 0.31432
1.16872 0.31432
-0.177142 0.31432
-3.98218 0.31432
2.10451 0.31432
-1.052 0.31432
1.98741 0.31432
-2.37543 0.31432
3.71197 0.31432
-3.95286 0.31432
-3.42144 0.31432
-0.880464 0.31432
2.55854 0.31432
-2.93486 0.31432
-3.20525 0.31432
2.83424 0.31432
0.33312 0.31432
-2.36586 0.31432
3.72425 0.31432
-1.9277 0.31432
0.30533 0.31432
-3.86282 0.31432
-3.98004 0.31432
-0.649359 0.31432
-2.44495 0.31432
3.91039 0.31432
1.3711 0.31432
3.50011 0.31432
3.87377 0.31432
-2.32054 0.31432
-1.47824 0.31432
-0.624606 0.31432
-1.91219 0.31432
1.9806 0.31432
2.58634 0.31432
-0.075591 0.31432
0.553494 0.31432
-2.68426 0.31432
2.41183 0.31432
-1.63304 0.31432
2.57408 0.31432
1.79224 0.31432
-1.26299 0.31432
2.23287 0.31432
