0.69134 5.56141e-08
-0.567792 8.81534e-07
2.75998 1.5121e-07
2.5047 5.34365e-08
2.22021 1.82039e-08
-0.882034 1.2439e-06
-0.601486 9.18455e-07
0.270026 1.91644e-07
-3.10311 5.2624e-06
0.392048 1.38136e-07
1.39442 7.74521e-09
-3.08332 5.20242e-06
2.04626 1.07771e-08
-0.176351 4.96612e-07
1.07973 1.61779e-08
-1.10484 1.52219e-06
-0.703682 1.03344e-06
2.33518 2.74815e-08
3.67312 3.00764e-06
-3.79598 8.02157e-06
1.11634 1.45657e-08
2.79111 1.71306e-07
-1.34603 1.84118e-06
-3.4041 6.28787e-06
0.964287 2.29912e-08
0.008751 3.4999e-07
-3.87927 8.46352e-06
-1.91955 2.68507e-06
0.79369 3.9878e-08
1.94084 8.46414e-09
-0.116323 4.46182e-07
0.474146 1.09094e-07
1.66982 6.30087e-09
0.780055 4.16928e-08
1.04213 1.80848e-08
0.746978 4.6439e-08
-0.75472 1.09246e-06
-3.26465 5.78493e-06
-0.204095 5.20796e-07
0.915982 2.68097e-08
-2.155 3.08066e-06
1.23023 1.08035e-08
3.24126 8.82018e-07
-2.76431 4.33773e-06
-3.08947 5.22096e-06
2.27286 2.18689e-08
-1.09888 1.51453e-06
3.43541 1.59328e-06
3.55378 2.21103e-06
-1.25195 1.71457e-06
3.73981 3.53959e-06
-3.24655 5.72334e-06
0.970077 2.25763e-08
-1.61889 2.22555e-06
-3.58805 7.03681e-06
-0.481879 7.89798e-07
-1.53933 2.11067e-06
-1.87637 2.61627e-06
0.495998 1.0225e-07
1.0257 1.90063e-08
-3.18549 5.52137e-06
1.71106 6.38115e-09
-1.5381 2.1089e-06
-3.53477 6.80902e-06
2.79952 1.77152e-07
-2.85777 4.57259e-06
0.123329 2.7321e-07
-0.359819 6.65982e-07
-1.48686 2.03622e-06
-3.16932 5.46933e-06
1.32414 8.78623e-09
2.23703 1.92823e-08
-0.657713 9.81178e-07
-0.82204 1.17181e-06
-3.39068 6.23718e-06
0.39068 1.38666e-07
2.28272 2.26566e-08
-1.68132 2.31749e-06
-2.36978 3.47855e-06
-2.70324 4.19151e-06
-1.63226 2.2451e-06
-3.21245 5.60944e-06
-2.96575 4.86223e-06
-1.3792 1.88652e-06
2.95625 3.25361e-07
3.85824 4.65858e-06
-2.41114 3.56008e-06
-2.54569 3.83804e-06
-2.36975 3.4785e-06
-1.69589 2.33919e-06
-1.71005 2.36036e-06
-2.43232 3.60251e-06
1.45165 7.13306e-09
-1.66918 2.29949e-06
1.20467 1.15052e-08
-0.289981 5.98968e-07
-2.6715 4.11762e-06
1.43084 7.33351e-09
2.79851 1.76438e-07
-0.294207 6.02938e-07
3.24057 8.80078e-07
0.909831 2.73445e-08
1.49689 6.77723e-09
3.09841 5.45384e-07
-1.9257 2.69495e-06
1.83484 7.11145e-09
1.23103 1.07829e-08
1.09064 1.56733e-08
-0.182868 5.02244e-07
3.15446 6.61688e-07
2.71819 1.27706e-07
0.531925 9.17644e-08
-2.13875 3.05212e-06
-3.2592 5.76629e-06
2.22639 1.8591e-08
-3.29745 5.89865e-06
-2.83335 4.50987e-06
-1.89663 2.64842e-06
-2.42663 3.59106e-06
-2.35531 3.45044e-06
-3.96643 8.95853e-06
-0.475207 7.82825e-07
-2.88998 4.65685e-06
-3.20963 5.60015e-06
3.2344 8.6268e-07
-3.63154 7.22981e-06
-0.561864 8.75091e-07
2.63625 9.14164e-08
-3.74519 7.76605e-06
1.308 9.07713e-09
3.61259 2.57999e-06
-1.7847 2.47354e-06
-1.60562 2.20621e-06
-2.77135 4.35494e-06
1.57783 6.38891e-09
3.11535 5.78567e-07
0.476583 1.08313e-07
-0.449519 7.56193e-07
-3.4112 6.31486e-06
-1.20544 1.65302e-06
0.918054 2.66321e-08
2.72356 1.30518e-07
-0.633794 9.5433e-07
1.94365 8.51156e-09
1.90736 7.949e-09
-2.3551 3.45003e-06
-2.26385 3.27728e-06
-1.35482 1.85317e-06
3.44307 1.6286e-06
2.74734 1.43697e-07
3.50416 1.93278e-06
0.079499 3.01252e-07
0.981201 2.18031e-08
-0.489706 7.98006e-07
-3.68638 7.48265e-06
-3.47224 6.55322e-06
-3.55794 6.90692e-06
3.14236 6.34968e-07
-3.76151 7.84705e-06
-1.57834 2.16668e-06
-3.67352 7.42235e-06
-0.814182 1.16246e-06
-3.13951 5.37498e-06
-2.80982 4.45034e-06
-1.30863 1.79051e-06
0.792992 3.9969e-08
-1.41937 1.94191e-06
2.65309 9.79386e-08
-1.26531 1.73238e-06
-2.57551 3.90247e-06
1.91507 8.05973e-09
-2.28859 3.32336e-06
-1.26022 1.72558e-06
1.71934 6.40647e-09
0.525434 9.35898e-08
-0.915323 1.28444e-06
-3.87088 8.41766e-06
-2.71304 4.2146e-06
1.73343 6.45681e-09
0.845183 3.37121e-08
-0.622682 9.4194e-07
2.17102 1.54817e-08
2.26989 2.16381e-08
-2.50102 3.7435e-06
-2.46633 3.67165e-06
2.73522 1.36829e-07
3.00816 3.94567e-07
-0.636181 9.56998e-07
-2.89606 4.67296e-06
-3.27913 5.83479e-06
-1.56811 2.15194e-06
-3.00602 4.97569e-06
-3.95842 8.91162e-06
-3.7736 7.90772e-06
0.587139 7.74187e-08
3.40193 1.44592e-06
0.598326 7.47602e-08
-2.64127 4.04857e-06
1.26896 9.87249e-09
2.82687 1.97454e-07
2.78416 1.66613e-07
-0.693513 1.02181e-06
-3.80775 8.08225e-06
-1.19982 1.64562e-06
0.186624 2.35685e-07
-0.414832 7.20783e-07
-1.10295 1.51976e-06
-1.74227 2.4089e-06
-0.100438 4.33286e-07
0.204089 2.25953e-07
0.13817 2.64095e-07
-3.55096 6.87726e-06
0.311183 1.72166e-07
-0.494729 8.0329e-07
0.509238 9.82763e-08
-0.606648 9.24156e-07
-3.49847 6.65904e-06
-3.57582 6.9837e-06
0.051082 3.20318e-07
-3.36746 6.15065e-06
2.99932 3.81939e-07
-2.07765 2.94656e-06
0.594509 7.56582e-08
1.03095 1.87059e-08
3.64814 2.82499e-06
0.341855 1.58604e-07
0.587452 7.73432e-08
-3.62798 7.21378e-06
-1.66795 2.29767e-06
-0.568294 8.8208e-07
-1.84351 2.5646e-06
-2.4981 3.73738e-06
0.310542 1.72458e-07
-0.203931 5.20651e-07
-1.84723 2.57043e-06
-0.230146 5.43988e-07
1.91287 8.02758e-09
-1.48561 2.03445e-06
-1.06778 1.47478e-06
-1.48446 2.03283e-06
2.34174 2.81689e-08
1.6834 6.31897e-09
2.62029 8.56319e-08
-0.646762 9.68856e-07
3.33646 1.18905e-06
0.630949 6.74597e-08
0.610876 7.18731e-08
0.002862 3.54237e-07
2.44533 4.21077e-08
-1.44821 1.98201e-06
2.0498 1.08767e-08
0.417918 1.28403e-07
1.6575 6.29142e-09
-1.68484 2.32273e-06
1.05253 1.75301e-08
-2.03971 2.88233e-06
-2.8558 4.56748e-06
2.19429 1.66948e-08
-1.59365 2.18883e-06
0.371943 1.46081e-07
-0.140665 4.66313e-07
-1.7322 2.39369e-06
-2.4931 3.72696e-06
-2.70656 4.1993e-06
-3.25061 5.73709e-06
0.24285 2.0532e-07
2.27904 2.23581e-08
3.07942 5.10114e-07
-1.67719 2.31136e-06
3.45038 1.66286e-06
0.832129 3.51769e-08
-0.339147 6.4584e-07
2.32871 2.68243e-08
3.762 3.73168e-06
2.5997 7.87096e-08
-3.79574 8.02035e-06
3.29495 1.04607e-06
-1.82109 2.52968e-06
0.713475 5.17757e-08
2.31774 2.57511e-08
-2.32439 3.39103e-06
1.84265 7.18525e-09
-0.63827 9.59336e-07
3.55392 2.21188e-06
2.35778 2.99331e-08
0.217656 2.1858e-07
1.88211 7.61705e-09
-0.040247 3.86189e-07
-3.72217 7.65354e-06
-0.804171 1.15058e-06
3.33877 1.19742e-06
-3.57682 6.98803e-06
2.89698 2.59633e-07
3.87285 4.81327e-06
3.33386 1.17965e-06
-2.43328 3.60445e-06
-0.713762 1.04502e-06
0.74644 4.65204e-08
2.80349 1.79972e-07
-0.06214 4.0299e-07
-2.42925 3.59634e-06
-1.91352 2.67539e-06
0.547937 8.7389e-08
2.2464 1.99186e-08
0.48351 1.06117e-07
-0.773006 1.11384e-06
1.24634 1.03978e-08
2.39859 3.50305e-08
0.778456 4.19109e-08
3.53002 2.07419e-06
2.70571 1.2139e-07
2.07822 1.17389e-08
-1.74708 2.41619e-06
-2.22863 3.21259e-06
-1.9057 2.66288e-06
3.62454 2.66048e-06
-3.87055 8.41585e-06
0.698204 5.43963e-08
0.909436 2.73793e-08
3.95706 5.7828e-06
-1.45294 1.98861e-06
3.50857 1.95633e-06
0.42961 1.24182e-07
2.29722 2.38794e-08
2.91179 2.74833e-07
-2.99727 4.95078e-06
-0.598964 9.15674e-07
2.43696 4.07331e-08
0.856644 3.24781e-08
0.156448 2.53135e-07
1.70854 6.37404e-09
2.30416 2.44932e-08
-2.43902 3.61603e-06
0.866061 3.14995e-08
-2.21918 3.19541e-06
-0.425097 7.31195e-07
-0.820814 1.17035e-06
3.6155 2.59941e-06
-0.519877 8.29932e-07
-1.91729 2.68144e-06
2.12876 1.35806e-08
-1.18486 1.62599e-06
-3.77376 7.9085e-06
3.77454 3.84369e-06
-2.0122 2.83636e-06
0.562565 8.35473e-08
-3.89507 8.55067e-06
2.96376 3.34671e-07
3.75182 3.64261e-06
-0.424841 7.30935e-07
-0.28933 5.98357e-07
-0.370048 6.76042e-07
3.19995 7.70651e-07
2.04461 1.07314e-08
-1.52619 2.09193e-06
0.515542 9.64296e-08
1.12055 1.43945e-08
1.1633 1.28061e-08
-2.7779 4.37101e-06
0.769411 4.31659e-08
-3.85385 8.3255e-06
-3.92752 8.73326e-06
0.726608 4.96176e-08
2.8873 2.50104e-07
1.94781 8.58292e-09
0.98248 2.17162e-08
3.98195 6.09584e-06
1.69911 6.35008e-09
2.53879 6.13677e-08
-0.78538 1.12839e-06
-2.02903 2.86443e-06
0.153101 2.5512e-07
3.43767 1.60365e-06
0.915122 2.68838e-08
-1.33624 1.82788e-06
-3.35307 6.09781e-06
0.440816 1.20239e-07
-0.809158 1.15649e-06
-0.998951 1.38792e-06
0.655571 6.23779e-08
3.75418 3.66309e-06
-0.583118 8.98264e-07
3.61199 2.576e-06
1.40616 7.60371e-09
3.23453 8.63037e-07
-3.53391 6.80544e-06
-1.98372 2.78929e-06
2.34963 2.90213e-08
-3.50994 6.706e-06
2.61041 8.22366e-08
-3.93927 8.80055e-06
-1.8207 2.52908e-06
-2.40969 3.5572e-06
0.844155 3.38251e-08
1.34012 8.51828e-09
-0.853734 1.20973e-06
-3.86448 8.38287e-06
-1.6209 2.22849e-06
2.35249 2.93381e-08
3.42175 1.5318e-06
0.435362 1.22145e-07
-0.938533 1.31293e-06
-2.8612 4.58148e-06
-1.74374 2.41112e-06
-1.45302 1.98872e-06
-2.53917 3.82409e-06
-0.843079 1.19694e-06
2.68562 1.11855e-07
2.9225 2.86323e-07
-2.61919 3.99888e-06
-3.85993 8.35826e-06
0.533946 9.12022e-08
-3.58418 7.01997e-06
-2.45827 3.65515e-06
-2.31044 3.36452e-06
0.46342 1.12587e-07
1.39886 7.69072e-09
3.18509 7.3354e-07
-0.648047 9.70299e-07
-0.179024 4.98918e-07
1.73712 6.47152e-09
-1.65007 2.27127e-06
-1.0694 1.47686e-06
1.03186 1.86544e-08
3.37466 1.33404e-06
1.57107 6.4099e-09
-3.2185 5.62944e-06
1.29005 9.42625e-09
3.27842 9.93122e-07
3.74927 3.62056e-06
3.84363 4.50764e-06
0.295564 1.79384e-07
0.491955 1.03489e-07
-1.05685 1.46089e-06
-2.84646 4.54342e-06
2.78866 1.69638e-07
3.04849 4.56824e-07
2.83312 2.02389e-07
-1.40559 1.92285e-06
-3.36915 6.1569e-06
-3.5066 6.69226e-06
-2.39292 3.52395e-06
0.629415 6.77882e-08
3.18288 7.28138e-07
3.76605 3.76758e-06
2.01807 1.00399e-08
2.76955 1.5714e-07
-3.27053 5.80513e-06
2.19098 1.65139e-08
-2.63627 4.03725e-06
2.52574 5.81965e-08
-2.29894 3.34281e-06
3.32852 1.16054e-06
-3.8623 8.37105e-06
-3.40463 6.28988e-06
0.442324 1.19716e-07
-2.56525 3.88019e-06
0.102846 2.86107e-07
-3.96683 8.96091e-06
0.277621 1.87938e-07
-3.7192 7.63918e-06
-1.46364 2.00359e-06
-0.843468 1.19741e-06
-3.37672 6.18499e-06
-3.91839 8.68141e-06
1.39678 7.71606e-09
-2.06489 2.92484e-06
-3.10321 5.26272e-06
-1.71601 2.36931e-06
2.16285 1.50853e-08
1.61488 6.30939e-09
1.97286 9.04619e-09
-2.03593 2.87599e-06
1.09426 1.55107e-08
1.32651 8.74525e-09
-2.06366 2.92276e-06
-2.41585 3.56947e-06
-0.335751 6.42555e-07
3.42815 1.56036e-06
-1.11797 1.53908e-06
3.85893 4.66581e-06
0.914124 2.697e-08
-0.667424 9.92147e-07
-2.48864 3.7177e-06
1.48107 6.8897e-09
-1.52039 2.08368e-06
-0.431283 7.37497e-07
-3.72407 7.66275e-06
-2.54387 3.83415e-06
-2.96092 4.84883e-06
-0.172452 4.93257e-07
-0.182024 5.01513e-07
1.79696 6.80343e-09
-1.06628 1.47288e-06
-1.25764 1.72214e-06
-2.54237 3.83092e-06
-1.67261 2.30457e-06
-0.290537 5.99489e-07
-0.846564 1.20112e-06
0.477135 1.08137e-07
3.34528 1.22135e-06
-0.669112 9.94057e-07
0.607022 7.27491e-08
2.95188 3.20054e-07
1.89505 7.78135e-09
-0.183043 5.02396e-07
2.83878 2.0695e-07
2.87833 2.41563e-07
3.39944 1.43541e-06
-3.95137 8.8705e-06
3.99151 6.21953e-06
0.348853 1.55623e-07
-1.59922 2.19691e-06
2.49837 5.20877e-08
-2.68263 4.14336e-06
-2.47663 3.69285e-06
2.16155 1.50234e-08
2.63149 8.96518e-08
-1.88568 2.63102e-06
-2.85208 4.5579e-06
-1.12566 1.549e-06
-0.270605 5.8091e-07
0.647056 6.40949e-08
0.370095 1.46828e-07
-3.76881 7.88359e-06
-0.115279 4.45329e-07
0.802305 3.87721e-08
0.601354 7.40544e-08
-3.89768 8.56523e-06
1.91831 8.10763e-09
0.228434 2.12838e-07
-1.82382 2.53392e-06
3.07416 5.00693e-07
0.968085 2.27181e-08
-0.290501 5.99455e-07
0.558138 8.46945e-08
-3.40312 6.28412e-06
0.499785 1.011e-07
1.52363 6.61517e-09
0.842828 3.39716e-08
-3.5088 6.70131e-06
-0.510414 8.1987e-07
-3.46418 6.5211e-06
3.30766 1.08829e-06
3.56456 2.2754e-06
-2.4714 3.68208e-06
3.77505 3.84835e-06
0.758565 4.47194e-08
1.08677 1.58499e-08
0.599217 7.45519e-08
2.24584 1.98801e-08
-3.57649 6.98661e-06
-1.12506 1.54823e-06
-1.72661 2.38525e-06
-1.27588 1.74651e-06
-0.857036 1.21371e-06
1.7378 6.47432e-09
-0.917286 1.28684e-06
-0.712478 1.04354e-06
-3.39282 6.2452e-06
-3.97055 8.98281e-06
-1.18957 1.63216e-06
0.330028 1.63738e-07
3.3904 1.39777e-06
-3.93758 8.79084e-06
0.455305 1.15288e-07
-1.18902 1.63144e-06
-3.46813 6.53679e-06
-3.86987 8.41216e-06
0.61735 7.04225e-08
1.4885 6.83527e-09
3.41382 1.49694e-06
-2.11127 3.00432e-06
-2.94454 4.8037e-06
0.887241 2.94103e-08
2.6862 1.12118e-07
-1.15168 1.58271e-06
-3.83311 8.21495e-06
1.75054 6.53053e-09
-1.01156 1.40372e-06
-0.276477 5.86357e-07
3.13864 6.26945e-07
1.72696 6.43252e-09
-3.78205 7.95047e-06
-3.60654 7.11807e-06
-2.47932 3.6984e-06
2.04115 1.06363e-08
-1.90443 2.66086e-06
-1.77892 2.46469e-06
-3.02894 5.04167e-06
-0.100812 4.33587e-07
0.777855 4.19931e-08
-1.51816 2.0805e-06
3.92293 5.37357e-06
-1.62186 2.22989e-06
2.26629 2.13632e-08
2.65186 9.74475e-08
1.92341 8.18462e-09
1.55015 6.4878e-09
1.36332 8.16304e-09
0.305323 1.74849e-07
-3.60574 7.11453e-06
-1.40919 1.92782e-06
2.92528 2.89371e-07
2.37132 3.15248e-08
2.56462 6.81863e-08
0.621947 6.94083e-08
2.16219 1.50537e-08
-2.4999 3.74115e-06
-0.67462 1.0003e-06
-1.96124 2.75251e-06
-3.26553 5.78794e-06
-2.71139 4.2107e-06
-0.244368 5.56844e-07
-1.92866 2.69972e-06
-0.603534 9.20716e-07
0.115465 2.78118e-07
1.07087 1.6603e-08
2.33059 2.70132e-08
3.93689 5.5381e-06
3.33532 1.18491e-06
-3.25688 5.7584e-06
-3.91152 8.64268e-06
-2.8339 4.51127e-06
-2.41747 3.57271e-06
-2.45707 3.65271e-06
1.04269 1.80543e-08
1.70034 6.35297e-09
0.934285 2.52851e-08
-3.74675 7.77376e-06
-0.684334 1.01134e-06
2.29272 2.34912e-08
2.68302 1.10674e-07
-1.19487 1.63911e-06
-3.56202 6.92439e-06
-3.5388 6.82593e-06
2.46829 4.61484e-08
0.585418 7.78349e-08
-0.93389 1.30721e-06
-1.83663 2.55386e-06
-1.48204 2.02943e-06
-1.33384 1.82462e-06
-0.815377 1.16388e-06
3.26815 9.61332e-07
-1.25119 1.71355e-06
-1.29396 1.77076e-06
-3.45734 6.49403e-06
1.5743 6.39963e-09
-3.52351 6.76206e-06
3.27357 9.78014e-07
-0.92516 1.29649e-06
-3.87409 8.43518e-06
0.484825 1.05705e-07
-3.65775 7.34931e-06
1.05656 1.73209e-08
2.57466 7.10422e-08
-2.79543 4.41438e-06
-1.29247 1.76876e-06
-1.25639 1.72049e-06
-2.66098 4.09345e-06
-1.24852 1.71e-06
1.07568 1.63701e-08
3.24621 8.96208e-07
3.31029 1.0972e-06
-1.42624 1.95143e-06
1.57457 6.39879e-09
-1.61258 2.21635e-06
1.85557 7.31557e-09
-3.54109 6.83556e-06
2.43622 4.06134e-08
3.2959 1.04917e-06
3.86748 4.75598e-06
2.64994 9.66832e-08
0.601351 7.40551e-08
3.48306 1.8231e-06
0.610949 7.18566e-08
-1.17905 1.61839e-06
2.99573 3.76914e-07
-1.84541 2.56758e-06
-0.883324 1.24546e-06
-2.33792 3.4169e-06
-2.77161 4.35556e-06
-0.493667 8.02172e-07
-1.12839 1.55252e-06
2.82389 1.95146e-07
-3.53819 6.82336e-06
-0.245396 5.57778e-07
2.55626 6.58974e-08
2.971 3.43857e-07
1.20383 1.15293e-08
-2.3492 3.43862e-06
-2.42118 3.58015e-06
1.69525 6.34141e-09
-3.22842 5.66243e-06
-3.76956 7.88735e-06
1.15629 1.30487e-08
1.03809 1.83059e-08
-2.82282 4.48312e-06
-0.453433 7.60229e-07
1.69236 6.33537e-09
-3.62751 7.21166e-06
-1.81462 2.51965e-06
0.137496 2.64505e-07
1.20226 1.15752e-08
-3.60591 7.11532e-06
2.29305 2.35199e-08
0.978998 2.19538e-08
-0.465635 7.72862e-07
-2.0282 2.86304e-06
2.38055 3.26645e-08
-0.329201 6.36239e-07
-2.86116 4.58138e-06
1.6078 6.31998e-09
-1.21505 1.66568e-06
2.60749 8.12588e-08
1.13299 1.39043e-08
-2.74319 4.28652e-06
0.545165 8.81336e-08
-3.11621 5.3026e-06
-0.586367 9.01825e-07
-1.74512 2.41322e-06
-2.43104 3.59993e-06
3.6842 3.09148e-06
-0.433781 7.40047e-07
-2.89262 4.66383e-06
-1.5282 2.09479e-06
-3.09295 5.23151e-06
1.32092 8.84252e-09
0.886568 2.94744e-08
0.837578 3.45576e-08
2.77284 1.59224e-07
-0.69443 1.02285e-06
3.98833 6.17812e-06
-3.34873 6.08197e-06
-3.83294 8.21405e-06
-3.15458 5.42243e-06
-0.001555 3.57441e-07
-0.346616 6.53088e-07
-2.53265 3.8102e-06
-0.440123 7.46538e-07
2.41817 3.78207e-08
-2.63363 4.03129e-06
1.60496 6.32483e-09
1.50601 6.71806e-09
-0.000831 3.56914e-07
-1.45716 1.99451e-06
-0.889273 1.25268e-06
-3.38097 6.20083e-06
0.437888 1.21259e-07
-1.21433 1.66473e-06
0.89528 2.86565e-08
-3.80048 8.04469e-06
0.179236 2.39883e-07
3.09002 5.29555e-07
-1.48627 2.03538e-06
-2.80229 4.43149e-06
2.07969 1.17866e-08
0.057194 3.16159e-07
3.66469 2.94503e-06
2.04445 1.07267e-08
-1.32027 1.80624e-06
2.53037 5.93012e-08
2.67365 1.06523e-07
2.77917 1.63322e-07
2.83572 2.04473e-07
1.40223 7.65011e-09
1.71077 6.38032e-09
-1.77528 2.45912e-06
3.46107 1.714e-06
3.34445 1.21827e-06
-1.50696 2.06462e-06
-3.04103 5.07689e-06
0.12685 2.7103e-07
-0.790946 1.13495e-06
0.220754 2.16919e-07
2.83344 2.02648e-07
2.27175 2.17824e-08
1.85168 7.2753e-09
3.49847 1.90272e-06
-0.2113 5.27164e-07
2.77142 1.58319e-07
0.126682 2.71134e-07
-0.009746 3.63425e-07
-3.28334 5.84939e-06
3.61713 2.61036e-06
-0.195883 5.13581e-07
3.55931 2.24389e-06
-2.88022 4.63115e-06
-0.546051 8.57986e-07
-1.84137 2.56127e-06
2.64205 9.36104e-08
2.31709 2.56892e-08
-3.27188 5.80975e-06
-1.01984 1.41412e-06
1.60643 6.32227e-09
0.947162 2.42703e-08
-1.80604 2.50639e-06
2.75663 1.49183e-07
-1.1552 1.58728e-06
-2.48212 3.70419e-06
-1.47 2.01251e-06
-1.22165 1.67438e-06
1.35099 8.34712e-09
0.753128 4.55185e-08
0.814644 3.72416e-08
-2.08555 2.96006e-06
3.53184 2.08442e-06
0.486356 1.05226e-07
3.6111 2.57008e-06
-3.18892 5.53247e-06
-1.99685 2.81094e-06
-2.149 3.07011e-06
0.411689 1.30696e-07
0.261565 1.95832e-07
2.11988 1.32254e-08
-2.48222 3.70439e-06
-2.80839 4.44677e-06
0.498362 1.01531e-07
-0.009138 3.62979e-07
2.7289 1.33372e-07
1.82197 6.99769e-09
0.156952 2.52837e-07
-0.272215 5.82401e-07
1.87908 7.58028e-09
-0.9077 1.27512e-06
1.66157 6.29382e-09
1.6786 6.31166e-09
3.39352 1.41064e-06
1.09234 1.55967e-08
1.78283 6.70872e-09
-2.60468 3.96659e-06
3.65264 2.85725e-06
2.70328 1.20198e-07
2.11721 1.31215e-08
3.08612 5.22326e-07
0.713836 5.17152e-08
3.94835 5.67611e-06
2.23842 1.93752e-08
-0.698102 1.02705e-06
2.57999 7.26083e-08
0.952742 2.38449e-08
2.27065 2.16969e-08
-3.39283 6.24525e-06
-1.2351 1.69218e-06
3.26301 9.45743e-07
-2.36632 3.47182e-06
2.98533 3.62691e-07
3.90561 5.17447e-06
3.27571 9.84659e-07
0.709864 5.23844e-08
0.728305 4.93451e-08
-1.82844 2.5411e-06
3.52555 2.04918e-06
0.183036 2.37718e-07
-3.43942 6.42371e-06
1.22066 1.10576e-08
3.5828 2.38763e-06
-3.2008 5.57117e-06
-3.25241 5.7432e-06
0.452219 1.16329e-07
-3.68983 7.49892e-06
2.29919 2.40521e-08
2.9385 3.04277e-07
2.30673 2.47257e-08
3.22897 8.47595e-07
-3.72686 7.67632e-06
0.493353 1.03059e-07
-0.637422 9.58387e-07
-1.25525 1.71896e-06
-0.313167 6.20887e-07
3.0446 4.50464e-07
1.97958 9.18042e-09
0.982239 2.17325e-08
3.83 4.37017e-06
-2.95703 4.83808e-06
-0.760599 1.09932e-06
2.97967 3.55139e-07
1.43637 7.27785e-09
2.03778 1.0545e-08
-2.0671 2.92861e-06
-2.00751 2.82858e-06
2.72573 1.31672e-07
2.44156 4.1483e-08
-3.65575 7.34008e-06
-3.34352 6.063e-06
3.11773 5.83364e-07
-1.4709 2.01377e-06
1.58207 6.37678e-09
1.76018 6.57828e-09
1.36767 8.10078e-09
-3.5792 6.99834e-06
3.20726 7.89472e-07
-1.62327 2.23194e-06
2.87407 2.37597e-07
0.800507 3.90004e-08
3.90789 5.20032e-06
-2.8949 4.66988e-06
2.90823 2.71111e-07
-1.88239 2.62579e-06
3.97084 5.95456e-06
-3.82934 8.19508e-06
-3.48446 6.60227e-06
2.02361 1.01771e-08
0.300352 1.77148e-07
-3.86487 8.38497e-06
1.83873 7.14776e-09
-3.20704 5.59165e-06
0.733476 4.85234e-08
-3.03404 5.05648e-06
-0.38698 6.92825e-07
2.47839 4.80583e-08
2.40237 3.55505e-08
-0.785007 1.12795e-06
-0.41692 7.22896e-07
1.55056 6.48609e-09
-1.10654 1.52438e-06
3.05656 4.70253e-07
0.591907 7.62757e-08
-1.22798 1.68276e-06
-3.04648 5.09285e-06
2.93498 3.00246e-07
-0.908429 1.27601e-06
2.05567 1.10456e-08
3.49262 1.87215e-06
3.57133 2.3166e-06
-3.17417 5.4849e-06
-3.94248 8.81905e-06
3.63385 2.72448e-06
-0.920268 1.29049e-06
2.43461 4.03547e-08
0.253822 1.9972e-07
2.5601 6.69402e-08
-3.05714 5.12426e-06
1.73039 6.44518e-09
3.2526 9.14806e-07
-0.09245 4.26873e-07
-3.40303 6.28378e-06
3.39646 1.4229e-06
1.08956 1.57223e-08
1.45611 7.09316e-09
-3.6238 7.19501e-06
-1.14303 1.57147e-06
3.25835 9.31791e-07
0.866752 3.14289e-08
2.56626 6.86461e-08
-0.930989 1.30365e-06
2.22521 1.85161e-08
-3.78435 7.96214e-06
2.31759 2.5737e-08
2.98641 3.64151e-07
2.17801 1.58325e-08
-1.92473 2.69339e-06
2.16775 1.5321e-08
-3.55448 6.89219e-06
-1.24038 1.6992e-06
-2.10772 2.99818e-06
-2.07673 2.94499e-06
-3.77718 7.92581e-06
-2.46429 3.66747e-06
-2.58765 3.92903e-06
1.65091 6.28907e-09
-1.98563 2.79244e-06
2.9469 3.14102e-07
3.90185 5.132e-06
-0.471836 7.79311e-07
3.08726 5.2444e-07
1.49525 6.78829e-09
3.91641 5.29784e-06
-1.6967 2.34039e-06
-1.64721 2.26706e-06
-1.0848 1.4965e-06
-3.6337 7.2396e-06
2.11466 1.30232e-08
0.61159 7.17118e-08
-0.921183 1.29162e-06
1.62879 6.29491e-09
-2.58065 3.9137e-06
-0.279362 5.89041e-07
0.385443 1.40709e-07
-0.542673 8.54347e-07
3.78136 3.90574e-06
-0.567886 8.81636e-07
1.38574 7.85544e-09
0.437543 1.2138e-07
-3.73097 7.69632e-06
-1.34586 1.84096e-06
3.39006 1.39636e-06
3.74023 3.54317e-06
-2.78816 4.39635e-06
-0.116599 4.46408e-07
1.81125 6.91017e-09
-2.07888 2.94866e-06
-0.933334 1.30653e-06
-0.440363 7.46784e-07
1.99177 9.43567e-09
-2.48243 3.70482e-06
0.143356 2.60955e-07
-0.907992 1.27548e-06
3.26523 9.5247e-07
0.192152 2.32575e-07
