0.69134 0.389415
-0.567792 -3.27948
2.75998 -0.319071
2.5047 -0.26353
2.22021 0.122
-0.882034 -4.14766
-0.601486 -3.37864
0.270026 -0.649149
-3.10311 -4.6134
0.392048 -0.298577
1.39442 0.155514
-3.08332 -4.65477
2.04626 -0.355037
-0.176351 -2.05862
1.07973 0.527436
-1.10484 -4.67071
-0.703682 -3.67117
2.33518 0.144992
3.67312 1.31563
-3.79598 -2.80175
1.11634 0.482474
2.79111 -0.25056
-1.34603 -5.13149
-3.4041 -3.90694
0.964287 0.607569
0.008751 -1.46262
-3.87927 -2.54473
-1.91955 -5.72075
0.79369 0.532185
1.94084 -0.306722
-0.116323 -1.86516
0.474146 -0.0804828
1.66982 0.449961
0.780055 0.516901
1.04213 0.564659
0.746978 0.474847
-0.75472 -3.81222
-3.26465 -4.25154
-0.204095 -2.14784
0.915982 0.609416
-2.155 -5.74345
1.23023 0.312097
3.24126 1.08513
-2.76431 -5.22566
-3.08947 -4.642
2.27286 0.182019
-1.09888 -4.65786
3.43541 1.3347
3.55378 1.36113
-1.25195 -4.9657
3.73981 1.26693
-3.24655 -4.29414
0.970077 0.606061
-1.61889 -5.50472
-3.58805 -3.41132
-0.481879 -3.02131
-1.53933 -5.41291
-1.87637 -5.7026
0.495998 -0.0254686
1.0257 0.577698
-3.18549 -4.43409
1.71106 0.432814
-1.5381 -5.41137
-3.53477 -3.55937
2.79952 -0.229955
-2.85777 -5.07796
0.123329 -1.09882
-0.359819 -2.64333
-1.48686 -5.3446
-3.16932 -4.47017
1.32414 0.191346
2.23703 0.150279
-0.657713 -3.54118
-0.82204 -3.99264
-3.39068 -3.94132
0.39068 -0.302348
2.28272 0.183741
-1.68132 -5.56672
-2.36978 -5.65324
-2.70324 -5.31295
-1.63226 -5.51874
-3.21245 -4.37303
-2.96575 -4.88678
-1.3792 -5.18554
2.95625 0.255481
3.85824 1.15255
-2.41114 -5.62401
-2.54569 -5.50311
-2.36975 -5.65326
-1.69589 -5.5799
-1.71005 -5.59225
-2.43232 -5.60758
1.45165 0.176559
-1.66918 -5.55536
1.20467 0.351536
-0.289981 -2.42251
-2.6715 -5.35537
1.43084 0.163423
2.79851 -0.23248
-0.294207 -2.43595
3.24057 1.08375
0.909831 0.608285
1.49689 0.224994
3.09841 0.722283
-1.9257 -5.72298
1.83484 0.0860044
1.23103 0.310892
1.09064 0.514855
-0.182868 -2.07959
3.15446 0.881456
2.71819 -0.389212
0.531925 0.0617899
-2.13875 -5.746
-3.2592 -4.26442
2.22639 0.133342
-3.29745 -4.17305
-2.83335 -5.11817
-1.89663 -5.71166
-2.42663 -5.61209
-2.35531 -5.66258
-3.96643 -2.26882
-0.475207 -3.00096
-2.88998 -5.02319
-3.20963 -4.37946
3.2344 1.0711
-3.63154 -3.28789
-0.561864 -3.26191
2.63625 -0.439758
-3.74519 -2.95504
1.308 0.20757
3.61259 1.34636
-1.7847 -5.64971
-1.60562 -5.49039
-2.77135 -5.21513
1.57783 0.35261
3.11535 0.77244
0.476583 -0.0742787
-0.449519 -2.92226
-3.4112 -3.88866
-1.20544 -4.87705
0.918054 0.609729
2.72356 -0.381742
-0.633794 -3.4725
1.94365 -0.313746
1.90736 -0.203916
-2.3551 -5.66271
-2.26385 -5.71076
-1.35482 -5.14604
3.44307 1.339
2.74734 -0.343109
3.50416 1.36001
0.079499 -1.23708
0.981201 0.602391
-0.489706 -3.04512
-3.68638 -3.12907
-3.47224 -3.72853
-3.55794 -3.49544
3.14236 0.848788
-3.76151 -2.90607
-1.57834 -5.4597
-3.67352 -3.16665
-0.814182 -3.97192
-3.13951 -4.53554
-2.80982 -5.15585
-1.30863 -5.06778
0.792992 0.531433
-1.41937 -5.24783
2.65309 -0.439553
-1.26531 -4.99036
-2.57551 -5.47108
1.91507 -0.230398
-2.28859 -5.69958
-1.26022 -4.98099
1.71934 0.423186
0.525434 0.0463337
-0.915323 -4.23122
-3.87088 -2.57092
-2.71304 -5.29945
1.73343 0.401828
0.845183 0.57833
-0.622682 -3.44035
2.17102 -0.00121673
2.26989 0.180906
-2.50102 -5.54757
-2.46633 -5.57915
2.73522 -0.363907
3.00816 0.432134
-0.636181 -3.47938
-2.89606 -5.01263
-3.27913 -4.21709
-1.56811 -5.44777
-3.00602 -4.81005
-3.95842 -2.29444
-3.7736 -2.86962
0.587139 0.187236
3.40193 1.3113
0.598326 0.211242
-2.64127 -5.39385
1.26896 0.255774
2.82687 -0.157632
2.78416 -0.266942
-0.693513 -3.64265
-3.80775 -2.76585
-1.19982 -4.86604
0.186624 -0.901933
-0.414832 -2.81511
-1.10295 -4.66664
-1.74227 -5.61863
-0.100438 -1.81393
0.204089 -0.848301
0.13817 -1.05234
-3.55096 -3.51476
0.311183 -0.527964
-0.494729 -3.06038
0.509238 0.0071663
-0.606648 -3.39372
-3.49847 -3.6582
-3.57582 -3.44562
0.051082 -1.32737
-3.36746 -4.00023
2.99932 0.402247
-2.07765 -5.75016
0.594509 0.203108
1.03095 0.573758
3.64814 1.33004
0.341855 -0.439487
0.587452 0.187914
-3.62798 -3.29807
-1.66795 -5.55419
-0.568294 -3.28097
-1.84351 -5.68589
-2.4981 -5.55033
0.310542 -0.529831
-0.203931 -2.14731
-1.84723 -5.68791
-0.230146 -2.23143
1.91287 -0.222971
-1.48561 -5.34289
-1.06778 -4.58982
-1.48446 -5.34133
2.34174 0.135038
1.6834 0.449736
2.62029 -0.434923
-0.646762 -3.50982
3.33646 1.24264
0.630949 0.278265
0.610876 0.237563
0.002862 -1.48149
2.44533 -0.109649
-1.44821 -5.2904
2.0498 -0.349056
0.417918 -0.228061
1.6575 0.446002
-1.68484 -5.56995
1.05253 0.555363
-2.03971 -5.7484
-2.8558 -5.08125
2.19429 0.0636278
-1.59365 -5.47713
0.371943 -0.354402
-0.140665 -1.94366
-1.7322 -5.61065
-2.4931 -5.55501
-2.70656 -5.30841
-3.25061 -4.28462
0.24285 -0.730545
2.27904 0.18345
3.07942 0.664173
-1.67719 -5.56289
3.45038 1.34274
0.832129 0.568423
-0.339147 -2.57826
2.32871 0.153784
3.762 1.24787
2.5997 -0.421481
-3.79574 -2.80248
3.29495 1.18255
-1.82109 -5.67304
0.713475 0.425494
2.31774 0.166291
-2.32439 -5.68096
1.84265 0.0539065
-0.63827 -3.4854
3.55392 1.36112
2.35778 0.106782
0.217656 -0.806877
1.88211 -0.108517
-0.040247 -1.61998
-3.72217 -3.02362
-0.804171 -3.9454
3.33877 1.24559
-3.57682 -3.44282
2.89698 0.0564905
3.87285 1.13664
3.33386 1.23926
-2.43328 -5.60681
-0.713762 -3.69931
0.74644 0.474107
2.80349 -0.21996
-0.06214 -1.69047
-2.42925 -5.61002
-1.91352 -5.71847
0.547937 0.099304
2.2464 0.1624
0.48351 -0.056737
-0.773006 -3.86188
1.24634 0.287959
2.39859 0.0148016
0.778456 0.515029
3.53002 1.36226
2.70571 -0.404717
2.07822 -0.286969
-1.74708 -5.62237
-2.22863 -5.72429
-1.9057 -5.7154
3.62454 1.34145
-3.87055 -2.57196
0.698204 0.400886
0.909436 0.608201
3.95706 1.03988
-1.45294 -5.2972
3.50857 1.36066
0.42961 -0.196707
2.29722 0.180869
2.91179 0.105288
-2.99727 -4.82697
-0.598964 -3.37126
2.43696 -0.0868529
0.856644 0.585988
0.156448 -0.995341
1.70854 0.435324
2.30416 0.177281
-2.43902 -5.60218
0.866061 0.591538
-2.21918 -5.72744
-0.425097 -2.84692
-0.820814 -3.98941
3.6155 1.34522
-0.519877 -3.1364
-1.91729 -5.71991
2.12876 -0.135353
-1.18486 -4.83643
-3.77376 -2.86916
3.77454 1.23656
-2.0122 -5.74503
0.562565 0.132785
-3.89507 -2.49525
2.96376 0.281142
3.75182 1.25677
-0.424841 -2.84613
-0.28933 -2.42044
-0.370048 -2.67543
3.19995 0.995131
2.04461 -0.357669
-1.52619 -5.39638
0.515542 0.022512
1.12055 0.476832
1.1633 0.415345
-2.7779 -5.20525
0.769411 0.504124
-3.85385 -2.6239
-3.92752 -2.39284
0.726608 0.445616
2.8873 0.025084
1.94781 -0.323615
0.98248 0.601905
3.98195 1.01005
1.69911 0.44295
2.53879 -0.336509
-0.78538 -3.89521
-2.02903 -5.7473
0.153101 -1.00576
3.43767 1.33601
0.915122 0.609276
-1.33624 -5.11511
-3.35307 -4.03632
0.440816 -0.166973
-0.809158 -3.95863
-0.998951 -4.43297
0.655571 0.325716
3.75418 1.25474
-0.583118 -3.32474
3.61199 1.34659
1.40616 0.15596
3.23453 1.07136
-3.53391 -3.56173
-1.98372 -5.73969
2.34963 0.121805
-3.50994 -3.62715
2.61041 -0.429479
-3.93927 -2.35553
-1.8207 -5.67281
-2.40969 -5.62509
0.844155 0.577596
1.34012 0.177903
-0.853734 -4.07523
-3.86448 -2.59087
-1.6209 -5.50686
2.35249 0.116675
3.42175 1.32608
0.435362 -0.181405
-0.938533 -4.2884
-2.8612 -5.07222
-1.74374 -5.61978
-1.45302 -5.29732
-2.53917 -5.50986
-0.843079 -4.04764
2.68562 -0.423978
2.9225 0.141076
-2.61919 -5.42079
-3.85993 -2.60502
0.533946 0.0665733
-3.58418 -3.42218
-2.45827 -5.58611
-2.31044 -5.68856
0.46342 -0.107988
1.39886 0.15545
3.18509 0.959636
-0.648047 -3.51351
-0.179024 -2.06722
1.73712 0.395202
-1.65007 -5.5368
-1.0694 -4.59342
1.03186 0.573053
3.37466 1.28648
1.57107 0.341585
-3.2185 -4.35916
1.29005 0.228347
3.27842 1.15493
3.74927 1.25896
3.84363 1.16814
0.295564 -0.573639
0.491955 -0.0355409
-1.05685 -4.56549
-2.84646 -5.09673
2.78866 -0.2564
3.04849 0.56579
2.83312 -0.140049
-1.40559 -5.22686
-3.36915 -3.99597
-3.5066 -3.63622
-2.39292 -5.63735
0.629415 0.275217
3.18288 0.954209
3.76605 1.24426
2.01807 -0.386334
2.76955 -0.299371
-3.27053 -4.23758
2.19098 0.0550103
-2.63627 -5.40005
2.52574 -0.310426
-2.29894 -5.6945
3.32852 1.23215
-3.8623 -2.59766
-3.40463 -3.90558
0.442324 -0.162996
-2.56525 -5.48231
0.102846 -1.16326
-3.96683 -2.26753
0.277621 -0.626589
-3.7192 -3.03242
-1.46364 -5.31243
-0.843468 -4.04865
-3.37672 -3.97682
-3.91839 -2.42175
1.39678 0.155445
-2.06489 -5.74994
-3.10321 -4.61318
-1.71601 -5.59731
2.16285 -0.026036
1.61488 0.407247
1.97286 -0.369245
-2.03593 -5.74804
1.09426 0.510524
1.32651 0.18918
-2.06366 -5.7499
-2.41585 -5.62044
-0.335751 -2.56754
3.42815 1.33027
-1.11797 -4.69873
3.85893 1.15181
0.914124 0.609107
-0.667424 -3.56887
-2.48864 -5.55914
1.48107 0.205219
-1.52039 -5.38896
-0.431283 -2.86605
-3.72407 -3.01798
-2.54387 -5.505
-2.96092 -4.89579
-0.172452 -2.04607
-0.182024 -2.07687
1.79696 0.231524
-1.06628 -4.5865
-1.25764 -4.97623
-2.54237 -5.50656
-1.67261 -5.55861
-0.290537 -2.42428
-0.846564 -4.05668
0.477135 -0.0728758
3.34528 1.25372
-0.669112 -3.57367
0.607022 0.22955
2.95188 0.240578
1.89505 -0.158823
-0.183043 -2.08015
2.83878 -0.12384
2.87833 -0.00357732
3.39944 1.30926
-3.95137 -2.31698
3.99151 0.998488
0.348853 -0.419541
-1.59922 -5.48335
2.49837 -0.248421
-2.68263 -5.34073
-2.47663 -5.57004
2.16155 -0.0300667
2.63149 -0.438829
-1.88568 -5.70688
-2.85208 -5.08742
-1.12566 -4.71501
-0.270605 -2.36079
0.647056 0.309625
0.370095 -0.359576
-3.76881 -2.8841
-0.115279 -1.8618
0.802305 0.541199
0.601354 0.217652
-3.89768 -2.48702
1.91831 -0.24107
0.228434 -0.774125
-1.82382 -5.67467
3.07416 0.647747
0.968085 0.606611
-0.290501 -2.42416
0.558138 0.122734
-3.40312 -3.90948
0.499785 -0.016079
1.52363 0.26388
0.842828 0.576636
-3.5088 -3.63024
-0.510414 -3.10786
-3.46418 -3.74997
3.30766 1.20235
3.56456 1.35966
-2.4714 -5.57469
3.77505 1.23608
0.758565 0.49036
1.08677 0.519404
0.599217 0.213132
2.24584 0.161754
-3.57649 -3.44374
-1.12506 -4.71375
-1.72661 -5.60611
-1.27588 -5.0096
-0.857036 -4.08375
1.7378 0.393925
-0.917286 -4.23609
-0.712478 -3.69573
-3.39282 -3.93588
-3.97055 -2.25561
-1.18957 -4.84579
0.330028 -0.473405
3.3904 1.30146
-3.93758 -2.3609
0.455305 -0.129008
-1.18902 -4.8447
-3.46813 -3.73949
-3.86987 -2.57407
0.61735 0.250882
1.4885 0.214169
3.41382 1.32049
-2.11127 -5.74894
-2.94454 -4.92602
0.887241 0.601526
2.6862 -0.423525
-1.15168 -4.76922
-3.83311 -2.68803
1.75054 0.367476
-1.01156 -4.46234
-0.276477 -2.37952
3.13864 0.838559
1.72696 0.412426
-3.78205 -2.84406
-3.60654 -3.35912
-2.47932 -5.56763
2.04115 -0.3629
-1.90443 -5.71489
-1.77892 -5.64572
-3.02894 -4.76509
-0.100812 -1.81514
0.777855 0.514321
-1.51816 -5.38608
3.92293 1.07998
-1.62186 -5.50787
2.26629 0.179191
2.65186 -0.439751
1.92341 -0.257269
1.55015 0.306839
1.36332 0.16365
0.305323 -0.545054
-3.60574 -3.36139
-1.40919 -5.23237
2.92528 0.150407
2.37132 0.0790267
2.56462 -0.380386
0.621947 0.260229
2.16219 -0.0280861
-2.4999 -5.54863
-0.67462 -3.58931
-1.96124 -5.73415
-3.26553 -4.24945
-2.71139 -5.30173
-0.244368 -2.27697
-1.92866 -5.72402
-0.603534 -3.38462
0.115465 -1.12353
1.07087 0.537084
2.33059 0.151336
3.93689 1.06371
3.33532 1.24116
-3.25688 -4.26988
-3.91152 -2.44343
-2.8339 -5.11728
-2.41747 -5.6192
-2.45707 -5.58714
1.04269 0.564176
1.70034 0.442111
0.934285 0.610966
-3.74675 -2.95036
-0.684334 -3.61679
2.29272 0.182439
2.68302 -0.425945
-1.19487 -4.85628
-3.56202 -3.48408
-3.5388 -3.5483
2.46829 -0.171633
0.585418 0.183498
-0.93389 -4.27703
-1.83663 -5.68207
-1.48204 -5.33802
-1.33384 -5.11105
-0.815377 -3.97508
3.26815 1.1367
-1.25119 -4.96427
-1.29396 -5.042
-3.45734 -3.76808
1.5743 0.346867
-3.52351 -3.59021
3.27357 1.14643
-0.92516 -4.25556
-3.87409 -2.56091
0.484825 -0.0534227
-3.65775 -3.21242
1.05656 0.551549
2.57466 -0.394412
-2.79543 -5.17836
-1.29247 -5.03936
-1.25639 -4.97394
-2.66098 -5.36897
-1.24852 -4.9593
1.07568 0.531904
3.24621 1.09505
3.31029 1.20629
-1.42624 -5.25813
1.57457 0.347313
-1.61258 -5.49796
1.85557 0.000252055
-3.54109 -3.542
2.43622 -0.0848294
3.2959 1.18407
3.86748 1.14253
2.64994 -0.440004
0.601351 0.217646
3.48306 1.35533
0.610949 0.237714
-1.17905 -4.82482
2.99573 0.390074
-1.84541 -5.68692
-0.883324 -4.15093
-2.33792 -5.67318
-2.77161 -5.21475
-0.493667 -3.05716
-1.12839 -4.72075
2.82389 -0.165869
-3.53819 -3.54998
-0.245396 -2.28026
2.55626 -0.367378
2.971 0.305863
1.20383 0.352831
-2.3492 -5.66638
-2.42118 -5.61634
1.69525 0.445294
-3.22842 -4.33631
-3.76956 -2.88184
1.15629 0.425866
1.03809 0.568051
-2.82282 -5.13517
-0.453433 -2.93429
1.69236 0.446754
-3.62751 -3.29942
-1.81462 -5.66912
0.137496 -1.05444
1.20226 0.35529
-3.60591 -3.36089
2.29305 0.182342
0.978998 0.603199
-0.465635 -2.9717
-2.0282 -5.7472
2.38055 0.0583966
-0.329201 -2.54686
-2.86116 -5.07228
1.6078 0.397874
-1.21505 -4.89572
2.60749 -0.427513
1.13299 0.459665
-2.74319 -5.2567
0.545165 0.0928733
-3.11621 -4.58562
-0.586367 -3.3343
-1.74512 -5.62085
-2.43104 -5.6086
3.6842 1.30852
-0.433781 -2.87376
-2.89262 -5.01862
-1.5282 -5.39893
-3.09295 -4.63472
1.32092 0.194376
0.886568 0.601262
0.837578 0.57271
2.77284 -0.292326
-0.69443 -3.64523
3.98833 1.00235
-3.34873 -4.04716
-3.83294 -2.68855
-3.15458 -4.50267
-0.001555 -1.49565
-0.346616 -2.6018
-2.53265 -5.51653
-0.440123 -2.89333
2.41817 -0.0360899
-2.63363 -5.4033
1.60496 0.393954
1.50601 0.237572
-0.000831 -1.49333
-1.45716 -5.30324
-0.889273 -4.16598
-3.38097 -3.96604
0.437888 -0.174712
-1.21433 -4.89432
0.89528 0.604397
-3.80048 -2.78805
0.179236 -0.924718
3.09002 0.696846
-1.48627 -5.34379
-2.80229 -5.16768
2.07969 -0.283173
0.057194 -1.30791
3.66469 1.32074
2.04445 -0.357931
-1.32027 -5.08793
2.53037 -0.319957
2.67365 -0.431999
2.77917 -0.278317
2.83572 -0.132637
1.40223 0.15559
1.71077 0.433112
-1.77528 -5.64317
3.46107 1.34759
3.34445 1.2527
-1.50696 -5.37149
-3.04103 -4.74101
0.12685 -1.08778
-0.790946 -3.91013
0.220754 -0.797448
2.83344 -0.139126
2.27175 0.181636
1.85168 0.0164115
3.49847 1.359
-0.2113 -2.17098
2.77142 -0.295394
0.126682 -1.0883
-0.009746 -1.52194
-3.28334 -4.20702
3.61713 1.34456
-0.195883 -2.12145
3.55931 1.36045
-2.88022 -5.03998
-0.546051 -3.21485
-1.84137 -5.68471
2.64205 -0.440301
2.31709 0.166933
-3.27188 -4.23439
-1.01984 -4.48146
1.60643 0.396
0.947162 0.610415
-1.80604 -5.66377
2.75663 -0.325669
-1.1552 -4.77644
-2.48212 -5.5651
-1.47 -5.32136
-1.22165 -4.90842
1.35099 0.170414
0.753128 0.483184
0.814644 0.553222
-2.08555 -5.75011
3.53184 1.36228
0.486356 -0.0495703
3.6111 1.34693
-3.18892 -4.42638
-1.99685 -5.74239
-2.149 -5.74446
0.411689 -0.244898
0.261565 -0.674381
2.11988 -0.164041
-2.48222 -5.56501
-2.80839 -5.1581
0.498362 -0.0196021
-0.009138 -1.51999
2.7289 -0.373847
1.82197 0.137759
0.156952 -0.993774
-0.272215 -2.36593
1.87908 -0.0964022
-0.9077 -4.21224
1.66157 0.447728
1.6786 0.450391
3.39352 1.30421
1.09234 0.512833
1.78283 0.278886
-2.60468 -5.43793
3.65264 1.32761
2.70328 -0.407421
2.11721 -0.172567
3.08612 0.684884
0.713836 0.42606
3.94835 1.05022
2.23842 0.152248
-0.698102 -3.65554
2.57999 -0.401136
0.952742 0.609752
2.27065 0.181217
-3.39283 -3.93584
-1.2351 -4.93407
3.26301 1.12728
-2.36632 -5.65551
2.98533 0.354736
3.90561 1.09991
3.27571 1.1502
0.709864 0.419791
0.728305 0.448144
-1.82844 -5.67738
3.52555 1.36214
0.183036 -0.912991
-3.43942 -3.81525
1.22066 0.326749
3.5828 1.35587
-3.2008 -4.39956
-3.25241 -4.28039
0.452219 -0.137048
-3.68983 -3.11897
2.29919 0.179991
2.9385 0.19507
2.30673 0.175596
3.22897 1.05971
-3.72686 -3.00968
0.493353 -0.0320525
-0.637422 -3.48296
-1.25525 -4.97182
-0.313167 -2.49612
3.0446 0.553114
1.97958 -0.377199
0.982239 0.601997
3.83 1.18237
-2.95703 -4.903
-0.760599 -3.82824
2.97967 0.335427
1.43637 0.166311
2.03778 -0.367588
-2.0671 -5.75
-2.00751 -5.74428
2.72573 -0.378584
2.44156 -0.0993904
-3.65575 -3.21822
-3.34352 -4.06014
3.11773 0.779353
-1.4709 -5.32262
1.58207 0.359414
1.76018 0.344159
1.36767 0.16173
-3.5792 -3.43615
3.20726 1.012
-1.62327 -5.50936
2.87407 -0.0170392
0.800507 0.53936
3.90789 1.09731
-2.8949 -5.01466
2.90823 0.093491
-1.88239 -5.70539
3.97084 1.02342
-3.82934 -2.69962
-3.48446 -3.69587
2.02361 -0.3826
0.300352 -0.559595
-3.86487 -2.58967
1.83873 0.0700638
-3.20704 -4.38536
0.733476 0.455745
-3.03404 -4.75497
-0.38698 -2.72841
2.47839 -0.198187
2.40237 0.005218
-0.785007 -3.89421
-0.41692 -2.82159
1.55056 0.307517
-1.10654 -4.67436
3.05656 0.591875
0.591907 0.197529
-1.22798 -4.92055
-3.04648 -4.73008
2.93498 0.183153
-0.908429 -4.21406
2.05567 -0.338208
3.49262 1.35777
3.57133 1.35844
-3.17417 -4.45937
-3.94248 -2.34531
3.63385 1.33721
-0.920268 -4.24348
2.43461 -0.0804363
0.253822 -0.69756
2.5601 -0.373508
-3.05714 -4.70853
1.73039 0.406964
3.2526 1.10757
-0.09245 -1.78817
-3.40303 -3.90971
3.39646 1.30675
1.08956 0.516134
1.45611 0.180173
-3.6238 -3.31001
-1.14303 -4.75133
3.25835 1.11856
0.866752 0.591919
2.56626 -0.382805
-0.930989 -4.26991
2.22521 0.131254
-3.78435 -2.83709
2.31759 0.166438
2.98641 0.358424
2.17801 0.0192485
-1.92473 -5.72263
2.16775 -0.0110616
-3.55448 -3.50503
-1.24038 -4.94405
-2.10772 -5.74919
-2.07673 -5.75016
-3.77718 -2.85879
-2.46429 -5.58093
-2.58765 -5.4575
1.65091 0.442385
-1.98563 -5.74011
2.9469 0.223622
3.90185 1.1042
-0.471836 -2.99066
3.08726 0.688404
1.49525 0.22282
3.91641 1.08753
-1.6967 -5.58062
-1.64721 -5.53395
-1.0848 -4.62728
-3.6337 -3.28168
2.11466 -0.180686
0.61159 0.239041
-0.921183 -4.24574
1.62879 0.423556
-2.58065 -5.46537
-0.279362 -2.38871
0.385443 -0.316822
-0.542673 -3.20477
3.78136 1.23024
-0.567886 -3.27976
1.38574 0.156448
0.437543 -0.175625
-3.73097 -2.99747
-1.34586 -5.13121
3.39006 1.30115
3.74023 1.26658
-2.78816 -5.18958
-0.116599 -1.86605
1.81125 0.179272
-2.07888 -5.75016
-0.933334 -4.27567
-0.440363 -2.89407
1.99177 -0.386826
-2.48243 -5.56482
0.143356 -1.03614
-0.907992 -4.21297
3.26523 1.13139
0.192152 -0.884921
