2.19503 0.432907
2.15354 0.480011
1.67382 0.379894
1.55555 0.384616
-3.96398 0.480011
-2.76322 0.480011
0.217907 0.480011
-3.31167 0.460085
1.80275 0.480011
2.01385 0.480011
3.2653 0.480011
-3.63546 0.345247
1.55976 0.372852
3.42571 0.480011
1.74465 0.316479
-3.09401 0.480011
2.19722 0.480011
1.65229 0.354344
1.20465 0.480011
0.560423 0.480011
1.32837 0.480011
-3.12682 0.480011
-0.07753 0.480011
-1.24551 0.480011
2.54638 0.480011
3.2003 0.480011
3.74648 0.480011
-1.60647 0.480011
-2.20945 0.480011
-3.46762 0.480011
1.42345 0.480011
3.95827 0.480011
-1.42812 0.480011
3.08132 0.480011
-3.83995 0.480011
0.148376 0.480011
1.80807 0.480011
3.32041 0.480011
1.16872 0.480011
-0.177142 0.480011
-3.98218 0.480011
2.10451 0.480011
-1.052 0.480011
1.98741 0.480011
-2.37543 0.480011
3.71197 0.480011
-3.95286 0.480011
-3.42144 0.480011
-0.880464 0.480011
2.55854 0.480011
-2.93486 0.480011
-3.20525 0.480011
2.83424 0.480011
0.33312 0.480011
-2.36586 0.480011
3.72425 0.480011
-1.9277 0.480011
0.30533 0.480011
-3.86282 0.480011
-3.98004 0.480011
-0.649359 0.480011
-2.44495 0.480011
3.91039 0.480011
1.3711 0.480011
3.50011 0.480011
3.87377 0.480011
-2.32054 0.480011
-1.47824 0.480011
-0.624606 0.480011
-1.91219 0.480011
1.9806 0.480011
2.58634 0.480011
-0.075591 0.480011
0.553494 0.480011
-2.68426 0.480011
2.41183 0.480011
-1.63304 0.480011
2.57408 0.480011
1.79224 0.480011
-1.26299 0.480011
2.23287 0.480011
