0.69134 0.188862
-0.567792 -1.69315
2.75998 -0.171277
2.5047 -0.1435
2.22021 -0.194555
-0.882034 -2.17603
-0.601486 -1.70054
0.270026 -1.15339
-3.10311 -4.60231
0.392048 -0.76842
1.39442 0.421451
-3.08332 -4.60634
2.04626 -0.217244
-0.176351 -1.82375
1.07973 0.716736
-1.10484 -3.18955
-0.703682 -1.77911
2.33518 -0.16726
3.67312 1.24805
-3.79598 -2.97258
1.11634 0.708981
2.79111 -0.176969
-1.34603 -4.74041
-3.4041 -4.41638
0.964287 0.678065
0.008751 -1.71354
-3.87927 -2.44494
-1.91955 -7.24001
0.79369 0.434396
1.94084 -0.19951
-0.116323 -1.81254
0.474146 -0.492184
1.66982 0.015863
0.780055 0.405614
1.04213 0.714985
0.746978 0.330571
-0.75472 -1.85604
-3.26465 -4.55504
-0.204095 -1.82227
0.915982 0.631709
-2.155 -6.93479
1.23023 0.632138
3.24126 0.0130078
-2.76431 -4.89791
-3.08947 -4.60504
2.27286 -0.181948
-1.09888 -3.15565
3.43541 0.423107
3.55378 0.793894
-1.25195 -4.10689
3.73981 1.52953
-3.24655 -4.5641
0.970077 0.682405
-1.61889 -6.40981
-3.58805 -3.95881
-0.481879 -1.70465
-1.53933 -5.98151
-1.87637 -7.20791
0.495998 -0.418517
1.0257 0.710998
-3.18549 -4.58534
1.71106 -0.0330103
-1.5381 -5.97433
-3.53477 -4.12968
2.79952 -0.178434
-2.85777 -4.74745
0.123329 -1.52381
-0.359819 -1.76252
-1.48686 -5.66582
-3.16932 -4.58924
1.32414 0.521769
2.23703 -0.190606
-0.657713 -1.73227
-0.82204 -2.00154
-3.39068 -4.43624
0.39068 -0.772963
2.28272 -0.179554
-1.68132 -6.69304
-2.36978 -6.18246
-2.70324 -5.03333
-1.63226 -6.47472
-3.21245 -4.57746
-2.96575 -4.64967
-1.3792 -4.96436
2.95625 -0.18845
3.85824 2.06186
-2.41114 -6.0195
-2.54569 -5.51047
-2.36975 -6.18255
-1.69589 -6.75155
-1.71005 -6.80548
-2.43232 -5.93631
1.45165 0.333925
-1.66918 -6.64204
1.20467 0.65562
-0.289981 -1.79712
-2.6715 -5.11533
1.43084 0.366083
2.79851 -0.17826
-0.294207 -1.79526
3.24057 0.0120032
0.909831 0.624503
1.49689 0.26363
3.09841 -0.137353
-1.9257 -7.24217
1.83484 -0.145822
1.23103 0.631359
1.09064 0.715375
-0.182868 -1.82375
3.15446 -0.0920948
2.71819 -0.16345
0.531925 -0.298535
-2.13875 -6.97822
-3.2592 -4.55793
2.22639 -0.193117
-3.29745 -4.53431
-2.83335 -4.78034
-1.89663 -7.2267
-2.42663 -5.95861
-2.35531 -6.2392
-3.96643 -1.82794
-0.475207 -1.70694
-2.88998 -4.71056
-3.20963 -4.57838
3.2344 0.00304532
-3.63154 -3.79451
-0.561864 -1.69264
2.63625 -0.150223
-3.74519 -3.25935
1.308 0.54302
3.61259 1.00872
-1.7847 -7.04016
-1.60562 -6.34323
-2.77135 -4.88421
1.57783 0.141101
3.11535 -0.125397
0.476583 -0.483954
-0.449519 -1.71714
-3.4112 -4.40522
-1.20544 -3.80283
0.918054 0.634071
2.72356 -0.164442
-0.633794 -1.71557
1.94365 -0.200413
1.90736 -0.186743
-2.3551 -6.24003
-2.26385 -6.58506
-1.35482 -4.79992
3.44307 0.444425
2.74734 -0.1689
3.50416 0.627912
0.079499 -1.6076
0.981201 0.690015
-0.489706 -1.70216
-3.68638 -3.55518
-3.47224 -4.28913
-3.55794 -4.05945
3.14236 -0.103276
-3.76151 -3.17027
-1.57834 -6.20001
-3.67352 -3.61454
-0.814182 -1.98186
-3.13951 -4.59541
-2.80982 -4.81626
-1.30863 -4.48718
0.792992 0.432954
-1.41937 -5.2321
2.65309 -0.152536
-1.26531 -4.19582
-2.57551 -5.40773
1.91507 -0.190015
-2.28859 -6.49465
-1.26022 -4.16182
1.71934 -0.042186
0.525434 -0.320065
-0.915323 -2.29149
-3.87088 -2.50107
-2.71304 -5.00962
1.73343 -0.0572839
0.845183 0.531137
-0.622682 -1.70946
2.17102 -0.205073
2.26989 -0.182671
-2.50102 -5.67276
-2.46633 -5.80424
2.73522 -0.166619
3.00816 -0.178828
-0.636181 -1.71702
-2.89606 -4.70438
-3.27913 -4.54662
-1.56811 -6.14422
-3.00602 -4.6295
-3.95842 -1.88695
-3.7736 -3.1024
0.587139 -0.119318
3.40193 0.334475
0.598326 -0.0840845
-2.64127 -5.20046
1.26896 0.590784
2.82687 -0.182837
2.78416 -0.17573
-0.693513 -1.76699
-3.80775 -2.90221
-1.19982 -3.76678
0.186624 -1.37975
-0.414832 -1.73353
-1.10295 -3.17877
-1.74227 -6.91723
-0.100438 -1.80591
0.204089 -1.33554
0.13817 -1.49241
-3.55096 -4.08125
0.311183 -1.02919
-0.494729 -1.70069
0.509238 -0.37409
-0.606648 -1.70239
-3.49847 -4.22748
-3.57582 -4.00097
0.051082 -1.65456
-3.36746 -4.46693
2.99932 -0.181111
-2.07765 -7.11554
0.594509 -0.0960581
1.03095 0.712488
3.64814 1.1472
0.341855 -0.932456
0.587452 -0.118326
-3.62798 -3.8088
-1.66795 -6.63675
-0.568294 -1.6932
-1.84351 -7.16335
-2.4981 -5.68369
0.310542 -1.03117
-0.203931 -1.82229
-1.84723 -7.16928
-0.230146 -1.81758
1.91287 -0.189099
-1.48561 -5.658
-1.06778 -2.98425
-1.48446 -5.65083
2.34174 -0.165812
1.6834 -0.000795109
2.62029 -0.148287
-0.646762 -1.72401
3.33646 0.182792
0.630949 0.0160274
0.610876 -0.0450846
0.002862 -1.72071
2.44533 -0.148012
-1.44821 -5.42051
2.0498 -0.217319
0.417918 -0.681962
1.6575 0.031426
-1.68484 -6.70746
1.05253 0.716485
-2.03971 -7.1778
-2.8558 -4.74995
2.19429 -0.200334
-1.59365 -6.28141
0.371943 -0.83483
-0.140665 -1.81964
-1.7322 -6.884
-2.4931 -5.70244
-2.70656 -5.02523
-3.25061 -4.5622
0.24285 -1.23121
2.27904 -0.180448
3.07942 -0.149081
-1.67719 -6.67593
3.45038 0.465109
0.832129 0.508443
-0.339147 -1.77342
2.32871 -0.16871
3.762 1.62662
2.5997 -0.146199
-3.79574 -2.974
3.29495 0.101464
-1.82109 -7.12294
0.713475 0.247437
2.31774 -0.171222
-2.32439 -6.35921
1.84265 -0.151124
-0.63827 -1.71832
3.55392 0.794401
2.35778 -0.162402
0.217656 -1.29997
1.88211 -0.174596
-0.040247 -1.76543
-3.72217 -3.37991
-0.804171 -1.95783
3.33877 0.187642
-3.57682 -3.99759
2.89698 -0.189973
3.87285 2.12932
3.33386 0.177356
-2.43328 -5.93253
-0.713762 -1.79214
0.74644 0.329291
2.80349 -0.179109
-0.06214 -1.78305
-2.42925 -5.94832
-1.91352 -7.23732
0.547937 -0.24578
2.2464 -0.188365
0.48351 -0.460577
-0.773006 -1.89045
1.24634 0.615736
2.39859 -0.154694
0.778456 0.402155
3.53002 0.71261
2.70571 -0.161178
2.07822 -0.216881
-1.74708 -6.93258
-2.22863 -6.70788
-1.9057 -7.23297
3.62454 1.05461
-3.87055 -2.50329
0.698204 0.207322
0.909436 0.624031
3.95706 2.52104
-1.45294 -5.45097
3.50857 0.642056
0.42961 -0.642625
2.29722 -0.176062
2.91179 -0.190379
-2.99727 -4.63329
-0.598964 -1.69971
2.43696 -0.149017
0.856644 0.550012
0.156448 -1.45169
1.70854 -0.0301664
2.30416 -0.174409
-2.43902 -5.91011
0.866061 0.564779
-2.21918 -6.73944
-0.425097 -1.72844
-0.820814 -1.99842
3.6155 1.01983
-0.519877 -1.69497
-1.91729 -7.23907
2.12876 -0.212116
-1.18486 -3.67171
-3.77376 -3.10152
3.77454 1.68213
-2.0122 -7.21079
0.562565 -0.198098
-3.89507 -2.33763
2.96376 -0.187591
3.75182 1.5819
-0.424841 -1.72856
-0.28933 -1.7974
-0.370048 -1.75705
3.19995 -0.0426271
2.04461 -0.2172
-1.52619 -5.9046
0.515542 -0.353015
1.12055 0.707517
1.1633 0.686324
-2.7779 -4.87183
0.769411 0.38226
-3.85385 -2.61306
-3.92752 -2.11061
0.726608 0.280844
2.8873 -0.189464
1.94781 -0.201702
0.98248 0.690829
3.98195 2.63679
1.69911 -0.0193808
2.53879 -0.143078
-0.78538 -1.91587
-2.02903 -7.19185
0.153101 -1.45931
3.43767 0.429364
0.915122 0.63072
-1.33624 -4.67415
-3.35307 -4.48371
0.440816 -0.604824
-0.809158 -1.96965
-0.998951 -2.63943
0.655571 0.0886293
3.75418 1.59223
-0.583118 -1.69553
3.61199 1.00643
1.40616 0.403776
3.23453 0.00322867
-3.53391 -4.13216
-1.98372 -7.23355
2.34963 -0.164111
-3.50994 -4.19816
2.61041 -0.147225
-3.93927 -2.02639
-1.8207 -7.12217
-2.40969 -6.02518
0.844155 0.529396
1.34012 0.499971
-0.853734 -2.08835
-3.86448 -2.54349
-1.6209 -6.41973
2.35249 -0.163505
3.42175 0.386058
0.435362 -0.623231
-0.938533 -2.37985
-2.8612 -4.74318
-1.74374 -6.92196
-1.45302 -5.45148
-2.53917 -5.53358
-0.843079 -2.05783
2.68562 -0.157669
2.9225 -0.190369
-2.61919 -5.26685
-3.85993 -2.57338
0.533946 -0.291847
-3.58418 -3.97233
-2.45827 -5.83532
-2.31044 -6.41254
0.46342 -0.528431
1.39886 0.414794
3.18509 -0.0601076
-0.648047 -1.72492
-0.179024 -1.82378
1.73712 -0.0611265
-1.65007 -6.55768
-1.0694 -2.99299
1.03186 0.712726
3.37466 0.267794
1.57107 0.151007
-3.2185 -4.5754
1.29005 0.565673
3.27842 0.0722368
3.74927 1.57075
3.84363 1.99465
0.295564 -1.07715
0.491955 -0.43212
-1.05685 -2.92623
-2.84646 -4.76214
2.78866 -0.176536
3.04849 -0.164617
2.83312 -0.183747
-1.40559 -5.14086
-3.36915 -4.46485
-3.5066 -4.20686
-2.39292 -6.0913
0.629415 0.0114155
3.18288 -0.0626009
3.76605 1.6445
2.01807 -0.215543
2.76955 -0.17306
-3.27053 -4.55175
2.19098 -0.201039
-2.63627 -5.21521
2.52574 -0.143051
-2.29894 -6.45599
3.32852 0.166341
-3.8623 -2.55786
-3.40463 -4.41556
0.442324 -0.599731
-2.56525 -5.4425
0.102846 -1.56466
-3.96683 -1.82495
0.277621 -1.13101
-3.7192 -3.39501
-1.46364 -5.51954
-0.843468 -2.05892
-3.37672 -4.45523
-3.91839 -2.17533
1.39678 0.417912
-2.06489 -7.13857
-3.10321 -4.60229
-1.71601 -6.82733
2.16285 -0.206608
1.61488 0.0883151
1.97286 -0.208322
-2.03593 -7.18295
1.09426 0.714744
1.32651 0.518582
-2.06366 -7.14068
-2.41585 -6.00096
-0.335751 -1.77517
3.42815 0.403255
-1.11797 -3.26521
3.85893 2.06505
0.914124 0.629564
-0.667424 -1.74051
-2.48864 -5.71923
1.48107 0.288204
-1.52039 -5.87019
-0.431283 -1.72546
-3.72407 -3.37019
-2.54387 -5.51689
-2.96092 -4.6526
-0.172452 -1.82364
-0.182024 -1.82376
1.79696 -0.116996
-1.06628 -2.97623
-1.25764 -4.14464
-2.54237 -5.52222
-1.67261 -6.65667
-0.290537 -1.79687
-0.846564 -2.06766
0.477135 -0.48209
3.34528 0.201551
-0.669112 -1.74202
0.607022 -0.0569994
2.95188 -0.188873
1.89505 -0.181094
-0.183043 -1.82375
2.83878 -0.184534
2.87833 -0.188837
3.39944 0.328183
-3.95137 -1.93862
3.99151 2.68118
0.348853 -0.909967
-1.59922 -6.31041
2.49837 -0.143754
-2.68263 -5.08569
-2.47663 -5.76479
2.16155 -0.206846
2.63149 -0.149618
-1.88568 -7.21736
-2.85208 -4.75472
-1.12566 -3.31022
-0.270605 -1.805
0.647056 0.0638333
0.370095 -0.840892
-3.76881 -3.12951
-0.115279 -1.81216
0.802305 0.451912
0.601354 -0.0746223
-3.89768 -2.31963
1.91831 -0.19133
0.228434 -1.27098
-1.82382 -7.12831
3.07416 -0.152028
0.968085 0.680941
-0.290501 -1.79689
0.558138 -0.212471
-3.40312 -4.41789
0.499785 -0.40579
1.52363 0.222395
0.842828 0.527137
-3.5088 -4.20114
-0.510414 -1.69679
-3.46418 -4.30662
3.30766 0.125149
3.56456 0.831863
-2.4714 -5.78478
3.77505 1.68442
0.758565 0.357681
1.08677 0.715952
0.599217 -0.0812968
2.24584 -0.188499
-3.57649 -3.9987
-1.12506 -3.30671
-1.72661 -6.86486
-1.27588 -4.26654
-0.857036 -2.09809
1.7378 -0.0618346
-0.917286 -2.29872
-0.712478 -1.79042
-3.39282 -4.43319
-3.97055 -1.79738
-1.18957 -3.70149
0.330028 -0.970126
3.3904 0.30569
-3.93758 -2.03855
0.455305 -0.555865
-1.18902 -3.69799
-3.46813 -4.29815
-3.86987 -2.50779
0.61735 -0.0251981
1.4885 0.276645
3.41382 0.365091
-2.11127 -7.04527
-2.94454 -4.66341
0.887241 0.595522
2.6862 -0.157767
-1.15168 -3.46601
-3.83311 -2.74575
1.75054 -0.074735
-1.01156 -2.69883
-0.276477 -1.80272
3.13864 -0.10655
1.72696 -0.0504246
-3.78205 -3.05402
-3.60654 -3.89171
-2.47932 -5.75455
2.04115 -0.217084
-1.90443 -7.23217
-1.77892 -7.02507
-3.02894 -4.62089
-0.100812 -1.80609
0.777855 0.40085
-1.51816 -5.85683
3.92293 2.36203
-1.62186 -6.42442
2.26629 -0.183545
2.65186 -0.152359
1.92341 -0.193326
1.55015 0.182134
1.36332 0.467169
0.305323 -1.04729
-3.60574 -3.8947
-1.40919 -5.16473
2.92528 -0.190322
2.37132 -0.159676
2.56462 -0.143813
0.621947 -0.0111776
2.16219 -0.20673
-2.4999 -5.67696
-0.67462 -1.74717
-1.96124 -7.24302
-3.26553 -4.55456
-2.71139 -5.01355
-0.244368 -1.81384
-1.92866 -7.24299
-0.603534 -1.70125
0.115465 -1.53984
1.07087 0.71723
2.33059 -0.168286
3.93689 2.42704
3.33532 0.180399
-3.25688 -4.55912
-3.91152 -2.22355
-2.8339 -4.77956
-2.41747 -5.99459
-2.45707 -5.83995
1.04269 0.715087
1.70034 -0.0208005
0.934285 0.651411
-3.74675 -3.25095
-0.684334 -1.75693
2.29272 -0.177141
2.68302 -0.157231
-1.19487 -3.73515
-3.56202 -4.04641
-3.5388 -4.11791
2.46829 -0.14571
0.585418 -0.124775
-0.93389 -2.36166
-1.83663 -7.15182
-1.48204 -5.63573
-1.33384 -4.65786
-0.815377 -1.9848
3.26815 0.0549747
-1.25119 -4.10181
-1.29396 -4.38812
-3.45734 -4.32092
1.5743 0.146272
-3.52351 -4.1616
3.27357 0.0640043
-0.92516 -2.32816
-3.87409 -2.47967
0.484825 -0.456142
-3.65775 -3.68458
1.05656 0.716856
2.57466 -0.144337
-2.79543 -4.84032
-1.29247 -4.37809
-1.25639 -4.1364
-2.66098 -5.14418
-1.24852 -4.08414
1.07568 0.71703
3.24621 0.0203899
3.31029 0.130186
-1.42624 -5.27733
1.57457 0.145871
-1.61258 -6.37843
1.85557 -0.159417
-3.54109 -4.11113
2.43622 -0.149111
3.2959 0.103192
3.86748 2.10451
2.64994 -0.152083
0.601351 -0.0746316
3.48306 0.561871
0.610949 -0.0448595
-1.17905 -3.63519
2.99573 -0.181959
-1.84541 -7.16642
-0.883324 -2.18025
-2.33792 -6.30699
-2.77161 -4.88373
-0.493667 -1.70099
-1.12839 -3.32629
2.82389 -0.182389
-3.53819 -4.11971
-0.245396 -1.81353
2.55626 -0.143478
2.971 -0.186603
1.20383 0.656329
-2.3492 -6.2631
-2.42118 -5.97998
1.69525 -0.0148809
-3.22842 -4.57175
-3.76956 -3.12529
1.15629 0.690565
1.03809 0.71419
-2.82282 -4.7959
-0.453433 -1.71546
1.69236 -0.011488
-3.62751 -3.81068
-1.81462 -7.10977
0.137496 -1.49386
1.20226 0.657665
-3.60591 -3.89404
2.29305 -0.17706
0.978998 0.688584
-0.465635 -1.71051
-2.0282 -7.19288
2.38055 -0.15791
-0.329201 -1.77853
-2.86116 -4.74322
1.6078 0.0981934
-1.21505 -3.86483
2.60749 -0.146932
1.13299 0.70252
-2.74319 -4.9414
0.545165 -0.254873
-3.11621 -4.59981
-0.586367 -1.69624
-1.74512 -6.92637
-2.43104 -5.94132
3.6842 1.29363
-0.433781 -1.72427
-2.89262 -4.70785
-1.5282 -5.91646
-3.09295 -4.60433
1.32092 0.526066
0.886568 0.594598
0.837578 0.51807
2.77284 -0.173667
-0.69443 -1.76804
3.98833 2.66641
-3.34873 -4.48845
-3.83294 -2.74681
-3.15458 -4.59241
-0.001555 -1.72591
-0.346616 -1.76951
-2.53265 -5.5569
-0.440123 -1.72133
2.41817 -0.151587
-2.63363 -5.22306
1.60496 0.102172
1.50601 0.249512
-0.000831 -1.72507
-1.45716 -5.4781
-0.889273 -2.2
-3.38097 -4.44962
0.437888 -0.614708
-1.21433 -3.86015
0.89528 0.606288
-3.80048 -2.94586
0.179236 -1.39789
3.09002 -0.142747
-1.48627 -5.6621
-2.80229 -4.82865
2.07969 -0.216811
0.057194 -1.64496
3.66469 1.21371
2.04445 -0.217195
-1.32027 -4.56597
2.53037 -0.143034
2.67365 -0.15569
2.77917 -0.174828
2.83572 -0.184113
1.40223 0.409713
1.71077 -0.032685
-1.77528 -7.0153
3.46107 0.496001
3.34445 0.199757
-1.50696 -5.78938
-3.04103 -4.61704
0.12685 -1.5165
-0.790946 -1.92788
0.220754 -1.2917
2.83344 -0.183793
2.27175 -0.182217
1.85168 -0.156986
3.49847 0.609839
-0.2113 -1.82127
2.77142 -0.173405
0.126682 -1.51685
-0.009746 -1.73518
-3.28334 -4.54396
3.61713 1.02608
-0.195883 -1.8231
3.55931 0.813304
-2.88022 -4.72098
-0.546051 -1.69235
-1.84137 -7.15986
2.64205 -0.150989
2.31709 -0.171373
-3.27188 -4.55097
-1.01984 -2.73875
1.60643 0.100105
0.947162 0.663709
-1.80604 -7.09128
2.75663 -0.170648
-1.1552 -3.48744
-2.48212 -5.74391
-1.47 -5.55996
-1.22165 -3.90763
1.35099 0.484771
0.753128 0.345069
0.814644 0.476081
-2.08555 -7.10026
3.53184 0.718711
0.486356 -0.450981
3.6111 1.00305
-3.18892 -4.58444
-1.99685 -7.22452
-2.149 -6.95112
0.411689 -0.702862
0.261565 -1.178
2.11988 -0.213277
-2.48222 -5.74353
-2.80839 -4.81857
0.498362 -0.41057
-0.009138 -1.73451
2.7289 -0.165436
1.82197 -0.136607
0.156952 -1.45054
-0.272215 -1.80439
1.87908 -0.17299
-0.9077 -2.26388
1.66157 0.0262291
1.6786 0.00502412
3.39352 0.313378
1.09234 0.71509
1.78283 -0.104937
-2.60468 -5.31228
3.65264 1.16517
2.70328 -0.160743
2.11721 -0.213601
3.08612 -0.145141
0.713836 0.248369
3.94835 2.48044
2.23842 -0.190275
-0.698102 -1.77233
2.57999 -0.144668
0.952742 0.668637
2.27065 -0.182486
-3.39283 -4.43317
-1.2351 -3.9956
3.26301 0.0465966
-2.36632 -6.19603
2.98533 -0.184159
3.90561 2.28138
3.27571 0.0676187
0.709864 0.238072
0.728305 0.285085
-1.82844 -7.13708
3.52555 0.697674
0.183036 -1.3886
-3.43942 -4.35614
1.22066 0.641305
3.5828 0.897587
-3.2008 -4.58111
-3.25241 -4.56133
0.452219 -0.566297
-3.68983 -3.53893
2.29919 -0.17559
2.9385 -0.189836
2.30673 -0.173799
3.22897 -0.00464401
-3.72686 -3.35582
0.493353 -0.427414
-0.637422 -1.71779
-1.25525 -4.12878
-0.313167 -1.78647
3.0446 -0.166277
1.97958 -0.209768
0.982239 0.690676
3.83 1.93222
-2.95703 -4.65503
-0.760599 -1.8667
2.97967 -0.185205
1.43637 0.357561
2.03778 -0.216943
-2.0671 -7.13472
-2.00751 -7.21535
2.72573 -0.164846
2.44156 -0.148453
-3.65575 -3.69328
-3.34352 -4.49396
3.11773 -0.1236
-1.4709 -5.56565
1.58207 0.134933
1.76018 -0.08413
1.36767 0.460894
-3.5792 -3.98949
3.20726 -0.0335416
-1.62327 -6.43131
2.87407 -0.188488
0.800507 0.4483
3.90789 2.29198
-2.8949 -4.70554
2.90823 -0.190324
-1.88239 -7.21418
3.97084 2.58516
-3.82934 -2.76938
-3.48446 -4.26132
2.02361 -0.216038
0.300352 -1.06255
-3.86487 -2.54093
1.83873 -0.14849
-3.20704 -4.5792
0.733476 0.297899
-3.03404 -4.61921
-0.38698 -1.74801
2.47839 -0.144916
2.40237 -0.154061
-0.785007 -1.91508
-0.41692 -1.73248
1.55056 0.181521
-1.10654 -3.19928
3.05656 -0.160971
0.591907 -0.104249
-1.22798 -3.94898
-3.04648 -4.61544
2.93498 -0.190009
-0.908429 -2.26649
2.05567 -0.217377
3.49262 0.591433
3.57133 0.856059
-3.17417 -4.58812
-3.94248 -2.00319
3.63385 1.09082
-0.920268 -2.30978
2.43461 -0.149316
0.253822 -1.20023
2.5601 -0.143621
-3.05714 -4.61252
1.73039 -0.0540839
3.2526 0.0301516
-0.09245 -1.80196
-3.40303 -4.41803
3.39646 0.3207
1.08956 0.715547
1.45611 0.326996
-3.6238 -3.82538
-1.14303 -3.41362
3.25835 0.0391496
0.866752 0.565836
2.56626 -0.14389
-0.930989 -2.35043
2.22521 -0.193393
-3.78435 -3.04073
2.31759 -0.171257
2.98641 -0.183947
2.17801 -0.203705
-1.92473 -7.24187
2.16775 -0.205697
-3.55448 -4.07034
-1.24038 -4.03039
-2.10772 -7.05332
-2.07673 -7.11727
-3.77718 -3.08198
-2.46429 -5.81209
-2.58765 -5.36735
1.65091 0.0399226
-1.98563 -7.2324
2.9469 -0.189288
3.90185 2.26389
-0.471836 -1.70816
3.08726 -0.144446
1.49525 0.266171
3.91641 2.33162
-1.6967 -6.7547
-1.64721 -6.54462
-1.0848 -3.07694
-3.6337 -3.78573
2.11466 -0.2139
0.61159 -0.0428835
-0.921183 -2.31319
1.62879 0.0692518
-2.58065 -5.39052
-0.279362 -1.80157
0.385443 -0.790325
-0.542673 -1.69248
3.78136 1.71253
-0.567886 -1.69316
1.38574 0.434387
0.437543 -0.615872
-3.73097 -3.33453
-1.34586 -4.73929
3.39006 0.304849
3.74023 1.53136
-2.78816 -4.85309
-0.116599 -1.81265
1.81125 -0.128475
-2.07888 -7.1132
-0.933334 -2.3595
-0.440363 -1.72122
1.99177 -0.212054
-2.48243 -5.74276
0.143356 -1.48108
-0.907992 -2.26492
3.26523 0.0502048
0.192152 -1.36595
