0.69134 -1.88434
-0.567792 -1.9139
2.75998 -1.9145
2.5047 -1.9145
2.22021 -1.9145
-0.882034 -1.9145
-0.601486 -1.91421
0.270026 -0.716635
-3.10311 -1.9145
0.392048 -1.22312
1.39442 -1.9145
-3.08332 -1.9145
2.04626 -1.9145
-0.176351 -1.66761
1.07973 -1.91449
-1.10484 -1.9145
-0.703682 -1.91447
2.33518 -1.9145
3.67312 -1.9145
-3.79598 -1.9145
1.11634 -1.9145
2.79111 -1.9145
-1.34603 -1.9145
-3.4041 -1.9145
0.964287 -1.91431
0.008751 -0.972363
-3.87927 -1.9145
-1.91955 -1.9145
0.79369 -1.90872
1.94084 -1.9145
-0.116323 -1.49061
0.474146 -1.53767
1.66982 -1.9145
0.780055 -1.90718
1.04213 -1.91447
0.746978 -1.90176
-0.75472 -1.91449
-3.26465 -1.9145
-0.204095 -1.7287
0.915982 -1.91396
-2.155 -1.9145
1.23023 -1.9145
3.24126 -1.9145
-2.76431 -1.9145
-3.08947 -1.9145
2.27286 -1.9145
-1.09888 -1.9145
3.43541 -1.9145
3.55378 -1.9145
-1.25195 -1.9145
3.73981 -1.9145
-3.24655 -1.9145
0.970077 -1.91433
-1.61889 -1.9145
-3.58805 -1.9145
-0.481879 -1.91125
-1.53933 -1.9145
-1.87637 -1.9145
0.495998 -1.60402
1.0257 -1.91445
-3.18549 -1.9145
1.71106 -1.9145
-1.5381 -1.9145
-3.53477 -1.9145
2.79952 -1.9145
-2.85777 -1.9145
0.123329 -0.586692
-0.359819 -1.88935
-1.48686 -1.9145
-3.16932 -1.9145
1.32414 -1.9145
2.23703 -1.9145
-0.657713 -1.91442
-0.82204 -1.9145
-3.39068 -1.9145
0.39068 -1.21722
2.28272 -1.9145
-1.68132 -1.9145
-2.36978 -1.9145
-2.70324 -1.9145
-1.63226 -1.9145
-3.21245 -1.9145
-2.96575 -1.9145
-1.3792 -1.9145
2.95625 -1.9145
3.85824 -1.9145
-2.41114 -1.9145
-2.54569 -1.9145
-2.36975 -1.9145
-1.69589 -1.9145
-1.71005 -1.9145
-2.43232 -1.9145
1.45165 -1.9145
-1.66918 -1.9145
1.20467 -1.9145
-0.289981 -1.84738
-2.6715 -1.9145
1.43084 -1.9145
2.79851 -1.9145
-0.294207 -1.851
3.24057 -1.9145
0.909831 -1.91388
1.49689 -1.9145
3.09841 -1.9145
-1.9257 -1.9145
1.83484 -1.9145
1.23103 -1.9145
1.09064 -1.91449
-0.182868 -1.68311
3.15446 -1.9145
2.71819 -1.9145
0.531925 -1.69523
-2.13875 -1.9145
-3.2592 -1.9145
2.22639 -1.9145
-3.29745 -1.9145
-2.83335 -1.9145
-1.89663 -1.9145
-2.42663 -1.9145
-2.35531 -1.9145
-3.96643 -1.9145
-0.475207 -1.91083
-2.88998 -1.9145
-3.20963 -1.9145
3.2344 -1.9145
-3.63154 -1.9145
-0.561864 -1.91382
2.63625 -1.9145
-3.74519 -1.9145
1.308 -1.9145
3.61259 -1.9145
-1.7847 -1.9145
-1.60562 -1.9145
-2.77135 -1.9145
1.57783 -1.9145
3.11535 -1.9145
0.476583 -1.54547
-0.449519 -1.90868
-3.4112 -1.9145
-1.20544 -1.9145
0.918054 -1.91398
2.72356 -1.9145
-0.633794 -1.91436
1.94365 -1.9145
1.90736 -1.9145
-2.3551 -1.9145
-2.26385 -1.9145
-1.35482 -1.9145
3.44307 -1.9145
2.74734 -1.9145
3.50416 -1.9145
0.079499 -0.697798
0.981201 -1.91437
-0.489706 -1.91169
-3.68638 -1.9145
-3.47224 -1.9145
-3.55794 -1.9145
3.14236 -1.9145
-3.76151 -1.9145
-1.57834 -1.9145
-3.67352 -1.9145
-0.814182 -1.9145
-3.13951 -1.9145
-2.80982 -1.9145
-1.30863 -1.9145
0.792992 -1.90865
-1.41937 -1.9145
2.65309 -1.9145
-1.26531 -1.9145
-2.57551 -1.9145
1.91507 -1.9145
-2.28859 -1.9145
-1.26022 -1.9145
1.71934 -1.9145
0.525434 -1.68037
-0.915323 -1.9145
-3.87088 -1.9145
-2.71304 -1.9145
1.73343 -1.9145
0.845183 -1.91225
-0.622682 -1.91432
2.17102 -1.9145
2.26989 -1.9145
-2.50102 -1.9145
-2.46633 -1.9145
2.73522 -1.9145
3.00816 -1.9145
-0.636181 -1.91437
-2.89606 -1.9145
-3.27913 -1.9145
-1.56811 -1.9145
-3.00602 -1.9145
-3.95842 -1.9145
-3.7736 -1.9145
0.587139 -1.79484
3.40193 -1.9145
0.598326 -1.80977
-2.64127 -1.9145
1.26896 -1.9145
2.82687 -1.9145
2.78416 -1.9145
-0.693513 -1.91447
-3.80775 -1.9145
-1.19982 -1.9145
0.186624 -0.545904
-0.414832 -1.90397
-1.10295 -1.9145
-1.74227 -1.9145
-0.100438 -1.4337
0.204089 -0.561699
0.13817 -0.563563
-3.55096 -1.9145
0.311183 -0.871342
-0.494729 -1.91195
0.509238 -1.64021
-0.606648 -1.91424
-3.49847 -1.9145
-3.57582 -1.9145
0.051082 -0.797732
-3.36746 -1.9145
2.99932 -1.9145
-2.07765 -1.9145
0.594509 -1.80486
1.03095 -1.91446
3.64814 -1.9145
0.341855 -1.00237
0.587452 -1.79528
-3.62798 -1.9145
-1.66795 -1.9145
-0.568294 -1.91391
-1.84351 -1.9145
-2.4981 -1.9145
0.310542 -0.868708
-0.203931 -1.72838
-1.84723 -1.9145
-0.230146 -1.77502
1.91287 -1.9145
-1.48561 -1.9145
-1.06778 -1.9145
-1.48446 -1.9145
2.34174 -1.9145
1.6834 -1.9145
2.62029 -1.9145
-0.646762 -1.9144
3.33646 -1.9145
0.630949 -1.84491
0.610876 -1.82469
0.002862 -0.998078
2.44533 -1.9145
-1.44821 -1.9145
2.0498 -1.9145
0.417918 -1.33159
1.6575 -1.9145
-1.68484 -1.9145
1.05253 -1.91448
-2.03971 -1.9145
-2.8558 -1.9145
2.19429 -1.9145
-1.59365 -1.9145
0.371943 -1.13532
-0.140665 -1.56983
-1.7322 -1.9145
-2.4931 -1.9145
-2.70656 -1.9145
-3.25061 -1.9145
0.24285 -0.636141
2.27904 -1.9145
3.07942 -1.9145
-1.67719 -1.9145
3.45038 -1.9145
0.832129 -1.91162
-0.339147 -1.88038
2.32871 -1.9145
3.762 -1.9145
2.5997 -1.9145
-3.79574 -1.9145
3.29495 -1.9145
-1.82109 -1.9145
0.713475 -1.89287
2.31774 -1.9145
-2.32439 -1.9145
1.84265 -1.9145
-0.63827 -1.91437
3.55392 -1.9145
2.35778 -1.9145
0.217656 -0.581806
1.88211 -1.9145
-0.040247 -1.18817
-3.72217 -1.9145
-0.804171 -1.9145
3.33877 -1.9145
-3.57682 -1.9145
2.89698 -1.9145
3.87285 -1.9145
3.33386 -1.9145
-2.43328 -1.9145
-0.713762 -1.91448
0.74644 -1.90165
2.80349 -1.9145
-0.06214 -1.28191
-2.42925 -1.9145
-1.91352 -1.9145
0.547937 -1.72891
2.2464 -1.9145
0.48351 -1.56711
-0.773006 -1.9145
1.24634 -1.9145
2.39859 -1.9145
0.778456 -1.90697
3.53002 -1.9145
2.70571 -1.9145
2.07822 -1.9145
-1.74708 -1.9145
-2.22863 -1.9145
-1.9057 -1.9145
3.62454 -1.9145
-3.87055 -1.9145
0.698204 -1.88725
0.909436 -1.91388
3.95706 -1.9145
-1.45294 -1.9145
3.50857 -1.9145
0.42961 -1.3782
2.29722 -1.9145
2.91179 -1.9145
-2.99727 -1.9145
-0.598964 -1.91419
2.43696 -1.9145
0.856644 -1.9127
0.156448 -0.546293
1.70854 -1.9145
2.30416 -1.9145
-2.43902 -1.9145
0.866061 -1.913
-2.21918 -1.9145
-0.425097 -1.90563
-0.820814 -1.9145
3.6155 -1.9145
-0.519877 -1.91293
-1.91729 -1.9145
2.12876 -1.9145
-1.18486 -1.9145
-3.77376 -1.9145
3.77454 -1.9145
-2.0122 -1.9145
0.562565 -1.75614
-3.89507 -1.9145
2.96376 -1.9145
3.75182 -1.9145
-0.424841 -1.90559
-0.28933 -1.8468
-0.370048 -1.89297
3.19995 -1.9145
2.04461 -1.9145
-1.52619 -1.9145
0.515542 -1.65637
1.12055 -1.9145
1.1633 -1.9145
-2.7779 -1.9145
0.769411 -1.90572
-3.85385 -1.9145
-3.92752 -1.9145
0.726608 -1.89686
2.8873 -1.9145
1.94781 -1.9145
0.98248 -1.91437
3.98195 -1.9145
1.69911 -1.9145
2.53879 -1.9145
-0.78538 -1.9145
-2.02903 -1.9145
0.153101 -0.548506
3.43767 -1.9145
0.915122 -1.91395
-1.33624 -1.9145
-3.35307 -1.9145
0.440816 -1.42117
-0.809158 -1.9145
-0.998951 -1.9145
0.655571 -1.86439
3.75418 -1.9145
-0.583118 -1.91407
3.61199 -1.9145
1.40616 -1.9145
3.23453 -1.9145
-3.53391 -1.9145
-1.98372 -1.9145
2.34963 -1.9145
-3.50994 -1.9145
2.61041 -1.9145
-3.93927 -1.9145
-1.8207 -1.9145
-2.40969 -1.9145
0.844155 -1.91221
1.34012 -1.9145
-0.853734 -1.9145
-3.86448 -1.9145
-1.6209 -1.9145
2.35249 -1.9145
3.42175 -1.9145
0.435362 -1.40048
-0.938533 -1.9145
-2.8612 -1.9145
-1.74374 -1.9145
-1.45302 -1.9145
-2.53917 -1.9145
-0.843079 -1.9145
2.68562 -1.9145
2.9225 -1.9145
-2.61919 -1.9145
-3.85993 -1.9145
0.533946 -1.69971
-3.58418 -1.9145
-2.45827 -1.9145
-2.31044 -1.9145
0.46342 -1.50213
1.39886 -1.9145
3.18509 -1.9145
-0.648047 -1.9144
-0.179024 -1.67405
1.73712 -1.9145
-1.65007 -1.9145
-1.0694 -1.9145
1.03186 -1.91446
3.37466 -1.9145
1.57107 -1.9145
-3.2185 -1.9145
1.29005 -1.9145
3.27842 -1.9145
3.74927 -1.9145
3.84363 -1.9145
0.295564 -0.808913
0.491955 -1.59237
-1.05685 -1.9145
-2.84646 -1.9145
2.78866 -1.9145
3.04849 -1.9145
2.83312 -1.9145
-1.40559 -1.9145
-3.36915 -1.9145
-3.5066 -1.9145
-2.39292 -1.9145
0.629415 -1.84351
3.18288 -1.9145
3.76605 -1.9145
2.01807 -1.9145
2.76955 -1.9145
-3.27053 -1.9145
2.19098 -1.9145
-2.63627 -1.9145
2.52574 -1.9145
-2.29894 -1.9145
3.32852 -1.9145
-3.8623 -1.9145
-3.40463 -1.9145
0.442324 -1.42682
-2.56525 -1.9145
0.102846 -0.63117
-3.96683 -1.9145
0.277621 -0.742598
-3.7192 -1.9145
-1.46364 -1.9145
-0.843468 -1.9145
-3.37672 -1.9145
-3.91839 -1.9145
1.39678 -1.9145
-2.06489 -1.9145
-3.10321 -1.9145
-1.71601 -1.9145
2.16285 -1.9145
1.61488 -1.9145
1.97286 -1.9145
-2.03593 -1.9145
1.09426 -1.91449
1.32651 -1.9145
-2.06366 -1.9145
-2.41585 -1.9145
-0.335751 -1.87867
3.42815 -1.9145
-1.11797 -1.9145
3.85893 -1.9145
0.914124 -1.91393
-0.667424 -1.91444
-2.48864 -1.9145
1.48107 -1.9145
-1.52039 -1.9145
-0.431283 -1.90652
-3.72407 -1.9145
-2.54387 -1.9145
-2.96092 -1.9145
-0.172452 -1.65799
-0.182024 -1.68114
1.79696 -1.9145
-1.06628 -1.9145
-1.25764 -1.9145
-2.54237 -1.9145
-1.67261 -1.9145
-0.290537 -1.84786
-0.846564 -1.9145
0.477135 -1.54723
3.34528 -1.9145
-0.669112 -1.91444
0.607022 -1.8203
2.95188 -1.9145
1.89505 -1.9145
-0.183043 -1.68351
2.83878 -1.9145
2.87833 -1.9145
3.39944 -1.9145
-3.95137 -1.9145
3.99151 -1.9145
0.348853 -1.03318
-1.59922 -1.9145
2.49837 -1.9145
-2.68263 -1.9145
-2.47663 -1.9145
2.16155 -1.9145
2.63149 -1.9145
-1.88568 -1.9145
-2.85208 -1.9145
-1.12566 -1.9145
-0.270605 -1.82849
0.647056 -1.85826
0.370095 -1.12717
-3.76881 -1.9145
-0.115279 -1.48699
0.802305 -1.90954
0.601354 -1.81354
-3.89768 -1.9145
1.91831 -1.9145
0.228434 -0.602446
-1.82382 -1.9145
3.07416 -1.9145
0.968085 -1.91433
-0.290501 -1.84783
0.558138 -1.74825
-3.40312 -1.9145
0.499785 -1.61468
1.52363 -1.9145
0.842828 -1.91215
-3.5088 -1.9145
-0.510414 -1.91261
-3.46418 -1.9145
3.30766 -1.9145
3.56456 -1.9145
-2.4714 -1.9145
3.77505 -1.9145
0.758565 -1.90397
1.08677 -1.91449
0.599217 -1.81089
2.24584 -1.9145
-3.57649 -1.9145
-1.12506 -1.9145
-1.72661 -1.9145
-1.27588 -1.9145
-0.857036 -1.9145
1.7378 -1.9145
-0.917286 -1.9145
-0.712478 -1.91448
-3.39282 -1.9145
-3.97055 -1.9145
-1.18957 -1.9145
0.330028 -0.950887
3.3904 -1.9145
-3.93758 -1.9145
0.455305 -1.47399
-1.18902 -1.9145
-3.46813 -1.9145
-3.86987 -1.9145
0.61735 -1.83168
1.4885 -1.9145
3.41382 -1.9145
-2.11127 -1.9145
-2.94454 -1.9145
0.887241 -1.91352
2.6862 -1.9145
-1.15168 -1.9145
-3.83311 -1.9145
1.75054 -1.9145
-1.01156 -1.9145
-0.276477 -1.83463
3.13864 -1.9145
1.72696 -1.9145
-3.78205 -1.9145
-3.60654 -1.9145
-2.47932 -1.9145
2.04115 -1.9145
-1.90443 -1.9145
-1.77892 -1.9145
-3.02894 -1.9145
-0.100812 -1.43508
0.777855 -1.9069
-1.51816 -1.9145
3.92293 -1.9145
-1.62186 -1.9145
2.26629 -1.9145
2.65186 -1.9145
1.92341 -1.9145
1.55015 -1.9145
1.36332 -1.9145
0.305323 -0.847481
-3.60574 -1.9145
-1.40919 -1.9145
2.92528 -1.9145
2.37132 -1.9145
2.56462 -1.9145
0.621947 -1.83637
2.16219 -1.9145
-2.4999 -1.9145
-0.67462 -1.91445
-1.96124 -1.9145
-3.26553 -1.9145
-2.71139 -1.9145
-0.244368 -1.7962
-1.92866 -1.9145
-0.603534 -1.91422
0.115465 -0.602107
1.07087 -1.91449
2.33059 -1.9145
3.93689 -1.9145
3.33532 -1.9145
-3.25688 -1.9145
-3.91152 -1.9145
-2.8339 -1.9145
-2.41747 -1.9145
-2.45707 -1.9145
1.04269 -1.91447
1.70034 -1.9145
0.934285 -1.91413
-3.74675 -1.9145
-0.684334 -1.91446
2.29272 -1.9145
2.68302 -1.9145
-1.19487 -1.9145
-3.56202 -1.9145
-3.5388 -1.9145
2.46829 -1.9145
0.585418 -1.79241
-0.93389 -1.9145
-1.83663 -1.9145
-1.48204 -1.9145
-1.33384 -1.9145
-0.815377 -1.9145
3.26815 -1.9145
-1.25119 -1.9145
-1.29396 -1.9145
-3.45734 -1.9145
1.5743 -1.9145
-3.52351 -1.9145
3.27357 -1.9145
-0.92516 -1.9145
-3.87409 -1.9145
0.484825 -1.57112
-3.65775 -1.9145
1.05656 -1.91448
2.57466 -1.9145
-2.79543 -1.9145
-1.29247 -1.9145
-1.25639 -1.9145
-2.66098 -1.9145
-1.24852 -1.9145
1.07568 -1.91449
3.24621 -1.9145
3.31029 -1.9145
-1.42624 -1.9145
1.57457 -1.9145
-1.61258 -1.9145
1.85557 -1.9145
-3.54109 -1.9145
2.43622 -1.9145
3.2959 -1.9145
3.86748 -1.9145
2.64994 -1.9145
0.601351 -1.81354
3.48306 -1.9145
0.610949 -1.82477
-1.17905 -1.9145
2.99573 -1.9145
-1.84541 -1.9145
-0.883324 -1.9145
-2.33792 -1.9145
-2.77161 -1.9145
-0.493667 -1.91189
-1.12839 -1.9145
2.82389 -1.9145
-3.53819 -1.9145
-0.245396 -1.79762
2.55626 -1.9145
2.971 -1.9145
1.20383 -1.9145
-2.3492 -1.9145
-2.42118 -1.9145
1.69525 -1.9145
-3.22842 -1.9145
-3.76956 -1.9145
1.15629 -1.9145
1.03809 -1.91447
-2.82282 -1.9145
-0.453433 -1.90907
1.69236 -1.9145
-3.62751 -1.9145
-1.81462 -1.9145
0.137496 -0.56444
1.20226 -1.9145
-3.60591 -1.9145
2.29305 -1.9145
0.978998 -1.91436
-0.465635 -1.91013
-2.0282 -1.9145
2.38055 -1.9145
-0.329201 -1.87516
-2.86116 -1.9145
1.6078 -1.9145
-1.21505 -1.9145
2.60749 -1.9145
1.13299 -1.9145
-2.74319 -1.9145
0.545165 -1.72337
-3.11621 -1.9145
-0.586367 -1.9141
-1.74512 -1.9145
-2.43104 -1.9145
3.6842 -1.9145
-0.433781 -1.90685
-2.89262 -1.9145
-1.5282 -1.9145
-3.09295 -1.9145
1.32092 -1.9145
0.886568 -1.9135
0.837578 -1.9119
2.77284 -1.9145
-0.69443 -1.91447
3.98833 -1.9145
-3.34873 -1.9145
-3.83294 -1.9145
-3.15458 -1.9145
-0.001555 -1.01748
-0.346616 -1.8839
-2.53265 -1.9145
-0.440123 -1.90764
2.41817 -1.9145
-2.63363 -1.9145
1.60496 -1.9145
1.50601 -1.9145
-0.000831 -1.0143
-1.45716 -1.9145
-0.889273 -1.9145
-3.38097 -1.9145
0.437888 -1.41011
-1.21433 -1.9145
0.89528 -1.91366
-3.80048 -1.9145
0.179236 -0.542735
3.09002 -1.9145
-1.48627 -1.9145
-2.80229 -1.9145
2.07969 -1.9145
0.057194 -0.774758
3.66469 -1.9145
2.04445 -1.9145
-1.32027 -1.9145
2.53037 -1.9145
2.67365 -1.9145
2.77917 -1.9145
2.83572 -1.9145
1.40223 -1.9145
1.71077 -1.9145
-1.77528 -1.9145
3.46107 -1.9145
3.34445 -1.9145
-1.50696 -1.9145
-3.04103 -1.9145
0.12685 -0.580489
-0.790946 -1.9145
0.220754 -0.587325
2.83344 -1.9145
2.27175 -1.9145
1.85168 -1.9145
3.49847 -1.9145
-0.2113 -1.74254
2.77142 -1.9145
0.126682 -0.580775
-0.009746 -1.05364
-3.28334 -1.9145
3.61713 -1.9145
-0.195883 -1.71193
3.55931 -1.9145
-2.88022 -1.9145
-0.546051 -1.91357
-1.84137 -1.9145
2.64205 -1.9145
2.31709 -1.9145
-3.27188 -1.9145
-1.01984 -1.9145
1.60643 -1.9145
0.947162 -1.91422
-1.80604 -1.9145
2.75663 -1.9145
-1.1552 -1.9145
-2.48212 -1.9145
-1.47 -1.9145
-1.22165 -1.9145
1.35099 -1.9145
0.753128 -1.90298
0.814644 -1.91053
-2.08555 -1.9145
3.53184 -1.9145
0.486356 -1.57576
3.6111 -1.9145
-3.18892 -1.9145
-1.99685 -1.9145
-2.149 -1.9145
0.411689 -1.30609
0.261565 -0.689391
2.11988 -1.9145
-2.48222 -1.9145
-2.80839 -1.9145
0.498362 -1.6107
-0.009138 -1.05095
2.7289 -1.9145
1.82197 -1.9145
0.156952 -0.545997
-0.272215 -1.83021
1.87908 -1.9145
-0.9077 -1.9145
1.66157 -1.9145
1.6786 -1.9145
3.39352 -1.9145
1.09234 -1.91449
1.78283 -1.9145
-2.60468 -1.9145
3.65264 -1.9145
2.70328 -1.9145
2.11721 -1.9145
3.08612 -1.9145
0.713836 -1.89299
3.94835 -1.9145
2.23842 -1.9145
-0.698102 -1.91447
2.57999 -1.9145
0.952742 -1.91425
2.27065 -1.9145
-3.39283 -1.9145
-1.2351 -1.9145
3.26301 -1.9145
-2.36632 -1.9145
2.98533 -1.9145
3.90561 -1.9145
3.27571 -1.9145
0.709864 -1.89164
0.728305 -1.89732
-1.82844 -1.9145
3.52555 -1.9145
0.183036 -0.544102
-3.43942 -1.9145
1.22066 -1.9145
3.5828 -1.9145
-3.2008 -1.9145
-3.25241 -1.9145
0.452219 -1.46301
-3.68983 -1.9145
2.29919 -1.9145
2.9385 -1.9145
2.30673 -1.9145
3.22897 -1.9145
-3.72686 -1.9145
0.493353 -1.59643
-0.637422 -1.91437
-1.25525 -1.9145
-0.313167 -1.8653
3.0446 -1.9145
1.97958 -1.9145
0.982239 -1.91437
3.83 -1.9145
-2.95703 -1.9145
-0.760599 -1.91449
2.97967 -1.9145
1.43637 -1.9145
2.03778 -1.9145
-2.0671 -1.9145
-2.00751 -1.9145
2.72573 -1.9145
2.44156 -1.9145
-3.65575 -1.9145
-3.34352 -1.9145
3.11773 -1.9145
-1.4709 -1.9145
1.58207 -1.9145
1.76018 -1.9145
1.36767 -1.9145
-3.5792 -1.9145
3.20726 -1.9145
-1.62327 -1.9145
2.87407 -1.9145
0.800507 -1.90938
3.90789 -1.9145
-2.8949 -1.9145
2.90823 -1.9145
-1.88239 -1.9145
3.97084 -1.9145
-3.82934 -1.9145
-3.48446 -1.9145
2.02361 -1.9145
0.300352 -0.82764
-3.86487 -1.9145
1.83873 -1.9145
-3.20704 -1.9145
0.733476 -1.89867
-3.03404 -1.9145
-0.38698 -1.89796
2.47839 -1.9145
2.40237 -1.9145
-0.785007 -1.9145
-0.41692 -1.90433
1.55056 -1.9145
-1.10654 -1.9145
3.05656 -1.9145
0.591907 -1.8014
-1.22798 -1.9145
-3.04648 -1.9145
2.93498 -1.9145
-0.908429 -1.9145
2.05567 -1.9145
3.49262 -1.9145
3.57133 -1.9145
-3.17417 -1.9145
-3.94248 -1.9145
3.63385 -1.9145
-0.920268 -1.9145
2.43461 -1.9145
0.253822 -0.666134
2.5601 -1.9145
-3.05714 -1.9145
1.73039 -1.9145
3.2526 -1.9145
-0.09245 -1.40364
-3.40303 -1.9145
3.39646 -1.9145
1.08956 -1.91449
1.45611 -1.9145
-3.6238 -1.9145
-1.14303 -1.9145
3.25835 -1.9145
0.866752 -1.91302
2.56626 -1.9145
-0.930989 -1.9145
2.22521 -1.9145
-3.78435 -1.9145
2.31759 -1.9145
2.98641 -1.9145
2.17801 -1.9145
-1.92473 -1.9145
2.16775 -1.9145
-3.55448 -1.9145
-1.24038 -1.9145
-2.10772 -1.9145
-2.07673 -1.9145
-3.77718 -1.9145
-2.46429 -1.9145
-2.58765 -1.9145
1.65091 -1.9145
-1.98563 -1.9145
2.9469 -1.9145
3.90185 -1.9145
-0.471836 -1.9106
3.08726 -1.9145
1.49525 -1.9145
3.91641 -1.9145
-1.6967 -1.9145
-1.64721 -1.9145
-1.0848 -1.9145
-3.6337 -1.9145
2.11466 -1.9145
0.61159 -1.82548
-0.921183 -1.9145
1.62879 -1.9145
-2.58065 -1.9145
-0.279362 -1.83751
0.385443 -1.19452
-0.542673 -1.9135
3.78136 -1.9145
-0.567886 -1.9139
1.38574 -1.9145
0.437543 -1.4088
-3.73097 -1.9145
-1.34586 -1.9145
3.39006 -1.9145
3.74023 -1.9145
-2.78816 -1.9145
-0.116599 -1.49156
1.81125 -1.9145
-2.07888 -1.9145
-0.933334 -1.9145
-0.440363 -1.90767
1.99177 -1.9145
-2.48243 -1.9145
0.143356 -0.557382
-0.907992 -1.9145
3.26523 -1.9145
0.192152 -0.54965
