0.69134 4.7118e-08
-0.567792 8.51736e-08
2.75998 2.65147e-06
2.5047 1.43174e-06
2.22021 7.18116e-07
-0.882034 1.45621e-07
-0.601486 8.97248e-08
0.270026 4.14528e-08
-3.10311 1.16708e-05
0.392048 4.15236e-08
1.39442 1.17943e-07
-3.08332 1.13209e-05
2.04626 4.74293e-07
-0.176351 5.24212e-08
1.07973 7.09821e-08
-1.10484 2.25234e-07
-0.703682 1.05971e-07
2.33518 9.48325e-07
3.67312 2.02237e-05
-3.79598 2.98384e-05
1.11634 7.47471e-08
2.79111 2.85593e-06
-1.34603 3.73272e-07
-3.4041 1.80645e-05
0.964287 6.11605e-08
0.008751 4.54801e-08
-3.87927 3.29166e-05
-1.91955 1.29195e-06
0.79369 5.1152e-08
1.94084 3.70951e-07
-0.116323 4.97296e-08
0.474146 4.22553e-08
1.66982 2.03358e-07
0.780055 5.05392e-08
1.04213 6.74608e-08
0.746978 4.9152e-08
-0.75472 1.15675e-07
-3.26465 1.48433e-05
-0.204095 5.38264e-08
0.915982 5.78445e-08
-2.155 2.11544e-06
1.23023 8.89309e-08
3.24126 8.07531e-06
-2.76431 6.7188e-06
-3.08947 1.14287e-05
2.27286 8.15443e-07
-1.09888 2.22517e-07
3.43541 1.233e-05
3.55378 1.58265e-05
-1.25195 3.05601e-07
3.73981 2.31265e-05
-3.24655 1.4459e-05
0.970077 6.15869e-08
-1.61889 6.74295e-07
-3.58805 2.30623e-05
-0.481879 7.5094e-08
-1.53933 5.67014e-07
-1.87637 1.17795e-06
0.495998 4.2546e-08
1.0257 6.60247e-08
-3.18549 1.3217e-05
1.71106 2.22056e-07
-1.5381 5.65487e-07
-3.53477 2.15229e-05
2.79952 2.91373e-06
-2.85777 7.87626e-06
0.123329 4.29766e-08
-0.359819 6.39271e-08
-1.48686 5.05881e-07
-3.16932 1.29018e-05
1.32414 1.04063e-07
2.23703 7.47838e-07
-0.657713 9.81769e-08
-0.82204 1.30392e-07
-3.39068 1.7734e-05
0.39068 4.15161e-08
2.28272 8.3513e-07
-1.68132 7.72497e-07
-2.36978 3.25085e-06
-2.70324 6.0394e-06
-1.63226 6.94227e-07
-3.21245 1.3755e-05
-2.96575 9.40439e-06
-1.3792 4.00824e-07
2.95625 4.21645e-06
3.85824 2.92005e-05
-2.41114 3.52204e-06
-2.54569 4.54203e-06
-2.36975 3.2507e-06
-1.69589 7.97377e-07
-1.71005 8.22297e-07
-2.43232 3.66829e-06
1.45165 1.31188e-07
-1.66918 7.52357e-07
1.20467 8.53877e-08
-0.289981 5.88968e-08
-2.6715 5.70893e-06
1.43084 1.26152e-07
2.79851 2.90671e-06
-0.294207 5.91766e-08
3.24057 8.06308e-06
0.909831 5.74519e-08
1.49689 1.43088e-07
3.09841 5.85378e-06
-1.9257 1.309e-06
1.83484 2.91468e-07
1.23103 8.90445e-08
1.09064 7.20686e-08
-0.182868 5.27418e-08
3.15446 6.64803e-06
2.71819 2.3989e-06
0.531925 4.3115e-08
-2.13875 2.04602e-06
-3.2592 1.47268e-05
2.22639 7.289e-07
-3.29745 1.55593e-05
-2.83335 7.55958e-06
-1.89663 1.23021e-06
-2.42663 3.62849e-06
-2.35531 3.16036e-06
-3.96643 3.63755e-05
-0.475207 7.43945e-08
-2.88998 8.30996e-06
-3.20963 1.3698e-05
3.2344 7.95315e-06
-3.63154 2.43768e-05
-0.561864 8.44098e-08
2.63625 1.96934e-06
-3.74519 2.80663e-05
1.308 1.01205e-07
3.61259 1.78736e-05
-1.7847 9.66834e-07
-1.60562 6.55073e-07
-2.77135 6.80092e-06
1.57783 1.68058e-07
3.11535 6.0841e-06
0.476583 4.22857e-08
-0.449519 7.1804e-08
-3.4112 1.8241e-05
-1.20544 2.77179e-07
0.918054 5.79783e-08
2.72356 2.42999e-06
-0.633794 9.44436e-08
1.94365 3.73363e-07
1.90736 3.43501e-07
-2.3551 3.15904e-06
-2.26385 2.63731e-06
-1.35482 3.80375e-07
3.44307 1.25333e-05
2.74734 2.57247e-06
3.50416 1.42652e-05
0.079499 4.37903e-08
0.981201 6.24242e-08
-0.489706 7.5929e-08
-3.68638 2.61105e-05
-3.47224 1.98129e-05
-3.55794 2.21827e-05
3.14236 6.46861e-06
-3.76151 2.86273e-05
-1.57834 6.17278e-07
-3.67352 2.5696e-05
-0.814182 1.28552e-07
-3.13951 1.2336e-05
-2.80982 7.26403e-06
-1.30863 3.44614e-07
0.792992 5.11201e-08
-1.41937 4.37075e-07
2.65309 2.05105e-06
-1.26531 3.14346e-07
-2.57551 4.79883e-06
1.91507 3.49616e-07
-2.28859 2.77071e-06
-1.26022 3.10978e-07
1.71934 2.26051e-07
0.525434 4.30037e-08
-0.915323 1.55044e-07
-3.87088 3.25966e-05
-2.71304 6.14446e-06
1.73343 2.33042e-07
0.845183 5.36964e-08
-0.622682 9.27798e-08
2.17102 6.38064e-07
2.26989 8.09602e-07
-2.50102 4.17886e-06
-2.46633 3.91398e-06
2.73522 2.49888e-06
3.00816 4.7572e-06
-0.636181 9.48068e-08
-2.89606 8.39395e-06
-3.27913 1.51563e-05
-1.56811 6.03681e-07
-3.00602 1.00301e-05
-3.95842 3.60474e-05
-3.7736 2.90479e-05
0.587139 4.42182e-08
3.40193 1.14759e-05
0.598326 4.44768e-08
-2.64127 5.40824e-06
1.26896 9.47465e-08
2.82687 3.1094e-06
2.78416 2.809e-06
-0.693513 1.04174e-07
-3.80775 3.02602e-05
-1.19982 2.73945e-07
0.186624 4.20984e-08
-0.414832 6.8552e-08
-1.10295 2.24368e-07
-1.74227 8.8191e-07
-0.100438 4.90924e-08
0.204089 4.19158e-08
0.13817 4.27398e-08
-3.55096 2.19825e-05
0.311183 4.13425e-08
-0.494729 7.64731e-08
0.509238 4.27424e-08
-0.606648 9.04547e-08
-3.49847 2.05176e-05
-3.57582 2.27021e-05
0.051082 4.44116e-08
-3.36746 1.71725e-05
2.99932 4.6607e-06
-2.07765 1.80308e-06
0.594509 4.43872e-08
1.03095 6.64767e-08
3.64814 1.92223e-05
0.341855 4.13491e-08
0.587452 4.42253e-08
-3.62798 2.42673e-05
-1.66795 7.50342e-07
-0.568294 8.52388e-08
-1.84351 1.09765e-06
-2.4981 4.15593e-06
0.310542 4.13432e-08
-0.203931 5.38178e-08
-1.84723 1.10649e-06
-0.230146 5.52453e-08
1.91287 3.47854e-07
-1.48561 5.04503e-07
-1.06778 2.08957e-07
-1.48446 5.03246e-07
2.34174 9.63563e-07
1.6834 2.09301e-07
2.62029 1.89482e-06
-0.646762 9.64414e-08
3.33646 9.95863e-06
0.630949 4.53013e-08
0.610876 4.47814e-08
0.002862 4.56428e-08
2.44533 1.23934e-06
-1.44821 4.6521e-07
2.0498 4.78263e-07
0.417918 4.16937e-08
1.6575 1.98141e-07
-1.68484 7.7844e-07
1.05253 6.84014e-08
-2.03971 1.66574e-06
-2.8558 7.85026e-06
2.19429 6.74716e-07
-1.59365 6.3821e-07
0.371943 4.14292e-08
-0.140665 5.07658e-08
-1.7322 8.62851e-07
-2.4931 4.11703e-06
-2.70656 6.07475e-06
-3.25061 1.45446e-05
0.24285 4.16006e-08
2.27904 8.27715e-07
3.07942 5.6052e-06
-1.67719 7.65588e-07
3.45038 1.27299e-05
0.832129 5.30158e-08
-0.339147 6.23453e-08
2.32871 9.33569e-07
3.762 2.41712e-05
2.5997 1.80278e-06
-3.79574 2.98299e-05
3.29495 9.09328e-06
-1.82109 1.0459e-06
0.713475 4.7884e-08
2.31774 9.09058e-07
-2.32439 2.97423e-06
1.84265 2.9662e-07
-0.63827 9.51263e-08
3.55392 1.58313e-05
2.35778 1.0018e-06
0.217656 4.17914e-08
1.88211 3.24288e-07
-0.040247 4.69418e-08
-3.72217 2.72885e-05
-0.804171 1.26256e-07
3.33877 1.00088e-05
-3.57682 2.27314e-05
2.89698 3.66977e-06
3.87285 3.00393e-05
3.33386 9.90226e-06
-2.43328 3.67507e-06
-0.713762 1.07796e-07
0.74644 4.91306e-08
2.80349 2.94137e-06
-0.06214 4.76771e-08
-2.42925 3.6468e-06
-1.91352 1.27542e-06
0.547937 4.34058e-08
2.2464 7.64926e-07
0.48351 4.23748e-08
-0.773006 1.19445e-07
1.24634 9.12821e-08
2.39859 1.10622e-06
0.778456 5.04689e-08
3.53002 1.50609e-05
2.70571 2.32804e-06
2.07822 5.11473e-07
-1.74708 8.91167e-07
-2.22863 2.45714e-06
-1.9057 1.25429e-06
3.62454 1.83174e-05
-3.87055 3.2584e-05
0.698204 4.73496e-08
0.909436 5.74269e-08
3.95706 3.53016e-05
-1.45294 4.69994e-07
3.50857 1.4398e-05
0.42961 4.17887e-08
2.29722 8.64959e-07
2.91179 3.79971e-06
-2.99727 9.89151e-06
-0.598964 8.93714e-08
2.43696 1.2144e-06
0.856644 5.43147e-08
0.156448 4.24743e-08
1.70854 2.20854e-07
2.30416 8.7962e-07
-2.43902 3.71562e-06
0.866061 5.48376e-08
-2.21918 2.4107e-06
-0.425097 6.9486e-08
-0.820814 1.30103e-07
3.6155 1.79807e-05
-0.519877 7.92982e-08
-1.91729 1.28574e-06
2.12876 5.76745e-07
-1.18486 2.65542e-07
-3.77376 2.90533e-05
3.77454 2.47797e-05
-2.0122 1.57224e-06
0.562565 4.36921e-08
-3.89507 3.3525e-05
2.96376 4.29102e-06
3.75182 2.36869e-05
-0.424841 6.94624e-08
-0.28933 5.8854e-08
-0.370048 6.47404e-08
3.19995 7.36429e-06
2.04461 4.72461e-07
-1.52619 5.51027e-07
0.515542 4.28413e-08
1.12055 7.52027e-08
1.1633 8.01117e-08
-2.7779 6.87799e-06
0.769411 5.00777e-08
-3.85385 3.19539e-05
-3.92752 3.48005e-05
0.726608 4.83651e-08
2.8873 3.58706e-06
1.94781 3.7696e-07
0.98248 6.2522e-08
3.98195 3.70042e-05
1.69911 2.16436e-07
2.53879 1.5553e-06
-0.78538 1.22089e-07
-2.02903 1.62887e-06
0.153101 4.25208e-08
3.43767 1.23898e-05
0.915122 5.77892e-08
-1.33624 3.65537e-07
-3.35307 1.68314e-05
0.440816 4.18904e-08
-0.809158 1.27393e-07
-0.998951 1.82229e-07
0.655571 4.59952e-08
3.75418 2.37983e-05
-0.583118 8.71987e-08
3.61199 1.78515e-05
1.40616 1.20508e-07
3.23453 7.95542e-06
-3.53391 2.14987e-05
-1.98372 1.48058e-06
2.34963 9.8219e-07
-3.50994 2.08315e-05
2.61041 1.85009e-06
-3.93927 3.52709e-05
-1.8207 1.04503e-06
-2.40969 3.51226e-06
0.844155 5.36419e-08
1.34012 1.0701e-07
-0.853734 1.3817e-07
-3.86448 3.23539e-05
-1.6209 6.77261e-07
2.35249 9.89041e-07
3.42175 1.1975e-05
0.435362 4.18396e-08
-0.938533 1.62063e-07
-2.8612 7.92156e-06
-1.74374 8.84729e-07
-1.45302 4.70074e-07
-2.53917 4.48741e-06
-0.843079 1.3549e-07
2.68562 2.21827e-06
2.9225 3.89643e-06
-2.61919 5.19684e-06
-3.85993 3.21823e-05
0.533946 4.31504e-08
-3.58418 2.2948e-05
-2.45827 3.85451e-06
-2.31044 2.89342e-06
0.46342 4.21276e-08
1.39886 1.18903e-07
3.18509 7.1229e-06
-0.648047 9.66428e-08
-0.179024 5.2552e-08
1.73712 2.34913e-07
-1.65007 7.21697e-07
-1.0694 2.09642e-07
1.03186 6.65558e-08
3.37466 1.08201e-05
1.57107 1.65773e-07
-3.2185 1.38779e-05
1.29005 9.81565e-08
3.27842 8.76803e-06
3.74927 2.3567e-05
3.84363 2.83821e-05
0.295564 4.13683e-08
0.491955 4.24891e-08
-1.05685 2.04422e-07
-2.84646 7.72828e-06
2.78866 2.83931e-06
3.04849 5.2212e-06
2.83312 3.15588e-06
-1.40559 4.2427e-07
-3.36915 1.72129e-05
-3.5066 2.07396e-05
-2.39292 3.40029e-06
0.629415 4.52601e-08
3.18288 7.08756e-06
3.76605 2.43662e-05
2.01807 4.43901e-07
2.76955 2.71279e-06
-3.27053 1.49699e-05
2.19098 6.69357e-07
-2.63627 5.35972e-06
2.52574 1.50683e-06
-2.29894 2.82826e-06
3.32852 9.78746e-06
-3.8623 3.22715e-05
-3.40463 1.80777e-05
0.442324 4.19049e-08
-2.56525 4.70918e-06
0.102846 4.33354e-08
-3.96683 3.63921e-05
0.277621 4.14222e-08
-3.7192 2.71894e-05
-1.46364 4.81025e-07
-0.843468 1.35587e-07
-3.37672 1.73949e-05
-3.91839 3.44382e-05
1.39678 1.18452e-07
-2.06489 1.75577e-06
-3.10321 1.16726e-05
-1.71601 8.33026e-07
2.16285 6.25696e-07
1.61488 1.81299e-07
1.97286 3.99475e-07
-2.03593 1.65262e-06
1.09426 7.24353e-08
1.32651 1.04493e-07
-2.06366 1.75127e-06
-2.41585 3.55412e-06
-0.335751 6.20932e-08
3.42815 1.21401e-05
-1.11797 2.31342e-07
3.85893 2.92397e-05
0.914124 5.77252e-08
-0.667424 9.97538e-08
-2.48864 4.08263e-06
1.48107 1.38771e-07
-1.52039 5.44121e-07
-0.431283 7.00602e-08
-3.72407 2.73521e-05
-2.54387 4.52674e-06
-2.96092 9.33145e-06
-0.172452 5.22322e-08
-0.182024 5.26999e-08
1.79696 2.67868e-07
-1.06628 2.08329e-07
-1.25764 3.09288e-07
-2.54237 4.51411e-06
-1.67261 7.57999e-07
-0.290537 5.89334e-08
-0.846564 1.36359e-07
0.477135 4.22926e-08
3.34528 1.01518e-05
-0.669112 1.00032e-07
0.607022 4.46862e-08
2.95188 4.17367e-06
1.89505 3.33976e-07
-0.183043 5.27504e-08
2.83878 3.19848e-06
2.87833 3.51205e-06
3.39944 1.14146e-05
-3.95137 3.57599e-05
3.99151 3.76776e-05
0.348853 4.13612e-08
-1.59922 6.46008e-07
2.49837 1.40991e-06
-2.68263 5.82308e-06
-2.47663 3.99111e-06
2.16155 6.23749e-07
2.63149 1.94682e-06
-1.88568 1.20171e-06
-2.85208 7.80159e-06
-1.12566 2.3501e-07
-0.270605 5.76518e-08
0.647056 4.57481e-08
0.370095 4.14221e-08
-3.76881 2.88806e-05
-0.115279 4.96868e-08
0.802305 5.1552e-08
0.601354 4.45489e-08
-3.89768 3.36266e-05
1.91831 3.52222e-07
0.228434 4.17034e-08
-1.82382 1.05209e-06
3.07416 5.53809e-06
0.968085 6.14395e-08
-0.290501 5.89311e-08
0.558138 4.36034e-08
-3.40312 1.80401e-05
0.499785 4.26006e-08
1.52363 1.50782e-07
0.842828 5.35718e-08
-3.5088 2.08002e-05
-0.510414 7.82152e-08
-3.46418 1.95997e-05
3.30766 9.35067e-06
3.56456 1.61853e-05
-2.4714 3.95181e-06
3.77505 2.4805e-05
0.758565 4.96223e-08
1.08677 7.16798e-08
0.599217 4.44979e-08
2.24584 7.639e-07
-3.57649 2.27218e-05
-1.12506 2.34723e-07
-1.72661 8.52431e-07
-1.27588 3.21456e-07
-0.857036 1.39014e-07
1.7378 2.35262e-07
-0.917286 1.55623e-07
-0.712478 1.07562e-07
-3.39282 1.77862e-05
-3.97055 3.65453e-05
-1.18957 2.68155e-07
0.330028 4.13376e-08
3.3904 1.11946e-05
-3.93758 3.5203e-05
0.455305 4.20375e-08
-1.18902 2.67847e-07
-3.46813 1.97038e-05
-3.86987 3.25583e-05
0.61735 4.49447e-08
1.4885 1.40778e-07
3.41382 1.17728e-05
-2.11127 1.93333e-06
-2.94454 9.08734e-06
0.887241 5.6064e-08
2.6862 2.22135e-06
-1.15168 2.47916e-07
-3.83311 3.11836e-05
1.75054 2.41876e-07
-1.01156 1.8681e-07
-0.276477 5.80226e-08
3.13864 6.41441e-06
1.72696 2.29797e-07
-3.78205 2.93446e-05
-3.60654 2.36147e-05
-2.47932 4.01145e-06
2.04115 4.68628e-07
-1.90443 1.2509e-06
-1.77892 9.54821e-07
-3.02894 1.04004e-05
-0.100812 4.9107e-08
0.777855 5.04426e-08
-1.51816 5.4148e-07
3.92293 3.30788e-05
-1.62186 6.78674e-07
2.26629 8.02596e-07
2.65186 2.04498e-06
1.92341 3.56363e-07
1.55015 1.5894e-07
1.36332 1.11501e-07
0.305323 4.13499e-08
-3.60574 2.35906e-05
-1.40919 4.27573e-07
2.92528 3.92187e-06
2.37132 1.03532e-06
2.56462 1.65588e-06
0.621947 4.50632e-08
2.16219 6.24704e-07
-2.4999 4.17004e-06
-0.67462 1.00946e-07
-1.96124 1.41176e-06
-3.26553 1.48622e-05
-2.71139 6.1267e-06
-0.244368 5.60623e-08
-1.92866 1.31729e-06
-0.603534 9.00133e-08
0.115465 4.311e-08
1.07087 7.01221e-08
2.33059 9.3783e-07
3.93689 3.39721e-05
3.33532 9.93383e-06
-3.25688 1.46774e-05
-3.91152 3.41676e-05
-2.8339 7.56656e-06
-2.41747 3.56521e-06
-2.45707 3.84574e-06
1.04269 6.7511e-08
1.70034 2.17005e-07
0.934285 5.90516e-08
-3.74675 2.81197e-05
-0.684334 1.02587e-07
2.29272 8.55583e-07
2.68302 2.20442e-06
-1.19487 2.7113e-07
-3.56202 2.23007e-05
-3.5388 2.16366e-05
2.46829 1.31049e-06
0.585418 4.41795e-08
-0.93389 1.60628e-07
-1.83663 1.08152e-06
-1.48204 5.00612e-07
-1.33384 3.63661e-07
-0.815377 1.28829e-07
3.26815 8.57131e-06
-1.25119 3.05108e-07
-1.29396 3.34026e-07
-3.45734 1.94204e-05
1.5743 1.66858e-07
-3.52351 2.12073e-05
3.27357 8.67468e-06
-0.92516 1.57972e-07
-3.87409 3.27188e-05
0.484825 4.23922e-08
-3.65775 2.51947e-05
1.05656 6.87726e-08
2.57466 1.69667e-06
-2.79543 7.08791e-06
-1.29247 3.32972e-07
-1.25639 3.08479e-07
-2.66098 5.60281e-06
-1.24852 3.03397e-07
1.07568 7.05872e-08
3.24621 8.16463e-06
3.31029 9.40478e-06
-1.42624 4.43613e-07
1.57457 1.6695e-07
-1.61258 6.6509e-07
1.85557 3.05374e-07
-3.54109 2.17015e-05
2.43622 1.21221e-06
3.2959 9.11224e-06
3.86748 2.97286e-05
2.64994 2.0355e-06
0.601351 4.45488e-08
3.48306 1.36442e-05
0.610949 4.47833e-08
-1.17905 2.62359e-07
2.99573 4.62205e-06
-1.84541 1.10217e-06
-0.883324 1.45973e-07
-2.33792 3.05442e-06
-2.77161 6.80389e-06
-0.493667 7.63575e-08
-1.12839 2.36326e-07
2.82389 3.08752e-06
-3.53819 2.16193e-05
-0.245396 5.61226e-08
2.55626 1.62264e-06
2.971 4.36399e-06
1.20383 8.52762e-08
-2.3492 3.12277e-06
-2.42118 3.59078e-06
1.69525 2.14655e-07
-3.22842 1.40814e-05
-3.76956 2.89067e-05
1.15629 7.927e-08
1.03809 6.71025e-08
-2.82282 7.42614e-06
-0.453433 7.21885e-08
1.69236 2.13336e-07
-3.62751 2.42528e-05
-1.81462 1.0314e-06
0.137496 4.27501e-08
1.20226 8.5065e-08
-3.60591 2.3596e-05
2.29305 8.56279e-07
0.978998 6.22565e-08
-0.465635 7.34105e-08
-2.0282 1.62603e-06
2.38055 1.05879e-06
-0.329201 6.16129e-08
-2.86116 7.92109e-06
1.6078 1.7867e-07
-1.21505 2.82804e-07
2.60749 1.83706e-06
1.13299 7.65782e-08
-2.74319 6.47712e-06
0.545165 4.33538e-08
-3.11621 1.19071e-05
-0.586367 8.76375e-08
-1.74512 8.87386e-07
-2.43104 3.6593e-06
3.6842 2.06825e-05
-0.433781 7.02946e-08
-2.89262 8.34629e-06
-1.5282 5.53441e-07
-3.09295 1.14902e-05
1.32092 1.03485e-07
0.886568 5.60239e-08
0.837578 5.32969e-08
2.77284 2.73414e-06
-0.69443 1.04334e-07
3.98833 3.74522e-05
-3.34873 1.67295e-05
-3.83294 3.11774e-05
-3.15458 1.26197e-05
-0.001555 4.57671e-08
-0.346616 6.29075e-08
-2.53265 4.43336e-06
-0.440123 7.08959e-08
2.41817 1.16016e-06
-2.63363 5.33424e-06
1.60496 1.77632e-07
1.50601 1.45655e-07
-0.000831 4.57466e-08
-1.45716 4.74314e-07
-0.889273 1.47608e-07
-3.38097 1.74977e-05
0.437888 4.18628e-08
-1.21433 2.82377e-07
0.89528 5.65483e-08
-3.80048 2.9999e-05
0.179236 4.21833e-08
3.09002 5.74273e-06
-1.48627 5.05226e-07
-2.80229 7.17145e-06
2.07969 5.13252e-07
0.057194 4.42716e-08
3.66469 1.98808e-05
2.04445 4.72275e-07
-1.32027 3.53275e-07
2.53037 1.52385e-06
2.67365 2.15525e-06
2.77917 2.77582e-06
2.83572 3.17538e-06
1.40223 1.19641e-07
1.71077 2.21918e-07
-1.77528 9.47325e-07
3.46107 1.30227e-05
3.34445 1.01334e-05
-1.50696 5.28461e-07
-3.04103 1.05999e-05
0.12685 4.29187e-08
-0.790946 1.23304e-07
0.220754 4.17652e-08
2.83344 3.15831e-06
2.27175 8.13259e-07
1.85168 3.02712e-07
3.49847 1.40953e-05
-0.2113 5.4209e-08
2.77142 2.72488e-06
0.126682 4.29214e-08
-0.009746 4.60028e-08
-3.28334 1.52482e-05
3.61713 1.80411e-05
-0.195883 5.33993e-08
3.55931 1.60098e-05
-2.88022 8.17667e-06
-0.546051 8.24245e-08
-1.84137 1.09263e-06
2.64205 1.99709e-06
2.31709 9.07627e-07
-3.27188 1.49989e-05
-1.01984 1.8989e-07
1.60643 1.7817e-07
0.947162 5.99365e-08
-1.80604 1.01249e-06
2.75663 2.63031e-06
-1.1552 2.49719e-07
-2.48212 4.03272e-06
-1.47 4.87706e-07
-1.22165 2.86735e-07
1.35099 1.0908e-07
0.753128 4.93995e-08
0.814644 5.21426e-08
-2.08555 1.83294e-06
3.53184 1.51183e-05
0.486356 4.24127e-08
3.6111 1.78189e-05
-3.18892 1.32845e-05
-1.99685 1.52222e-06
-2.149 2.08959e-06
0.411689 4.16477e-08
0.261565 4.14924e-08
2.11988 5.64663e-07
-2.48222 4.03348e-06
-2.80839 7.24643e-06
0.498362 4.258e-08
-0.009138 4.5985e-08
2.7289 2.4613e-06
1.82197 2.83195e-07
0.156952 4.24674e-08
-0.272215 5.77529e-08
1.87908 3.22065e-07
-0.9077 1.52821e-07
1.66157 1.9985e-07
1.6786 2.0718e-07
3.39352 1.12699e-05
1.09234 7.22402e-08
1.78283 2.59633e-07
-2.60468 5.06172e-06
3.65264 1.93994e-05
2.70328 2.31451e-06
2.11721 5.61089e-07
3.08612 5.69174e-06
0.713836 4.78969e-08
3.94835 3.47217e-05
2.23842 7.50353e-07
-0.698102 1.0498e-07
2.57999 1.71873e-06
0.952742 6.03293e-08
2.27065 8.11093e-07
-3.39283 1.77866e-05
-1.2351 2.94947e-07
3.26301 8.47443e-06
-2.36632 3.22905e-06
2.98533 4.51186e-06
3.90561 3.19983e-05
3.27571 8.71577e-06
0.709864 4.77552e-08
0.728305 4.84288e-08
-1.82844 1.0626e-06
3.52555 1.49205e-05
0.183036 4.21391e-08
-3.43942 1.8956e-05
1.22066 8.75783e-08
3.5828 1.68091e-05
-3.2008 1.35205e-05
-3.25241 1.45827e-05
0.452219 4.20047e-08
-3.68983 2.62225e-05
2.29919 8.69105e-07
2.9385 4.04517e-06
2.30673 8.85121e-07
3.22897 7.85751e-06
-3.72686 2.74458e-05
0.493353 4.25086e-08
-0.637422 9.49964e-08
-1.25525 3.07734e-07
-0.313167 6.04698e-08
3.0446 5.17461e-06
1.97958 4.05756e-07
0.982239 6.25036e-08
3.83 2.76367e-05
-2.95703 9.27312e-06
-0.760599 1.16869e-07
2.97967 4.45284e-06
1.43637 1.27465e-07
2.03778 4.64921e-07
-2.0671 1.7639e-06
-2.00751 1.5568e-06
2.72573 2.44269e-06
2.44156 1.22806e-06
-3.65575 2.51315e-05
-3.34352 1.66076e-05
3.11773 6.11714e-06
-1.4709 4.88658e-07
1.58207 1.69509e-07
1.76018 2.47026e-07
1.36767 1.12371e-07
-3.5792 2.28013e-05
3.20726 7.4858e-06
-1.62327 6.80759e-07
2.87407 3.47692e-06
0.800507 5.14677e-08
3.90789 3.21385e-05
-2.8949 8.37783e-06
2.90823 3.76811e-06
-1.88239 1.19325e-06
3.97084 3.62355e-05
-3.82934 3.10453e-05
-3.48446 2.0139e-05
2.02361 4.49702e-07
0.300352 4.13583e-08
-3.86487 3.23685e-05
1.83873 2.94022e-07
-3.20704 1.36458e-05
0.733476 4.86249e-08
-3.03404 1.04841e-05
-0.38698 6.61325e-08
2.47839 1.34308e-06
2.40237 1.11643e-06
-0.785007 1.22008e-07
-0.41692 6.87401e-08
1.55056 1.5907e-07
-1.10654 2.26015e-07
3.05656 5.31901e-06
0.591907 4.43269e-08
-1.22798 2.90572e-07
-3.04648 1.06907e-05
2.93498 4.01202e-06
-0.908429 1.53031e-07
2.05567 4.84931e-07
3.49262 1.39223e-05
3.57133 1.64146e-05
-3.17417 1.29959e-05
-3.94248 3.54002e-05
3.63385 1.86698e-05
-0.920268 1.56507e-07
2.43461 1.20746e-06
0.253822 4.15337e-08
2.5601 1.63784e-06
-3.05714 1.08702e-05
1.73039 2.31513e-07
3.2526 8.2813e-06
-0.09245 4.87833e-08
-3.40303 1.80378e-05
3.39646 1.13416e-05
1.08956 7.19597e-08
1.45611 1.32303e-07
-3.6238 2.41392e-05
-1.14303 2.43537e-07
3.25835 8.38748e-06
0.866752 5.48765e-08
2.56626 1.66249e-06
-0.930989 1.59739e-07
2.22521 7.26824e-07
-3.78435 2.94256e-05
2.31759 9.08732e-07
2.98641 4.52322e-06
2.17801 6.48839e-07
-1.92473 1.30629e-06
2.16775 6.33076e-07
-3.55448 2.20833e-05
-1.24038 2.98244e-07
-2.10772 1.91918e-06
-2.07673 1.79963e-06
-3.77718 2.91735e-05
-2.46429 3.89885e-06
-2.58765 4.90686e-06
1.65091 1.95416e-07
-1.98563 1.48657e-06
2.9469 4.12542e-06
3.90185 3.17679e-05
-0.471836 7.40454e-08
3.08726 5.70667e-06
1.49525 1.42633e-07
3.91641 3.26677e-05
-1.6967 7.98772e-07
-1.64721 7.17207e-07
-1.0848 2.16257e-07
-3.6337 2.44437e-05
2.11466 5.57688e-07
0.61159 4.47992e-08
-0.921183 1.5678e-07
1.62879 1.86599e-07
-2.58065 4.84434e-06
-0.279362 5.82068e-08
0.385443 4.14889e-08
-0.542673 8.20099e-08
3.78136 2.51167e-05
-0.567886 8.51858e-08
1.38574 1.16094e-07
0.437543 4.18596e-08
-3.73097 2.7584e-05
-1.34586 3.7314e-07
3.39006 1.11863e-05
3.74023 2.31459e-05
-2.78816 7.00029e-06
-0.116599 4.9741e-08
1.81125 2.76506e-07
-2.07888 1.80771e-06
-0.933334 1.60457e-07
-0.440363 7.09189e-08
1.99177 4.1744e-07
-2.48243 4.03504e-06
0.143356 4.26615e-08
-0.907992 1.52905e-07
3.26523 8.51627e-06
0.192152 4.20379e-08
