0.69134 0.258819
-0.567792 -2.77924
2.75998 -0.186884
2.5047 -0.192937
2.22021 -0.0605813
-0.882034 -3.75107
-0.601486 -2.88493
0.270026 -0.442095
-3.10311 -4.7556
0.392048 -0.196524
1.39442 0.502299
-3.08332 -4.80772
2.04626 0.0640209
-0.176351 -1.58368
1.07973 0.52645
-1.10484 -4.39162
-0.703682 -3.20456
2.33518 -0.127718
3.67312 1.33087
-3.79598 -2.38467
1.11634 0.533725
2.79111 -0.17581
-1.34603 -4.99951
-3.4041 -3.84757
0.964287 0.484062
0.008751 -1.06997
-3.87927 -2.03982
-1.91955 -5.9105
0.79369 0.364462
1.94084 0.146662
-0.116323 -1.41193
0.474146 -0.050293
1.66982 0.352976
0.780055 0.351871
1.04213 0.515935
0.746978 0.319436
-0.75472 -3.36291
-3.26465 -4.29424
-0.204095 -1.66451
0.915982 0.457241
-2.155 -6.01681
1.23023 0.538506
3.24126 0.288647
-2.76431 -5.50568
-3.08947 -4.79164
2.27286 -0.0932345
-1.09888 -4.37532
3.43541 0.682479
3.55378 0.982583
-1.25195 -4.77513
3.73981 1.5451
-3.24655 -4.34901
0.970077 0.486911
-1.61889 -5.5395
-3.58805 -3.19622
-0.481879 -2.51018
-1.53933 -5.40052
-1.87637 -5.873
0.495998 -0.0140365
1.0257 0.510355
-3.18549 -4.52814
1.71106 0.323861
-1.5381 -5.39823
-3.53477 -3.39172
2.79952 -0.172393
-2.85777 -5.32993
0.123329 -0.778813
-0.359819 -2.13209
-1.48686 -5.30024
-3.16932 -4.57411
1.32414 0.523557
2.23703 -0.0713332
-0.657713 -3.06108
-0.82204 -3.56961
-3.39068 -3.89239
0.39068 -0.199093
2.28272 -0.0990089
-1.68132 -5.63709
-2.36978 -5.96572
-2.70324 -5.60709
-1.63226 -5.56127
-3.21245 -4.45014
-2.96575 -5.09679
-1.3792 -5.07431
2.95625 -0.0740832
3.85824 1.95929
-2.41114 -5.93955
-2.54569 -5.81825
-2.36975 -5.96573
-1.69589 -5.65837
-1.71005 -5.67848
-2.43232 -5.92411
1.45165 0.479239
-1.66918 -5.61893
1.20467 0.539704
-0.289981 -1.91979
-2.6715 -5.65554
1.43084 0.488186
2.79851 -0.172815
-0.294207 -1.93253
3.24057 0.287478
0.909831 0.453431
1.49689 0.457689
3.09841 0.0757821
-1.9257 -5.9154
1.83484 0.230421
1.23103 0.538448
1.09064 0.528921
-0.182868 -1.60259
3.15446 0.151688
2.71819 -0.197962
0.531925 0.0430964
-2.13875 -6.01489
-3.2592 -4.31081
2.22639 -0.0645681
-3.29745 -4.19305
-2.83335 -5.37822
-1.89663 -5.89128
-2.42663 -5.9284
-2.35531 -5.97363
-3.96643 -1.66817
-0.475207 -2.48936
-2.88998 -5.26371
-3.20963 -4.45838
3.2344 0.276964
-3.63154 -3.03272
-0.561864 -2.76064
2.63625 -0.20767
-3.74519 -2.58965
1.308 0.527261
3.61259 1.14853
-1.7847 -5.77546
-1.60562 -5.51744
-2.77135 -5.4933
1.57783 0.412648
3.11535 0.0977026
0.476583 -0.0461934
-0.449519 -2.4093
-3.4112 -3.82372
-1.20544 -4.65793
0.918054 0.458504
2.72356 -0.196778
-0.633794 -2.98621
1.94365 0.144433
1.90736 0.173231
-2.3551 -5.97374
-2.26385 -6.0087
-1.35482 -5.01957
3.44307 0.700526
2.74734 -0.190688
3.50416 0.851251
0.079499 -0.887467
0.981201 0.492167
-0.489706 -2.53464
-3.68638 -2.82168
-3.47224 -3.61416
-3.55794 -3.30738
3.14236 0.134478
-3.76151 -2.52422
-1.57834 -5.47067
-3.67352 -2.87167
-0.814182 -3.54564
-3.13951 -4.65715
-2.80982 -5.42318
-1.30863 -4.91243
0.792992 0.363828
-1.41937 -5.16168
2.65309 -0.206928
-1.26531 -4.80806
-2.57551 -5.78396
1.91507 0.167114
-2.28859 -6.00176
-1.26022 -4.79554
1.71934 0.31787
0.525434 0.0330032
-0.915323 -3.85038
-3.87088 -2.07504
-2.71304 -5.59155
1.73343 0.307576
0.845183 0.407926
-0.622682 -2.95139
2.17102 -0.0276136
2.26989 -0.0914714
-2.50102 -5.86462
-2.46633 -5.89646
2.73522 -0.193964
3.00816 -0.0263044
-0.636181 -2.99368
-2.89606 -5.25088
-3.27913 -4.24987
-1.56811 -5.45265
-3.00602 -5.00183
-3.95842 -1.70274
-3.7736 -2.4755
0.587139 0.124834
3.40193 0.605844
0.598326 0.140493
-2.64127 -5.69891
1.26896 0.534303
2.82687 -0.16002
2.78416 -0.178496
-0.693513 -3.17288
-3.80775 -2.3366
-1.19982 -4.6435
0.186624 -0.628266
-0.414832 -2.30162
-1.10295 -4.38646
-1.74227 -5.72224
-0.100438 -1.36725
0.204089 -0.588105
0.13817 -0.742825
-3.55096 -3.33289
0.311183 -0.355605
-0.494729 -2.55034
0.509238 0.00737806
-0.606648 -2.90112
-3.49847 -3.5218
-3.57582 -3.24157
0.051082 -0.959746
-3.36746 -3.96907
2.99932 -0.0350018
-2.07765 -6.00043
0.594509 0.135184
1.03095 0.512202
3.64814 1.25419
0.341855 -0.293548
0.587452 0.125276
-3.62798 -3.04622
-1.66795 -5.61706
-0.568294 -2.78081
-1.84351 -5.84081
-2.4981 -5.86745
0.310542 -0.356924
-0.203931 -1.66403
-1.84723 -5.84462
-0.230146 -1.74117
1.91287 0.168865
-1.48561 -5.29776
-1.06778 -4.28949
-1.48446 -5.29549
2.34174 -0.131062
1.6834 0.34353
2.62029 -0.207797
-0.646762 -3.02682
3.33646 0.466529
0.630949 0.184409
0.610876 0.157695
0.002862 -1.08554
2.44533 -0.175423
-1.44821 -5.22218
2.0498 0.0613043
0.417918 -0.148756
1.6575 0.361415
-1.68484 -5.64228
1.05253 0.519156
-2.03971 -5.98572
-2.8558 -5.3339
2.19429 -0.0434844
-1.59365 -5.49715
0.371943 -0.234705
-0.140665 -1.48103
-1.7322 -5.70888
-2.4931 -5.87222
-2.70656 -5.60187
-3.25061 -4.33678
0.24285 -0.501182
2.27904 -0.0968637
3.07942 0.052256
-1.67719 -5.63095
3.45038 0.717912
0.832129 0.397516
-0.339147 -2.06888
2.32871 -0.124371
3.762 1.61946
2.5997 -0.207149
-3.79574 -2.38565
3.29495 0.385391
-1.82109 -5.81706
0.713475 0.283846
2.31774 -0.118564
-2.32439 -5.98837
1.84265 0.224315
-0.63827 -3.00023
3.55392 0.982979
2.35778 -0.138973
0.217656 -0.557331
1.88211 0.193238
-0.040247 -1.20117
-3.72217 -2.68118
-0.804171 -3.51503
3.33877 0.471196
-3.57682 -3.23787
2.89698 -0.119187
3.87285 2.01329
3.33386 0.461279
-2.43328 -5.92338
-0.713762 -3.23592
0.74644 0.318887
2.80349 -0.170719
-0.06214 -1.26097
-2.42925 -5.92643
-1.91352 -5.90559
0.547937 0.0675601
2.2464 -0.0771905
0.48351 -0.0346176
-0.773006 -3.41934
1.24634 0.537102
2.39859 -0.157439
0.778456 0.350365
3.53002 0.918719
2.70571 -0.200451
2.07822 0.0396835
-1.74708 -5.72853
-2.22863 -6.01533
-1.9057 -5.89907
3.62454 1.18361
-3.87055 -2.07643
0.698204 0.266709
0.909436 0.453183
3.95706 2.33667
-1.45294 -5.23191
3.50857 0.862594
0.42961 -0.127674
2.29722 -0.107288
2.91179 -0.108846
-2.99727 -5.02282
-0.598964 -2.87702
2.43696 -0.172466
0.856644 0.416725
0.156448 -0.699077
1.70854 0.32568
2.30416 -0.11116
-2.43902 -5.91895
0.866061 0.423718
-2.21918 -6.01645
-0.425097 -2.33343
-0.820814 -3.56588
3.6155 1.15702
-0.519877 -2.62903
-1.91729 -5.90868
2.12876 0.00231261
-1.18486 -4.60482
-3.77376 -2.47488
3.77454 1.66214
-2.0122 -5.97232
0.562565 0.0893676
-3.89507 -1.97328
2.96376 -0.0676491
3.75182 1.58516
-0.424841 -2.33263
-0.28933 -1.91783
-0.370048 -2.16348
3.19995 0.220496
2.04461 0.065285
-1.52619 -5.37603
0.515542 0.0174269
1.12055 0.534377
1.1633 0.538897
-2.7779 -5.48167
0.769411 0.341726
-3.85385 -2.1462
-3.92752 -1.83541
0.726608 0.298126
2.8873 -0.125622
1.94781 0.14114
0.98248 0.492753
3.98195 2.43609
1.69911 0.332427
2.53879 -0.200082
-0.78538 -3.45741
-2.02903 -5.98079
0.153101 -0.70704
3.43767 0.68779
0.915122 0.456714
-1.33624 -4.97701
-3.35307 -4.01597
0.440816 -0.107766
-0.809158 -3.53029
-0.998951 -4.09477
0.655571 0.215828
3.75418 1.59308
-0.583118 -2.82732
3.61199 1.14677
1.40616 0.497971
3.23453 0.27718
-3.53391 -3.39482
-1.98372 -5.95605
2.34963 -0.134999
-3.50994 -3.48097
2.61041 -0.207599
-3.93927 -1.78512
-1.8207 -5.81664
-2.40969 -5.94055
0.844155 0.407121
1.34012 0.519445
-0.853734 -3.66584
-3.86448 -2.10184
-1.6209 -5.54281
2.35249 -0.136407
3.42175 0.650779
0.435362 -0.117418
-0.938533 -3.91898
-2.8612 -5.32301
-1.74374 -5.72417
-1.45302 -5.23207
-2.53917 -5.8254
-0.843079 -3.63358
2.68562 -0.20368
2.9225 -0.100981
-2.61919 -5.72891
-3.85993 -2.12084
0.533946 0.0462182
-3.58418 -3.21059
-2.45827 -5.90334
-2.31044 -5.99406
0.46342 -0.0685032
1.39886 0.500688
3.18509 0.197305
-0.648047 -3.03084
-0.179024 -1.59143
1.73712 0.304861
-1.65007 -5.58954
-1.0694 -4.29401
1.03186 0.512516
3.37466 0.546115
1.57107 0.4167
-3.2185 -4.4324
1.29005 0.530842
3.27842 0.354616
3.74927 1.57662
3.84363 1.90591
0.295564 -0.387998
0.491955 -0.020659
-1.05685 -4.259
-2.84646 -5.3525
2.78866 -0.176771
3.04849 0.0162854
2.83312 -0.156915
-1.40559 -5.13212
-3.36915 -3.96353
-3.5066 -3.4929
-2.39292 -5.95172
0.629415 0.182403
3.18288 0.193909
3.76605 1.63319
2.01807 0.0858384
2.76955 -0.18374
-3.27053 -4.27627
2.19098 -0.0412498
-2.63627 -5.70584
2.52574 -0.197609
-2.29894 -5.9983
3.32852 0.450571
-3.8623 -2.11096
-3.40463 -3.84579
0.442324 -0.105109
-2.56525 -5.79605
0.102846 -0.829154
-3.96683 -1.66643
0.277621 -0.425861
-3.7192 -2.69291
-1.46364 -5.25376
-0.843468 -3.63476
-3.37672 -3.93863
-3.91839 -1.87435
1.39678 0.501446
-2.06489 -5.99597
-3.10321 -4.75533
-1.71601 -5.6868
2.16285 -0.0219346
1.61488 0.389583
1.97286 0.121314
-2.03593 -5.98402
1.09426 0.529683
1.32651 0.522975
-2.06366 -5.99551
-2.41585 -5.93624
-0.335751 -2.05852
3.42815 0.665548
-1.11797 -4.4273
3.85893 1.96183
0.914124 0.4561
-0.667424 -3.09144
-2.48864 -5.8764
1.48107 0.465543
-1.52039 -5.3651
-0.431283 -2.35262
-3.72407 -2.67366
-2.54387 -5.82026
-2.96092 -5.10789
-0.172452 -1.57239
-0.182024 -1.60014
1.79696 0.259768
-1.06628 -4.28532
-1.25764 -4.78918
-2.54237 -5.82191
-1.67261 -5.6241
-0.290537 -1.92147
-0.846564 -3.64414
0.477135 -0.0452668
3.34528 0.484486
-0.669112 -3.09672
0.607022 0.152453
2.95188 -0.077749
1.89505 0.182997
-0.183043 -1.6031
2.83878 -0.154016
2.87833 -0.131351
3.39944 0.600292
-3.95137 -1.73315
3.99151 2.47477
0.348853 -0.279681
-1.59922 -5.50664
2.49837 -0.191371
-2.68263 -5.63889
-2.47663 -5.88739
2.16155 -0.0210246
2.63149 -0.207766
-1.88568 -5.88155
-2.85208 -5.34132
-1.12566 -4.44808
-0.270605 -1.86159
0.647056 0.205131
0.370095 -0.23826
-3.76881 -2.49485
-0.115279 -1.40898
0.802305 0.372183
0.601354 0.144678
-3.89768 -1.96221
1.91831 0.164543
0.228434 -0.53315
-1.82382 -5.82004
3.07416 0.0459332
0.968085 0.48594
-0.290501 -1.92136
0.558138 0.0828225
-3.40312 -3.85088
0.499785 -0.00786862
1.52363 0.443682
0.842828 0.406078
-3.5088 -3.48504
-0.510414 -2.5994
-3.46418 -3.64228
3.30766 0.409642
3.56456 1.01217
-2.4714 -5.89203
3.77505 1.66391
0.758565 0.331104
1.08677 0.528074
0.599217 0.141727
2.24584 -0.0768453
-3.57649 -3.23909
-1.12506 -4.44647
-1.72661 -5.70133
-1.27588 -4.83387
-0.857036 -3.67582
1.7378 0.304357
-0.917286 -3.85621
-0.712478 -3.23193
-3.39282 -3.8853
-3.97055 -1.65034
-1.18957 -4.61703
0.330028 -0.317231
3.3904 0.580309
-3.93758 -1.79236
0.455305 -0.0824608
-1.18902 -4.6156
-3.46813 -3.62854
-3.86987 -2.07927
0.61735 0.166419
1.4885 0.461893
3.41382 0.632633
-2.11127 -6.0098
-2.94454 -5.14507
0.887241 0.438668
2.6862 -0.2036
-1.15168 -4.51769
-3.83311 -2.23227
1.75054 0.294909
-1.01156 -4.13091
-0.276477 -1.87919
3.13864 0.129284
1.72696 0.312323
-3.78205 -2.4413
-3.60654 -3.12713
-2.47932 -5.88497
2.04115 0.0679497
-1.90443 -5.89799
-1.77892 -5.76851
-3.02894 -4.94588
-0.100812 -1.3683
0.777855 0.349797
-1.51816 -5.36085
3.92293 2.20316
-1.62186 -5.54438
2.26629 -0.0893261
2.65186 -0.207003
1.92341 0.1605
1.55015 0.428923
1.36332 0.512707
0.305323 -0.367697
-3.60574 -3.13013
-1.40919 -5.13987
2.92528 -0.0988893
2.37132 -0.145375
2.56462 -0.203996
0.621947 0.172551
2.16219 -0.0214714
-2.4999 -5.86571
-0.67462 -3.11392
-1.96124 -5.94149
-3.26553 -4.29155
-2.71139 -5.59418
-0.244368 -1.78332
-1.92866 -5.91771
-0.603534 -2.89136
0.115465 -0.798049
1.07087 0.524253
2.33059 -0.125349
3.93689 2.25734
3.33532 0.46422
-3.25688 -4.31784
-3.91152 -1.90354
-2.8339 -5.37715
-2.41747 -5.93508
-2.45707 -5.90434
1.04269 0.516115
1.70034 0.331552
0.934285 0.468048
-3.74675 -2.5834
-0.684334 -3.14425
2.29272 -0.104744
2.68302 -0.204029
-1.19487 -4.63073
-3.56202 -3.29239
-3.5388 -3.37713
2.46829 -0.182931
0.585418 0.122398
-0.93389 -3.9053
-1.83663 -5.83367
-1.48204 -5.2907
-1.33384 -4.97144
-0.815377 -3.54929
3.26815 0.335937
-1.25119 -4.77324
-1.29396 -4.8775
-3.45734 -3.66601
1.5743 0.414773
-3.52351 -3.43235
3.27357 0.345758
-0.92516 -3.87952
-3.87409 -2.06157
0.484825 -0.0324329
-3.65775 -2.93251
1.05656 0.520339
2.57466 -0.205157
-2.79543 -5.4499
-1.29247 -4.87394
-1.25639 -4.78612
-2.66098 -5.67093
-1.24852 -4.76662
1.07568 0.525468
3.24621 0.297182
3.31029 0.414728
-1.42624 -5.17626
1.57457 0.414609
-1.61258 -5.52907
1.85557 0.214177
-3.54109 -3.36881
2.43622 -0.172198
3.2959 0.38718
3.86748 1.99337
2.64994 -0.207115
0.601351 0.144674
3.48306 0.797829
0.610949 0.157794
-1.17905 -4.58971
2.99573 -0.0384669
-1.84541 -5.84276
-0.883324 -3.75493
-2.33792 -5.98229
-2.77161 -5.49286
-0.493667 -2.54702
-1.12839 -4.45542
2.82389 -0.161461
-3.53819 -3.37934
-0.245396 -1.78638
2.55626 -0.202874
2.971 -0.061299
1.20383 0.539722
-2.3492 -5.97678
-2.42118 -5.9324
1.69525 0.335173
-3.22842 -4.40312
-3.76956 -2.49183
1.15629 0.538416
1.03809 0.51462
-2.82282 -5.39853
-0.453433 -2.42148
1.69236 0.337219
-3.62751 -3.048
-1.81462 -5.80994
0.137496 -0.74445
1.20226 0.539751
-3.60591 -3.12946
2.29305 -0.104935
0.978998 0.491149
-0.465635 -2.4595
-2.0282 -5.98039
2.38055 -0.149583
-0.329201 -2.03857
-2.86116 -5.32309
1.6078 0.394102
-1.21505 -4.68247
2.60749 -0.2075
1.13299 0.536087
-2.74319 -5.54198
0.545165 0.0633692
-3.11621 -4.72054
-0.586367 -2.83751
-1.74512 -5.72598
-2.43104 -5.92509
3.6842 1.36551
-0.433781 -2.36038
-2.89262 -5.25816
-1.5282 -5.3798
-3.09295 -4.78248
1.32092 0.524331
0.886568 0.438209
0.837578 0.401912
2.77284 -0.182608
-0.69443 -3.17574
3.98833 2.46186
-3.34873 -4.03003
-3.83294 -2.23297
-3.15458 -4.61544
-0.001555 -1.09725
-0.346616 -2.09168
-2.53265 -5.83241
-0.440123 -2.38008
2.41817 -0.165401
-2.63363 -5.70946
1.60496 0.395895
1.50601 0.453013
-0.000831 -1.09533
-1.45716 -5.24056
-0.889273 -3.77275
-3.38097 -3.92459
0.437888 -0.112939
-1.21433 -4.68063
0.89528 0.444061
-3.80048 -2.36633
0.179236 -0.645438
3.09002 0.0652527
-1.48627 -5.29907
-2.80229 -5.43723
2.07969 0.038579
0.057194 -0.944082
3.66469 1.30478
2.04445 0.0654135
-1.32027 -4.93985
2.53037 -0.198523
2.67365 -0.205156
2.77917 -0.180346
2.83572 -0.155594
1.40223 0.499443
1.71077 0.32407
-1.77528 -5.76408
3.46107 0.743667
3.34445 0.482779
-1.50696 -5.33944
-3.04103 -4.91582
0.12685 -0.770237
-0.790946 -3.4745
0.220754 -0.550356
2.83344 -0.156751
2.27175 -0.092578
1.85168 0.217229
3.49847 0.83671
-0.2113 -1.68564
2.77142 -0.183101
0.126682 -0.770646
-0.009746 -1.11905
-3.28334 -4.23688
3.61713 1.16181
-0.195883 -1.6405
3.55931 0.997727
-2.88022 -5.28407
-0.546051 -2.71105
-1.84137 -5.83861
2.64205 -0.207486
2.31709 -0.118215
-3.27188 -4.27216
-1.01984 -4.15451
1.60643 0.394965
0.947162 0.475179
-1.80604 -5.80032
2.75663 -0.187931
-1.1552 -4.527
-2.48212 -5.88242
-1.47 -5.26662
-1.22165 -4.69921
1.35099 0.516402
0.753128 0.32567
0.814644 0.382927
-2.08555 -6.00294
3.53184 0.92354
0.486356 -0.0298946
3.6111 1.14418
-3.18892 -4.51832
-1.99685 -5.96386
-2.149 -6.0162
0.411689 -0.160117
0.261565 -0.460325
2.11988 0.00876649
-2.48222 -5.88233
-2.80839 -5.42585
0.498362 -0.0101822
-0.009138 -1.11743
2.7289 -0.19553
1.82197 0.240445
0.156952 -0.69788
-0.272215 -1.86641
1.87908 0.195632
-0.9077 -3.82773
1.66157 0.358637
1.6786 0.346881
3.39352 0.587163
1.09234 0.529282
1.78283 0.270569
-2.60468 -5.74782
3.65264 1.26786
2.70328 -0.200891
2.11721 0.0107136
3.08612 0.0604278
0.713836 0.284245
3.94835 2.30225
2.23842 -0.0722098
-0.698102 -3.18718
2.57999 -0.20569
0.952742 0.478149
2.27065 -0.0919237
-3.39283 -3.88525
-1.2351 -4.73312
3.26301 0.326721
-2.36632 -5.96766
2.98533 -0.0482837
3.90561 2.13667
3.27571 0.349658
0.709864 0.279846
0.728305 0.299941
-1.82844 -5.825
3.52555 0.906896
0.183036 -0.636592
-3.43942 -3.72778
1.22066 0.539104
3.5828 1.0631
-3.2008 -4.48407
-3.25241 -4.33135
0.452219 -0.0878093
-3.68983 -2.80822
2.29919 -0.108396
2.9385 -0.0886344
2.30673 -0.11258
3.22897 0.267807
-3.72686 -2.66258
0.493353 -0.0183647
-0.637422 -2.99757
-1.25525 -4.78329
-0.313167 -1.98986
3.0446 0.0119602
1.97958 0.116016
0.982239 0.492643
3.83 1.85666
-2.95703 -5.11677
-0.760599 -3.38107
2.97967 -0.0535013
1.43637 0.485869
2.03778 0.0705535
-2.0671 -5.99678
-2.00751 -5.96981
2.72573 -0.196278
2.44156 -0.174107
-3.65575 -2.94022
-3.34352 -4.04688
3.11773 0.100854
-1.4709 -5.26843
1.58207 0.410084
1.76018 0.287699
1.36767 0.511347
-3.5792 -3.22906
3.20726 0.232163
-1.62327 -5.54668
2.87407 -0.133996
0.800507 0.370587
3.90789 2.14536
-2.8949 -5.25334
2.90823 -0.111385
-1.88239 -5.87855
3.97084 2.3915
-3.82934 -2.24782
-3.48446 -3.57129
2.02361 0.0815297
0.300352 -0.378012
-3.86487 -2.10022
1.83873 0.227381
-3.20704 -4.46591
0.733476 0.305425
-3.03404 -4.93326
-0.38698 -2.21557
2.47839 -0.185947
2.40237 -0.159022
-0.785007 -3.45626
-0.41692 -2.30808
1.55056 0.428689
-1.10654 -4.39627
3.05656 0.0253965
0.591907 0.131545
-1.22798 -4.71522
-3.04648 -4.90216
2.93498 -0.0914109
-0.908429 -3.8299
2.05567 0.0568065
3.49262 0.821842
3.57133 1.03096
-3.17417 -4.56036
-3.94248 -1.77134
3.63385 1.21125
-0.920268 -3.86504
2.43461 -0.171612
0.253822 -0.477139
2.5601 -0.203407
-3.05714 -4.87519
1.73039 0.309806
3.2526 0.308318
-0.09245 -1.34492
-3.40303 -3.85118
3.39646 0.593668
1.08956 0.528688
1.45611 0.477238
-3.6238 -3.06204
-1.14303 -4.49466
3.25835 0.31844
0.866752 0.424223
2.56626 -0.2042
-0.930989 -3.89675
2.22521 -0.0638081
-3.78435 -2.43198
2.31759 -0.118485
2.98641 -0.0472755
2.17801 -0.0324249
-1.92473 -5.91463
2.16775 -0.0253436
-3.55448 -3.32004
-1.24038 -4.74635
-2.10772 -6.00898
-2.07673 -6.00013
-3.77718 -2.46101
-2.46429 -5.89822
-2.58765 -5.76922
1.65091 0.365878
-1.98563 -5.95722
2.9469 -0.0818583
3.90185 2.12235
-0.471836 -2.47884
3.08726 0.0618397
1.49525 0.458517
3.91641 2.178
-1.6967 -5.65952
-1.64721 -5.58505
-1.0848 -4.33664
-3.6337 -3.02448
2.11466 0.0125832
0.61159 0.158662
-0.921183 -3.86776
1.62879 0.380571
-2.58065 -5.77777
-0.279362 -1.88785
0.385443 -0.208966
-0.542673 -2.70046
3.78136 1.68558
-0.567886 -2.77953
1.38574 0.50536
0.437543 -0.11355
-3.73097 -2.64628
-1.34586 -4.99913
3.39006 0.579558
3.74023 1.5465
-2.78816 -5.46318
-0.116599 -1.41271
1.81125 0.248756
-2.07888 -6.00084
-0.933334 -3.90366
-0.440363 -2.38083
1.99177 0.106417
-2.48243 -5.88214
0.143356 -0.730348
-0.907992 -3.8286
3.26523 0.330702
0.192152 -0.615489
