0.69134 1.19496e-05
-0.567792 6.29448e-05
2.75998 2.48325e-06
2.5047 8.98707e-07
2.22021 4.13206e-07
-0.882034 7.67903e-05
-0.601486 6.4383e-05
0.270026 2.77346e-05
-3.10311 0.000283858
0.392048 2.27253e-05
1.39442 1.18252e-06
-3.08332 0.000280308
2.04626 3.42494e-07
-0.176351 4.65468e-05
1.07973 3.63083e-06
-1.10484 8.74715e-05
-0.703682 6.8802e-05
2.33518 5.31452e-07
3.67312 6.5069e-05
-3.79598 0.000445154
1.11634 3.19223e-06
2.79111 2.83694e-06
-1.34603 0.000100265
-3.4041 0.000344452
0.964287 5.37068e-06
0.008751 3.87689e-05
-3.87927 0.000470338
-1.91955 0.000138568
0.79369 9.06427e-06
1.94084 3.44632e-07
-0.116323 4.40338e-05
0.474146 1.94999e-05
1.66982 5.16392e-07
0.780055 9.42018e-06
1.04213 4.13563e-06
0.746978 1.03205e-05
-0.75472 7.10475e-05
-3.26465 0.000314781
-0.204095 4.77058e-05
0.915982 6.27494e-06
-2.155 0.000158822
1.23023 2.12186e-06
3.24126 1.78959e-05
-2.76431 0.000229392
-3.08947 0.000281405
2.27286 4.58255e-07
-1.09888 8.71728e-05
3.43541 3.42332e-05
3.55378 4.80919e-05
-1.25195 9.5096e-05
3.73981 7.58022e-05
-3.24655 0.000311139
0.970077 5.26956e-06
-1.61889 0.000116845
-3.58805 0.000388302
-0.481879 5.93101e-05
-1.53933 0.000111741
-1.87637 0.000135185
0.495998 1.86688e-05
1.0257 4.37438e-06
-3.18549 0.000299189
1.71106 4.70226e-07
-1.5381 0.000111663
-3.53477 0.000375016
2.79952 2.94128e-06
-2.85777 0.000243141
0.123329 3.39185e-05
-0.359819 5.4199e-05
-1.48686 0.000108502
-3.16932 0.000296108
1.32414 1.51383e-06
2.23703 4.26138e-07
-0.657713 6.68026e-05
-0.82204 7.40568e-05
-3.39068 0.000341469
0.39068 2.27802e-05
2.28272 4.6828e-07
-1.68132 0.000121025
-2.36978 0.000180357
-2.70324 0.000220885
-1.63226 0.000117727
-3.21245 0.000304401
-2.96575 0.000260197
-1.3792 0.000102149
2.95625 5.76318e-06
3.85824 9.69011e-05
-2.41114 0.000184885
-2.54569 0.000200555
-2.36975 0.000180355
-1.69589 0.000122023
-1.71005 0.000123002
-2.43232 0.000187255
1.45165 9.73937e-07
-1.66918 0.0001202
1.20467 2.32695e-06
-0.289981 5.12873e-05
-2.6715 0.000216605
1.43084 1.04417e-06
2.79851 2.92851e-06
-0.294207 5.14635e-05
3.24057 1.78516e-05
0.909831 6.39798e-06
1.49689 8.40694e-07
3.09841 1.03707e-05
-1.9257 0.000139058
1.83484 3.79196e-07
1.23103 2.11579e-06
1.09064 3.49476e-06
-0.182868 4.68192e-05
3.15446 1.29267e-05
2.71819 2.08019e-06
0.531925 1.73323e-05
-2.13875 0.000157318
-3.2592 0.00031368
2.22639 4.17811e-07
-3.29745 0.000321502
-2.83335 0.000239461
-1.89663 0.000136761
-2.42663 0.000186615
-2.35531 0.000178805
-3.96643 0.000498292
-0.475207 5.90294e-05
-2.88998 0.000248093
-3.20963 0.000303852
3.2344 1.74552e-05
-3.63154 0.000399521
-0.561864 6.26926e-05
2.63625 1.48336e-06
-3.74519 0.000430498
1.308 1.60363e-06
3.61259 5.60896e-05
-1.7847 0.000128311
-1.60562 0.000115976
-2.77135 0.000230396
1.57783 6.58001e-07
3.11535 1.10935e-05
0.476583 1.94066e-05
-0.449519 5.79504e-05
-3.4112 0.000346041
-1.20544 9.26286e-05
0.918054 6.2339e-06
2.72356 2.12776e-06
-0.633794 6.577e-05
1.94365 3.44171e-07
1.90736 3.51861e-07
-2.3551 0.000178782
-2.26385 0.000169338
-1.35482 0.000100761
3.44307 3.50388e-05
2.74734 2.35312e-06
3.50416 4.19154e-05
0.079499 3.57754e-05
0.981201 5.07955e-06
-0.489706 5.96396e-05
-3.68638 0.000414164
-3.47224 0.000360042
-3.55794 0.000380732
3.14236 1.23343e-05
-3.76151 0.000435152
-1.57834 0.000114213
-3.67352 0.000410678
-0.814182 7.37026e-05
-3.13951 0.000290523
-2.80982 0.000235973
-1.30863 9.81805e-05
0.792992 9.08227e-06
-1.41937 0.000104475
2.65309 1.58813e-06
-1.26531 9.58153e-05
-2.57551 0.000204231
1.91507 3.49907e-07
-2.28859 0.00017184
-1.26022 9.55403e-05
1.71934 4.6204e-07
0.525434 1.75708e-05
-0.915323 7.83303e-05
-3.87088 0.000467734
-2.71304 0.000222225
1.73343 4.48883e-07
0.845183 7.80131e-06
-0.622682 6.5292e-05
2.17102 3.82351e-07
2.26989 4.55338e-07
-2.50102 0.000195188
-2.46633 0.000191135
2.73522 2.2352e-06
3.00816 7.17065e-06
-0.636181 6.58729e-05
-2.89606 0.000249041
-3.27913 0.000317729
-1.56811 0.00011356
-3.00602 0.000266898
-3.95842 0.000495655
-3.7736 0.000438633
0.587139 1.53591e-05
3.40193 3.08594e-05
0.598326 1.49725e-05
-2.64127 0.000212619
1.26896 1.84511e-06
2.82687 3.30845e-06
2.78416 2.75363e-06
-0.693513 6.83579e-05
-3.80775 0.000448624
-1.19982 9.23341e-05
0.186624 3.12402e-05
-0.414832 5.64972e-05
-1.10295 8.73767e-05
-1.74227 0.000125263
-0.100438 4.33674e-05
0.204089 3.05031e-05
0.13817 3.32899e-05
-3.55096 0.000379001
0.311183 2.6024e-05
-0.494729 5.98512e-05
0.509238 1.81718e-05
-0.606648 6.4604e-05
-3.49847 0.000366243
-3.57582 0.000385209
0.051082 3.69787e-05
-3.36746 0.000336371
2.99932 6.91046e-06
-2.07765 0.000151811
0.594509 1.51039e-05
1.03095 4.29692e-06
3.64814 6.12724e-05
0.341855 2.47616e-05
0.587452 1.53483e-05
-3.62798 0.000398591
-1.66795 0.000120116
-0.568294 6.29662e-05
-1.84351 0.000132674
-2.4981 0.000194842
0.310542 2.60505e-05
-0.203931 4.76989e-05
-1.84723 0.000132956
-0.230146 4.87929e-05
1.91287 3.50449e-07
-1.48561 0.000108426
-1.06778 8.56285e-05
-1.48446 0.000108356
2.34174 5.40653e-07
1.6834 5.00155e-07
2.62029 1.39144e-06
-0.646762 6.63292e-05
3.33646 2.49472e-05
0.630949 1.38721e-05
0.610876 1.45443e-05
0.002862 3.90176e-05
2.44533 7.34219e-07
-1.44821 0.000106178
2.0498 3.42964e-07
0.417918 2.16931e-05
1.6575 5.32057e-07
-1.68484 0.000121265
1.05253 3.99031e-06
-2.03971 0.000148504
-2.8558 0.000242841
2.19429 3.95724e-07
-1.59365 0.000115199
0.371943 2.3536e-05
-0.140665 4.50539e-05
-1.7322 0.000124552
-2.4931 0.000194253
-2.70656 0.000221337
-3.25061 0.000311953
0.24285 2.88723e-05
2.27904 4.64469e-07
3.07942 9.60889e-06
-1.67719 0.000120743
3.45038 3.58188e-05
0.832129 8.10929e-06
-0.339147 5.33367e-05
2.32871 5.22698e-07
3.762 7.95625e-05
2.5997 1.2827e-06
-3.79574 0.000445084
3.29495 2.16548e-05
-1.82109 0.000130992
0.713475 1.12846e-05
2.31774 5.08494e-07
-2.32439 0.000175537
1.84265 3.75436e-07
-0.63827 6.59629e-05
3.55392 4.81107e-05
2.35778 5.64447e-07
0.217656 2.99314e-05
1.88211 3.59502e-07
-0.040247 4.08362e-05
-3.72217 0.000424024
-0.804171 7.32524e-05
3.33877 2.51402e-05
-3.57682 0.000385461
2.89698 4.47423e-06
3.87285 9.96729e-05
3.33386 2.47306e-05
-2.43328 0.000187364
-0.713762 6.92432e-05
0.74644 1.03355e-05
2.80349 2.99183e-06
-0.06214 4.1758e-05
-2.42925 0.00018691
-1.91352 0.00013809
0.547937 1.67495e-05
2.2464 4.33909e-07
0.48351 1.91422e-05
-0.773006 7.18593e-05
1.24634 2.00197e-06
2.39859 6.34474e-07
0.778456 9.4625e-06
3.53002 4.50693e-05
2.70571 1.97397e-06
2.07822 3.48056e-07
-1.74708 0.000125605
-2.22863 0.000165849
-1.9057 0.000137472
3.62454 5.78037e-05
-3.87055 0.000467631
0.698204 1.1741e-05
0.909436 6.40594e-06
3.95706 0.000116336
-1.45294 0.000106459
3.50857 4.24426e-05
0.42961 2.12311e-05
2.29722 4.84024e-07
2.91179 4.7676e-06
-2.99727 0.000265426
-0.598964 6.4275e-05
2.43696 7.14645e-07
0.856644 7.53775e-06
0.156448 3.25161e-05
1.70854 4.72793e-07
2.30416 4.92002e-07
-2.43902 0.000188012
0.866061 7.32598e-06
-2.21918 0.000164927
-0.425097 5.69269e-05
-0.820814 7.40015e-05
3.6155 5.65041e-05
-0.519877 6.09126e-05
-1.91729 0.000138389
2.12876 3.63184e-07
-1.18486 9.15539e-05
-3.77376 0.000438677
3.77454 8.17276e-05
-2.0122 0.000146158
0.562565 1.62244e-05
-3.89507 0.000475279
2.96376 5.94976e-06
3.75182 7.78263e-05
-0.424841 5.69162e-05
-0.28933 5.12602e-05
-0.370048 5.46259e-05
3.19995 1.53683e-05
2.04461 3.42289e-07
-1.52619 0.00011092
0.515542 1.7937e-05
1.12055 3.14498e-06
1.1633 2.70028e-06
-2.7779 0.000231334
0.769411 9.70421e-06
-3.85385 0.000462496
-3.92752 0.000485604
0.726608 1.09005e-05
2.8873 4.2919e-06
1.94781 3.43532e-07
0.98248 5.05806e-06
3.98195 0.000121475
1.69911 4.82658e-07
2.53879 1.01686e-06
-0.78538 7.2411e-05
-2.02903 0.000147589
0.153101 3.26578e-05
3.43767 3.44698e-05
0.915122 6.29204e-06
-1.33624 9.97158e-05
-3.35307 0.000333256
0.440816 2.07911e-05
-0.809158 7.34765e-05
-0.998951 8.22806e-05
0.655571 1.30697e-05
3.75418 7.82268e-05
-0.583118 6.3598e-05
3.61199 5.60042e-05
1.40616 1.13567e-06
3.23453 1.74633e-05
-3.53391 0.000374806
-1.98372 0.000143775
2.34963 5.52118e-07
-3.50994 0.000368991
2.61041 1.33793e-06
-3.93927 0.0004894
-1.8207 0.000130963
-2.40969 0.000184725
0.844155 7.82526e-06
1.34012 1.43024e-06
-0.853734 7.54944e-05
-3.86448 0.000465758
-1.6209 0.000116977
2.35249 5.56395e-07
3.42175 3.2828e-05
0.435362 2.10049e-05
-0.938533 7.94146e-05
-2.8612 0.000243663
-1.74374 0.000125368
-1.45302 0.000106464
-2.53917 0.000199761
-0.843079 7.50095e-05
2.68562 1.81543e-06
2.9225 4.99133e-06
-2.61919 0.000209758
-3.85993 0.000464359
0.533946 1.72582e-05
-3.58418 0.000387322
-2.45827 0.000190207
-2.31044 0.000174085
0.46342 1.99124e-05
1.39886 1.16455e-06
3.18509 1.45327e-05
-0.648047 6.63847e-05
-0.179024 4.66585e-05
1.73712 4.45596e-07
-1.65007 0.000118913
-1.0694 8.57088e-05
1.03186 4.28359e-06
3.37466 2.82875e-05
1.57107 6.7091e-07
-3.2185 0.000305585
1.29005 1.71029e-06
3.27842 2.04384e-05
3.74927 7.73946e-05
3.84363 9.41643e-05
0.295564 2.66712e-05
0.491955 1.88216e-05
-1.05685 8.50907e-05
-2.84646 0.000241428
2.78866 2.80729e-06
3.04849 8.47245e-06
2.83312 3.39876e-06
-1.40559 0.000103672
-3.36915 0.00033674
-3.5066 0.000368188
-2.39292 0.000182875
0.629415 1.39229e-05
3.18288 1.44114e-05
3.76605 8.02586e-05
2.01807 3.40025e-07
2.76955 2.58679e-06
-3.27053 0.000315975
2.19098 3.93686e-07
-2.63627 0.000211966
2.52574 9.69346e-07
-2.29894 0.000172899
3.32852 2.42903e-05
-3.8623 0.000465086
-3.40463 0.000344571
0.442324 2.07321e-05
-2.56525 0.000202958
0.102846 3.47863e-05
-3.96683 0.000498426
0.277621 2.74177e-05
-3.7192 0.000423196
-1.46364 0.000107099
-0.843468 7.50272e-05
-3.37672 0.000338395
-3.91839 0.000482675
1.39678 1.17292e-06
-2.06489 0.000150689
-3.10321 0.000283877
-1.71601 0.000123417
2.16285 3.78147e-07
1.61488 5.93741e-07
1.97286 3.40704e-07
-2.03593 0.00014818
1.09426 3.45068e-06
1.32651 1.50111e-06
-2.06366 0.000150582
-2.41585 0.000185409
-0.335751 5.31951e-05
3.42815 3.34811e-05
-1.11797 8.81311e-05
3.85893 9.70314e-05
0.914124 6.31192e-06
-0.667424 6.72233e-05
-2.48864 0.00019373
1.48107 8.84451e-07
-1.52039 0.00011056
-0.431283 5.7186e-05
-3.72407 0.000424554
-2.54387 0.000200333
-2.96092 0.000259406
-0.172452 4.63838e-05
-0.182024 4.67839e-05
1.79696 4.00495e-07
-1.06628 8.55546e-05
-1.25764 9.54014e-05
-2.54237 0.000200149
-1.67261 0.000120432
-0.290537 5.13105e-05
-0.846564 7.5168e-05
0.477135 1.93854e-05
3.34528 2.56917e-05
-0.669112 6.72965e-05
0.607022 1.46751e-05
2.95188 5.65724e-06
1.89505 3.55347e-07
-0.183043 4.68265e-05
2.83878 3.48261e-06
2.87833 4.12952e-06
3.39944 3.06182e-05
-3.95137 0.00049334
3.99151 0.000123476
0.348853 2.44754e-05
-1.59922 0.00011556
2.49837 8.78846e-07
-2.68263 0.000218095
-2.47663 0.000192328
2.16155 3.775e-07
2.63149 1.45522e-06
-1.88568 0.000135907
-2.85208 0.000242278
-1.12566 8.85195e-05
-0.270605 5.04798e-05
0.647056 1.33444e-05
0.370095 2.36109e-05
-3.76881 0.000437249
-0.115279 4.39901e-05
0.802305 8.84401e-06
0.601354 1.48686e-05
-3.89768 0.000476103
1.91831 3.49139e-07
0.228434 2.94778e-05
-1.82382 0.000131196
3.07416 9.40665e-06
0.968085 5.30418e-06
-0.290501 5.1309e-05
0.558138 1.63826e-05
-3.40312 0.000344232
0.499785 1.85262e-05
1.52363 7.73142e-07
0.842828 7.85626e-06
-3.5088 0.000368717
-0.510414 6.05128e-05
-3.46418 0.000358157
3.30766 2.26262e-05
3.56456 4.95035e-05
-2.4714 0.000191721
3.77505 8.18172e-05
0.758565 9.99918e-06
1.08677 3.54251e-06
0.599217 1.49419e-05
2.24584 4.33436e-07
-3.57649 0.000385378
-1.12506 8.84893e-05
-1.72661 0.000124159
-1.27588 9.63877e-05
-0.857036 7.5645e-05
1.7378 4.44993e-07
-0.917286 7.84217e-05
-0.712478 6.91869e-05
-3.39282 0.000341941
-3.97055 0.000499657
-1.18957 9.17988e-05
0.330028 2.5247e-05
3.3904 2.97534e-05
-3.93758 0.000488852
0.455305 2.02264e-05
-1.18902 9.17701e-05
-3.46813 0.000359078
-3.86987 0.000467422
0.61735 1.43258e-05
1.4885 8.63519e-07
3.41382 3.20297e-05
-2.11127 0.000154814
-2.94454 0.000256743
0.887241 6.86539e-06
2.6862 1.81978e-06
-1.15168 8.98433e-05
-3.83311 0.000456199
1.75054 4.34149e-07
-1.01156 8.28872e-05
-0.276477 5.07245e-05
3.13864 1.21569e-05
1.72696 4.54813e-07
-3.78205 0.000441083
-3.60654 0.000393031
-2.47932 0.000192641
2.04115 3.4188e-07
-1.90443 0.000137373
-1.77892 0.000127892
-3.02894 0.000270798
-0.100812 4.33831e-05
0.777855 9.47844e-06
-1.51816 0.000110422
3.92293 0.000109446
-1.62186 0.00011704
2.26629 4.51873e-07
2.65186 1.5802e-06
1.92341 3.47992e-07
1.55015 7.13407e-07
1.36332 1.31783e-06
0.305323 2.62665e-05
-3.60574 0.000392825
-1.40919 0.000103881
2.92528 5.05094e-06
2.37132 5.86123e-07
2.56462 1.12022e-06
0.621947 1.41716e-05
2.16219 3.77817e-07
-2.4999 0.000195055
-0.67462 6.75356e-05
-1.96124 0.000141926
-3.26553 0.00031496
-2.71139 0.000221999
-0.244368 4.9386e-05
-1.92866 0.000139294
-0.603534 6.44706e-05
0.115465 3.42517e-05
1.07087 3.74467e-06
2.33059 5.2521e-07
3.93689 0.00011224
3.33532 2.48519e-05
-3.25688 0.000313213
-3.91152 0.000480486
-2.8339 0.000239542
-2.41747 0.00018559
-2.45707 0.000190069
1.04269 4.12766e-06
1.70034 4.81348e-07
0.934285 5.91945e-06
-3.74675 0.000430942
-0.684334 6.79579e-05
2.29272 4.79003e-07
2.68302 1.79595e-06
-1.19487 9.20751e-05
-3.56202 0.000381751
-3.5388 0.000376004
2.46829 7.92262e-07
0.585418 1.5419e-05
-0.93389 7.9197e-05
-1.83663 0.000132155
-1.48204 0.000108209
-1.33384 9.95812e-05
-0.815377 7.37564e-05
3.26815 1.97093e-05
-1.25119 9.50549e-05
-1.29396 9.73738e-05
-3.45734 0.000356569
1.5743 6.64704e-07
-3.52351 0.000372271
3.27357 2.00918e-05
-0.92516 7.87888e-05
-3.87409 0.000468729
0.484825 1.90921e-05
-3.65775 0.00040645
1.05656 3.93517e-06
2.57466 1.16397e-06
-2.79543 0.000233869
-1.29247 9.72923e-05
-1.25639 9.53347e-05
-2.66098 0.000215208
-1.24852 9.4912e-05
1.07568 3.68241e-06
3.24621 1.82196e-05
3.31029 2.28313e-05
-1.42624 0.000104878
1.57457 6.64182e-07
-1.61258 0.000116431
1.85557 3.69665e-07
-3.54109 0.000376566
2.43622 7.12945e-07
3.2959 2.17261e-05
3.86748 9.86502e-05
2.64994 1.56787e-06
0.601351 1.48687e-05
3.48306 3.94497e-05
0.610949 1.45418e-05
-1.17905 9.12527e-05
2.99573 6.80732e-06
-1.84541 0.000132819
-0.883324 7.68496e-05
-2.33792 0.000176957
-2.77161 0.000230432
-0.493667 5.98065e-05
-1.12839 8.86575e-05
2.82389 3.26633e-06
-3.53819 0.000375854
-0.245396 4.94289e-05
2.55626 1.08535e-06
2.971 6.13474e-06
1.20383 2.33395e-06
-2.3492 0.000178153
-2.42118 0.000186005
1.69525 4.86836e-07
-3.22842 0.000307537
-3.76956 0.000437465
1.15629 2.76897e-06
1.03809 4.19323e-06
-2.82282 0.000237893
-0.453433 5.81146e-05
1.69236 4.90011e-07
-3.62751 0.000398468
-1.81462 0.00013051
0.137496 3.33185e-05
1.20226 2.34728e-06
-3.60591 0.000392871
2.29305 4.79374e-07
0.978998 5.11673e-06
-0.465635 5.8627e-05
-2.0282 0.000147518
2.38055 6.01755e-07
-0.329201 5.2922e-05
-2.86116 0.000243657
1.6078 6.05218e-07
-1.21505 9.31339e-05
2.60749 1.32258e-06
1.13299 3.00899e-06
-2.74319 0.000226408
0.545165 1.68498e-05
-3.11621 0.000286238
-0.586367 6.37367e-05
-1.74512 0.000125466
-2.43104 0.000187111
3.6842 6.67925e-05
-0.433781 5.72906e-05
-2.89262 0.000248504
-1.5282 0.000111045
-3.09295 0.00028203
1.32092 1.53128e-06
0.886568 6.87969e-06
0.837578 7.97973e-06
2.77284 2.62334e-06
-0.69443 6.83979e-05
3.98833 0.000122808
-3.34873 0.000332322
-3.83294 0.000456148
-3.15458 0.000293332
-0.001555 3.92042e-05
-0.346616 5.36482e-05
-2.53265 0.00019897
-0.440123 5.75564e-05
2.41817 6.73484e-07
-2.63363 0.000211623
1.60496 6.09909e-07
1.50601 8.16777e-07
-0.000831 3.91736e-05
-1.45716 0.000106711
-0.889273 7.71237e-05
-3.38097 0.000339328
0.437888 2.09058e-05
-1.21433 9.30958e-05
0.89528 6.69624e-06
-3.80048 0.000446477
0.179236 3.15524e-05
3.09002 1.00279e-05
-1.48627 0.000108466
-2.80229 0.00023487
2.07969 3.48383e-07
0.057194 3.67199e-05
3.66469 6.3774e-05
2.04445 3.42268e-07
-1.32027 9.88252e-05
2.53037 9.85858e-07
2.67365 1.72775e-06
2.77917 2.69548e-06
2.83572 3.43703e-06
1.40223 1.1511e-06
1.71077 4.70519e-07
-1.77528 0.000127628
3.46107 3.6981e-05
3.34445 2.56207e-05
-1.50696 0.000109731
-3.04103 0.000272881
0.12685 3.37694e-05
-0.790946 7.26597e-05
0.220754 2.98009e-05
2.83344 3.40353e-06
2.27175 4.57161e-07
1.85168 3.71342e-07
3.49847 4.12414e-05
-0.2113 4.80065e-05
2.77142 2.60745e-06
0.126682 3.37765e-05
-0.009746 3.955e-05
-3.28334 0.000318591
3.61713 5.67375e-05
-0.195883 4.73629e-05
3.55931 4.88135e-05
-2.88022 0.000246581
-0.546051 6.2021e-05
-1.84137 0.000132513
2.64205 1.51847e-06
2.31709 5.07678e-07
-3.27188 0.000316248
-1.01984 8.32867e-05
1.60643 6.07466e-07
0.947162 5.6788e-06
-1.80604 0.000129876
2.75663 2.44803e-06
-1.1552 9.00233e-05
-2.48212 0.000192967
-1.47 0.000107482
-1.22165 9.34819e-05
1.35099 1.37633e-06
0.753128 1.01491e-05
0.814644 8.5348e-06
-2.08555 0.00015251
3.53184 4.52962e-05
0.486356 1.90339e-05
3.6111 5.58778e-05
-3.18892 0.000299846
-1.99685 0.000144869
-2.149 0.000158265
0.411689 2.19404e-05
0.261565 2.80882e-05
2.11988 3.59936e-07
-2.48222 0.000192979
-2.80839 0.000235764
0.498362 1.85797e-05
-0.009138 3.95243e-05
2.7289 2.17624e-06
1.82197 3.85852e-07
0.156952 3.24948e-05
-0.272215 5.05469e-05
1.87908 3.60549e-07
-0.9077 7.79761e-05
1.66157 5.26772e-07
1.6786 5.05766e-07
3.39352 3.00494e-05
1.09234 3.47402e-06
1.78283 4.09808e-07
-2.60468 0.000207904
3.65264 6.19472e-05
2.70328 1.95403e-06
2.11721 3.59011e-07
3.08612 9.87184e-06
0.713836 1.12739e-05
3.94835 0.000114558
2.23842 4.27267e-07
-0.698102 6.85581e-05
2.57999 1.18807e-06
0.952742 5.57691e-06
2.27065 4.5608e-07
-3.39283 0.000341944
-1.2351 9.41954e-05
3.26301 1.93522e-05
-2.36632 0.000179985
2.98533 6.51667e-06
3.90561 0.000106019
3.27571 2.02442e-05
0.709864 1.13915e-05
0.728305 1.08514e-05
-1.82844 0.000131541
3.52555 4.45136e-05
0.183036 3.13918e-05
-3.43942 0.00035244
1.22066 2.19644e-06
3.5828 5.19483e-05
-3.2008 0.000302136
-3.25241 0.000312314
0.452219 2.03463e-05
-3.68983 0.000415104
2.29919 4.86264e-07
2.9385 5.34414e-06
2.30673 4.95037e-07
3.22897 1.71119e-05
-3.72686 0.000425336
0.493353 1.87687e-05
-0.637422 6.59263e-05
-1.25525 9.52731e-05
-0.313167 5.22537e-05
3.0446 8.3381e-06
1.97958 3.40244e-07
0.982239 5.0621e-06
3.83 9.16434e-05
-2.95703 0.000258772
-0.760599 7.13081e-05
2.97967 6.3631e-06
1.43637 1.02491e-06
2.03778 3.41515e-07
-2.0671 0.000150883
-2.00751 0.000145763
2.72573 2.14735e-06
2.44156 7.25312e-07
-3.65575 0.000405915
-3.34352 0.000331204
3.11773 1.11985e-05
-1.4709 0.000107536
1.58207 6.50105e-07
1.76018 4.26421e-07
1.36767 1.29791e-06
-3.5792 0.000386061
3.20726 1.57936e-05
-1.62327 0.000117133
2.87407 4.05448e-06
0.800507 8.88969e-06
3.90789 0.000106467
-2.8949 0.000248859
2.90823 4.69549e-06
-1.88239 0.000135651
3.97084 0.000119169
-3.82934 0.000455067
-3.48446 0.000362917
2.02361 3.40333e-07
0.300352 2.64725e-05
-3.86487 0.000465877
1.83873 3.77297e-07
-3.20704 0.000303349
0.733476 1.07028e-05
-3.03404 0.000271674
-0.38698 5.53329e-05
2.47839 8.19946e-07
2.40237 6.4171e-07
-0.785007 7.23943e-05
-0.41692 5.65846e-05
1.55056 7.1254e-07
-1.10654 8.75568e-05
3.05656 8.75707e-06
0.591907 1.51938e-05
-1.22798 9.38175e-05
-3.04648 0.000273825
2.93498 5.2646e-06
-0.908429 7.80099e-05
2.05567 3.43823e-07
3.49262 4.05544e-05
3.57133 5.04033e-05
-3.17417 0.00029703
-3.94248 0.000490443
3.63385 5.91586e-05
-0.920268 7.85606e-05
2.43461 7.09272e-07
0.253822 2.84123e-05
2.5601 1.10121e-06
-3.05714 0.000275683
1.73039 4.5164e-07
3.2526 1.86444e-05
-0.09245 4.3032e-05
-3.40303 0.000344212
3.39646 3.03309e-05
1.08956 3.50803e-06
1.45611 9.59637e-07
-3.6238 0.000397501
-1.14303 8.94013e-05
3.25835 1.90329e-05
0.866752 7.31061e-06
2.56626 1.12725e-06
-0.930989 7.90612e-05
2.22521 4.16917e-07
-3.78435 0.000441752
2.31759 5.08308e-07
2.98641 6.54641e-06
2.17801 3.86143e-07
-1.92473 0.00013898
2.16775 3.80636e-07
-3.55448 0.000379872
-1.24038 9.44771e-05
-2.10772 0.000154493
-2.07673 0.00015173
-3.77718 0.00043967
-2.46429 0.000190899
-2.58765 0.000205751
1.65091 5.40819e-07
-1.98563 0.000143934
2.9469 5.5388e-06
3.90185 0.000105282
-0.471836 5.88876e-05
3.08726 9.91745e-06
1.49525 8.4509e-07
3.91641 0.000108148
-1.6967 0.000122079
-1.64721 0.000118721
-1.0848 8.64712e-05
-3.6337 0.000400089
2.11466 3.58147e-07
0.61159 1.45201e-05
-0.921183 7.86032e-05
1.62879 5.72258e-07
-2.58065 0.000204873
-0.279362 5.08448e-05
0.385443 2.29909e-05
-0.542673 6.18777e-05
3.78136 8.29185e-05
-0.567886 6.29488e-05
1.38574 1.21862e-06
0.437543 2.09193e-05
-3.73097 0.000426487
-1.34586 0.000100256
3.39006 2.9721e-05
3.74023 7.58729e-05
-2.78816 0.000232815
-0.116599 4.40454e-05
1.81125 3.91847e-07
-2.07888 0.00015192
-0.933334 7.91709e-05
-0.440363 5.75665e-05
1.99177 3.39729e-07
-2.48243 0.000193003
0.143356 3.30703e-05
-0.907992 7.79896e-05
3.26523 1.95063e-05
0.192152 3.10068e-05
