2.19503 0.403717
2.15354 0.403717
1.67382 0.403717
1.55555 0.403717
-3.96398 0.403717
-2.76322 0.403717
0.217907 0.403717
-3.31167 0.403717
1.80275 0.403717
2.01385 0.403717
3.2653 0.403717
-3.63546 0.403717
1.55976 0.403717
3.42571 0.403717
1.74465 0.325195
-3.09401 0.403717
2.19722 0.403717
1.65229 0.403717
1.20465 0.403717
0.560423 0.403717
1.32837 0.403717
-3.12682 0.403717
-0.07753 0.403717
-1.24551 0.403717
2.54638 0.403717
3.2003 0.403717
3.74648 0.403717
-1.60647 0.403717
-2.20945 0.403717
-3.46762 0.403717
1.42345 0.403717
3.95827 0.403717
-1.42812 0.403717
3.08132 0.403717
-3.83995 0.403717
0.148376 0.403717
1.80807 0.403717
3.32041 0.403717
1.16872 0.403717
-0.177142 0.403717
-3.98218 0.403717
2.10451 0.386986
-1.052 0.403717
1.98741 0.403717
-2.37543 0.403717
3.71197 0.403717
-3.95286 0.403717
-3.42144 0.403717
-0.880464 0.403717
2.55854 0.403717
-2.93486 0.403717
-3.20525 0.403717
2.83424 0.403717
0.33312 0.318646
-2.36586 0.403717
3.72425 0.403717
-1.9277 0.297339
0.30533 0.263084
-3.86282 0.403717
-3.98004 0.403717
-0.649359 0.403717
-2.44495 0.403717
3.91039 0.403717
1.3711 0.403717
3.50011 0.382252
3.87377 0.403717
-2.32054 0.403717
-1.47824 0.403717
-0.624606 0.403717
-1.91219 0.21755
1.9806 0.403717
2.58634 0.403717
-0.075591 0.403717
0.553494 0.403717
-2.68426 0.403717
2.41183 0.247871
-1.63304 0.403717
2.57408 0.403717
1.79224 0.403717
-1.26299 0.403717
2.23287 0.403717
