0.69134 -0.454618
-0.567792 -0.829547
2.75998 -0.138646
2.5047 0.00671904
2.22021 0.115582
-0.882034 -1.32255
-0.601486 -0.8642
0.270026 -0.540114
-3.10311 -4.91905
0.392048 -0.521986
1.39442 -0.112074
-3.08332 -5.04273
2.04626 0.134309
-0.176351 -0.613151
1.07973 -0.293394
-1.10484 -1.97602
-0.703682 -0.992903
2.33518 0.0817206
3.67312 -0.511802
-3.79598 -1.55995
1.11634 -0.273841
2.79111 -0.157243
-1.34603 -3.03618
-3.4041 -3.1461
0.964287 -0.35058
0.008751 -0.575628
-3.87927 -1.34567
-1.91955 -6.42881
0.79369 -0.420892
1.94084 0.125347
-0.116323 -0.598657
0.474146 -0.507392
1.66982 0.0382851
0.780055 -0.425746
1.04213 -0.3128
0.746978 -0.437055
-0.75472 -1.07232
-3.26465 -3.9287
-0.204095 -0.62088
0.915982 -0.372277
-2.155 -7.47449
1.23023 -0.209583
3.24126 -0.392004
-2.76431 -6.87824
-3.08947 -5.00432
2.27286 0.102035
-1.09888 -1.95453
3.43541 -0.458966
3.55378 -0.488902
-1.25195 -2.5788
3.73981 -0.521848
-3.24655 -4.03639
0.970077 -0.347887
-1.61889 -4.61191
-3.58805 -2.27968
-0.481879 -0.755904
-1.53933 -4.12425
-1.87637 -6.18686
0.495998 -0.503083
1.0257 -0.32105
-3.18549 -4.40714
1.71106 0.0566288
-1.5381 -4.11679
-3.53477 -2.50886
2.79952 -0.162262
-2.85777 -6.3955
0.123329 -0.559371
-0.359819 -0.68091
-1.48686 -3.81261
-3.16932 -4.50688
1.32414 -0.154047
2.23703 0.11163
-0.657713 -0.930329
-0.82204 -1.19475
-3.39068 -3.21721
0.39068 -0.52221
2.28272 0.0991205
-1.68132 -5.00141
-2.36978 -7.85025
-2.70324 -7.15259
-1.63226 -4.69506
-3.21245 -4.2422
-2.96575 -5.76903
-1.3792 -3.20992
2.95625 -0.253292
3.85824 -0.535646
-2.41114 -7.84734
-2.54569 -7.66769
-2.36975 -7.85024
-1.69589 -5.09249
-1.71005 -5.18088
-2.43232 -7.83621
1.45165 -0.0782782
-1.66918 -4.92552
1.20467 -0.224385
-0.289981 -0.650006
-2.6715 -7.28006
1.43084 -0.0904902
2.79851 -0.161658
-0.294207 -0.651673
3.24057 -0.391727
0.909831 -0.37494
1.49689 -0.0521476
3.09841 -0.328009
-1.9257 -6.4623
1.83484 0.101401
1.23103 -0.209121
1.09064 -0.287629
-0.182868 -0.614902
3.15446 -0.354562
2.71819 -0.113695
0.531925 -0.495561
-2.13875 -7.42106
-3.2592 -3.96101
2.22639 0.114171
-3.29745 -3.73664
-2.83335 -6.52799
-1.89663 -6.30179
-2.42663 -7.83984
-2.35531 -7.84539
-3.96643 -1.16162
-0.475207 -0.750981
-2.88998 -6.2149
-3.20963 -4.25936
3.2344 -0.389215
-3.63154 -2.10625
-0.561864 -0.823809
2.63625 -0.0654978
-3.74519 -1.71061
1.308 -0.163676
3.61259 -0.50103
-1.7847 -5.64265
-1.60562 -4.52962
-2.77135 -6.84435
1.57783 -0.00753384
3.11535 -0.336224
0.476583 -0.506921
-0.449519 -0.732991
-3.4112 -3.10891
-1.20544 -2.37309
0.918054 -0.371375
2.72356 -0.116894
-0.633794 -0.900866
1.94365 0.125783
1.90736 0.119346
-2.3551 -7.84529
-2.26385 -7.74479
-1.35482 -3.08163
3.44307 -0.461141
2.74734 -0.131088
3.50416 -0.47729
0.079499 -0.565277
0.981201 -0.34266
-0.489706 -0.761816
-3.68638 -1.90502
-3.47224 -2.80087
-3.55794 -2.40696
3.14236 -0.348983
-3.76151 -1.66048
-1.57834 -4.36154
-3.67352 -1.95049
-0.814182 -1.17936
-3.13951 -4.69185
-2.80982 -6.65167
-1.30863 -2.84793
0.792992 -0.421143
-1.41937 -3.42821
2.65309 -0.0752749
-1.26531 -2.64044
-2.57551 -7.59395
1.91507 0.120859
-2.28859 -7.78377
-1.26022 -2.61679
1.71934 0.0601226
0.525434 -0.496962
-0.915323 -1.40167
-3.87088 -1.36549
-2.71304 -7.11108
1.73343 0.0659135
0.845183 -0.401537
-0.622682 -0.88786
2.17102 0.125033
2.26989 0.102891
-2.50102 -7.75565
-2.46633 -7.80476
2.73522 -0.123849
3.00816 -0.281684
-0.636181 -0.903715
-2.89606 -6.18011
-3.27913 -3.8434
-1.56811 -4.29894
-3.00602 -5.52331
-3.95842 -1.17693
-3.7736 -1.62441
0.587139 -0.482851
3.40193 -0.449054
0.598326 -0.480095
-2.64127 -7.39091
1.26896 -0.186855
2.82687 -0.178524
2.78416 -0.153094
-0.693513 -0.978359
-3.80775 -1.52726
-1.19982 -2.34917
0.186624 -0.551129
-0.414832 -0.710984
-1.10295 -1.96918
-1.74227 -5.38141
-0.100438 -0.595261
0.204089 -0.548862
0.13817 -0.557421
-3.55096 -2.43729
0.311183 -0.534363
-0.494729 -0.765689
0.509238 -0.500376
-0.606648 -0.869826
-3.49847 -2.67541
-3.57582 -2.33066
0.051082 -0.569283
-3.36746 -3.34259
2.99932 -0.276928
-2.07765 -7.19246
0.594509 -0.481042
1.03095 -0.318431
3.64814 -0.507556
0.341855 -0.529861
0.587452 -0.482775
-3.62798 -2.11997
-1.66795 -4.91782
-0.568294 -0.830038
-1.84351 -5.99585
-2.4981 -7.76045
0.310542 -0.534455
-0.203931 -0.620833
-1.84723 -6.01778
-0.230146 -0.628829
1.91287 0.120434
-1.48561 -3.80528
-1.06778 -1.84622
-1.48446 -3.79857
2.34174 0.0793249
1.6834 0.044493
2.62029 -0.0563141
-0.646762 -0.916587
3.33646 -0.42773
0.630949 -0.47169
0.610876 -0.476927
0.002862 -0.576554
2.44533 0.035839
-1.44821 -3.58996
2.0498 0.134343
0.417918 -0.517638
1.6575 0.0325194
-1.68484 -5.02343
1.05253 -0.307505
-2.03971 -7.02999
-2.8558 -6.40636
2.19429 0.120957
-1.59365 -4.45568
0.371943 -0.525224
-0.140665 -0.604198
-1.7322 -5.31892
-2.4931 -7.76837
-2.70656 -7.13867
-3.25061 -4.01212
0.24285 -0.543771
2.27904 0.100224
3.07942 -0.318612
-1.67719 -4.9756
3.45038 -0.463184
0.832129 -0.406597
-0.339147 -0.670981
2.32871 0.0840321
3.762 -0.524804
2.5997 -0.0446115
-3.79574 -1.56063
3.29495 -0.412847
-1.82109 -5.86271
0.713475 -0.447847
2.31774 0.08785
-2.32439 -7.8248
1.84265 0.103647
-0.63827 -0.906225
3.55392 -0.488934
2.35778 0.0732856
0.217656 -0.547092
1.88211 0.113851
-0.040247 -0.583742
-3.72217 -1.78413
-0.804171 -1.16018
3.33877 -0.428525
-3.57682 -2.32646
2.89698 -0.219622
3.87285 -0.537036
3.33386 -0.426828
-2.43328 -7.83555
-0.713762 -1.00773
0.74644 -0.437234
2.80349 -0.164626
-0.06214 -0.587707
-2.42925 -7.83822
-1.91352 -6.3957
0.547937 -0.492024
2.2464 0.109276
0.48351 -0.505569
-0.773006 -1.1035
1.24634 -0.200169
2.39859 0.0567275
0.778456 -0.426308
3.53002 -0.483506
2.70571 -0.106269
2.07822 0.133984
-1.74708 -5.41123
-2.22863 -7.67461
-1.9057 -6.35243
3.62454 -0.50329
-3.87055 -1.36629
0.698204 -0.452549
0.909436 -0.37511
3.95706 -0.543917
-1.45294 -3.61682
3.50857 -0.478375
0.42961 -0.515601
2.29722 0.0946267
2.91179 -0.228141
-2.99727 -5.57707
-0.598964 -0.861483
2.43696 0.0397173
0.856644 -0.397008
0.156448 -0.555039
1.70854 0.0555496
2.30416 0.0923893
-2.43902 -7.83133
0.866061 -0.393226
-2.21918 -7.6529
-0.425097 -0.717235
-0.820814 -1.19233
3.6155 -0.501587
-0.519877 -0.786039
-1.91729 -6.41644
2.12876 0.130573
-1.18486 -2.2865
-3.77376 -1.62395
3.77454 -0.526395
-2.0122 -6.90326
0.562565 -0.488688
-3.89507 -1.30941
2.96376 -0.257472
3.75182 -0.523471
-0.424841 -0.717077
-0.28933 -0.649751
-0.370048 -0.686088
3.19995 -0.374756
2.04461 0.134287
-1.52619 -4.0453
0.515542 -0.499061
1.12055 -0.271554
1.1633 -0.247909
-2.7779 -6.81245
0.769411 -0.429457
-3.85385 -1.40692
-3.92752 -1.239
0.726608 -0.443695
2.8873 -0.214015
1.94781 0.126408
0.98248 -0.342054
3.98195 -0.545617
1.69911 0.0514712
2.53879 -0.0111153
-0.78538 -1.12547
-2.02903 -6.98167
0.153101 -0.555474
3.43767 -0.459612
0.915122 -0.372651
-1.33624 -2.98613
-3.35307 -3.42163
0.440816 -0.513604
-0.809158 -1.16967
-0.998951 -1.62818
0.655571 -0.464972
3.75418 -0.523783
-0.583118 -0.844873
3.61199 -0.500915
1.40616 -0.105094
3.23453 -0.389267
-3.53391 -2.51269
-1.98372 -6.76479
2.34963 0.0763872
-3.50994 -2.62187
2.61041 -0.0506768
-3.93927 -1.21484
-1.8207 -5.86041
-2.40969 -7.84786
0.844155 -0.401939
1.34012 -0.144496
-0.853734 -1.25996
-3.86448 -1.38088
-1.6209 -4.62442
2.35249 0.0753046
3.42175 -0.455002
0.435362 -0.514582
-0.938533 -1.46047
-2.8612 -6.37657
-1.74374 -5.39053
-1.45302 -3.61727
-2.53917 -7.68223
-0.843079 -1.23748
2.68562 -0.09437
2.9225 -0.234264
-2.61919 -7.46508
-3.85993 -1.39194
0.533946 -0.495121
-3.58418 -2.2957
-2.45827 -7.81372
-2.31044 -7.81099
0.46342 -0.509437
1.39886 -0.109434
3.18509 -0.368297
-0.648047 -0.918177
-0.179024 -0.613865
1.73712 0.0673964
-1.65007 -4.80614
-1.0694 -1.85173
1.03186 -0.317975
3.37466 -0.440487
1.57107 -0.0111271
-3.2185 -4.20544
1.29005 -0.174362
3.27842 -0.40662
3.74927 -0.523131
3.84363 -0.534193
0.295564 -0.53658
0.491955 -0.503895
-1.05685 -1.80962
-2.84646 -6.45738
2.78866 -0.155782
3.04849 -0.302896
2.83312 -0.182229
-1.40559 -3.35241
-3.36915 -3.33337
-3.5066 -2.6374
-2.39292 -7.85169
0.629415 -0.472097
3.18288 -0.367323
3.76605 -0.525324
2.01807 0.133414
2.76955 -0.144367
-3.27053 -3.89394
2.19098 0.121582
-2.63627 -7.40823
2.52574 -0.00420474
-2.29894 -7.79751
3.32852 -0.424964
-3.8623 -1.38618
-3.40463 -3.14331
0.442324 -0.513332
-2.56525 -7.62063
0.102846 -0.562098
-3.96683 -1.16086
0.277621 -0.539074
-3.7192 -1.79385
-1.46364 -3.67807
-0.843468 -1.23829
-3.37672 -3.29224
-3.91839 -1.25826
1.39678 -0.110669
-2.06489 -7.13947
-3.10321 -4.9184
-1.71601 -5.21809
2.16285 0.126292
1.61488 0.0116531
1.97286 0.129682
-2.03593 -7.01303
1.09426 -0.285707
1.32651 -0.152631
-2.06366 -7.13427
-2.41585 -7.84543
-0.335751 -0.669416
3.42815 -0.456872
-1.11797 -2.0241
3.85893 -0.535714
0.914124 -0.373084
-0.667424 -0.942881
-2.48864 -7.77513
1.48107 -0.0612115
-1.52039 -4.01064
-0.431283 -0.721107
-3.72407 -1.77794
-2.54387 -7.6718
-2.96092 -5.79816
-0.172452 -0.612121
-0.182024 -0.614673
1.79696 0.089484
-1.06628 -1.84116
-1.25764 -2.60488
-2.54237 -7.67517
-1.67261 -4.94698
-0.290537 -0.650224
-0.846564 -1.24477
0.477135 -0.506814
3.34528 -0.430755
-0.669112 -0.945098
0.607022 -0.477908
2.95188 -0.250851
1.89505 0.116768
-0.183043 -0.61495
2.83878 -0.185576
2.87833 -0.208801
3.39944 -0.448291
-3.95137 -1.19069
3.99151 -0.546234
0.348853 -0.528803
-1.59922 -4.49008
2.49837 0.00994408
-2.68263 -7.23662
-2.47663 -7.79196
2.16155 0.126485
2.63149 -0.0627498
-1.88568 -6.23998
-2.85208 -6.42671
-1.12566 -2.0528
-0.270605 -0.642666
0.647056 -0.467332
0.370095 -0.525515
-3.76881 -1.63861
-0.115279 -0.598428
0.802305 -0.417766
0.601354 -0.479338
-3.89768 -1.30352
1.91831 0.121471
0.228434 -0.545678
-1.82382 -5.87907
3.07416 -0.315974
0.968085 -0.348816
-0.290501 -0.65021
0.558138 -0.489708
-3.40312 -3.15129
0.499785 -0.502316
1.52363 -0.0370587
0.842828 -0.402457
-3.5088 -2.62715
-0.510414 -0.778191
-3.46418 -2.84029
3.30766 -0.417517
3.56456 -0.491255
-2.4714 -7.79864
3.77505 -0.526459
0.758565 -0.433168
1.08677 -0.289681
0.599217 -0.479872
2.24584 0.109419
-3.57649 -2.32784
-1.12506 -2.05056
-1.72661 -5.28412
-1.27588 -2.69
-0.857036 -1.26705
1.7378 0.0676701
-0.917286 -1.40652
-0.712478 -1.00582
-3.39282 -3.20585
-3.97055 -1.15385
-1.18957 -2.30606
0.330028 -0.531622
3.3904 -0.445488
-3.93758 -1.21827
0.455305 -0.510955
-1.18902 -2.30376
-3.46813 -2.82095
-3.86987 -1.36791
0.61735 -0.475261
1.4885 -0.05694
3.41382 -0.452649
-2.11127 -7.32354
-2.94454 -5.89633
0.887241 -0.384524
2.6862 -0.0947109
-1.15168 -2.15272
-3.83311 -1.45956
1.75054 0.0726809
-1.01156 -1.66594
-0.276477 -0.644839
3.13864 -0.347252
1.72696 0.0632757
-3.78205 -1.59972
-3.60654 -2.20444
-2.47932 -7.78837
2.04115 0.134229
-1.90443 -6.34539
-1.77892 -5.60733
-3.02894 -5.38167
-0.100812 -0.595339
0.777855 -0.426518
-1.51816 -3.9973
3.92293 -0.541349
-1.62186 -4.63037
2.26629 0.103912
2.65186 -0.0745586
1.92341 0.122406
1.55015 -0.0224187
1.36332 -0.130626
0.305323 -0.5352
-3.60574 -2.20765
-1.40919 -3.37209
2.92528 -0.235845
2.37132 0.0679728
2.56462 -0.0250883
0.621947 -0.474064
2.16219 0.126391
-2.4999 -7.75751
-0.67462 -0.952408
-1.96124 -6.65068
-3.26553 -3.92349
-2.71139 -7.11813
-0.244368 -0.633475
-1.92866 -6.47834
-0.603534 -0.866422
0.115465 -0.560412
1.07087 -0.298029
2.33059 0.0833656
3.93689 -0.542433
3.33532 -0.427334
-3.25688 -3.97477
-3.91152 -1.27302
-2.8339 -6.52507
-2.41747 -7.8447
-2.45707 -7.81497
1.04269 -0.312515
1.70034 0.0520068
0.934285 -0.364219
-3.74675 -1.70574
-0.684334 -0.965579
2.29272 0.0960484
2.68302 -0.0928339
-1.19487 -2.32826
-3.56202 -2.38933
-3.5388 -2.49089
2.46829 0.0248965
0.585418 -0.483269
-0.93389 -1.44846
-1.83663 -5.95523
-1.48204 -3.78448
-1.33384 -2.97392
-0.815377 -1.18168
3.26815 -0.402665
-1.25119 -2.5753
-1.29396 -2.77638
-3.45734 -2.87402
1.5743 -0.0094095
-3.52351 -2.55963
3.27357 -0.404761
-0.92516 -1.42622
-3.87409 -1.35786
0.484825 -0.50531
-3.65775 -2.00765
1.05656 -0.305437
2.57466 -0.0306146
-2.79543 -6.72518
-1.29247 -2.76919
-1.25639 -2.59917
-2.66098 -7.31982
-1.24852 -2.56314
1.07568 -0.295514
3.24621 -0.394001
3.31029 -0.418471
-1.42624 -3.46638
1.57457 -0.00926434
-1.61258 -4.57277
1.85557 0.1072
-3.54109 -2.48071
2.43622 0.040059
3.2959 -0.413198
3.86748 -0.536533
2.64994 -0.0734375
0.601351 -0.479338
3.48306 -0.47195
0.610949 -0.476908
-1.17905 -2.26257
2.99573 -0.274988
-1.84541 -6.00708
-0.883324 -1.32551
-2.33792 -7.83551
-2.77161 -6.84312
-0.493667 -0.764865
-1.12839 -2.06306
2.82389 -0.17676
-3.53819 -2.49361
-0.245396 -0.63382
2.55626 -0.0205248
2.971 -0.261477
1.20383 -0.224864
-2.3492 -7.84241
-2.42118 -7.84287
1.69525 0.0497762
-3.22842 -4.14538
-3.76956 -1.63638
1.15629 -0.251837
1.03809 -0.314839
-2.82282 -6.58386
-0.453433 -0.735636
1.69236 0.0485005
-3.62751 -2.1218
-1.81462 -5.82392
0.137496 -0.557509
1.20226 -0.225772
-3.60591 -2.20694
2.29305 0.095943
0.978998 -0.343701
-0.465635 -0.744101
-2.0282 -6.97786
2.38055 0.0642484
-0.329201 -0.666448
-2.86116 -6.37677
1.6078 0.00805404
-1.21505 -2.41446
2.60749 -0.0490173
1.13299 -0.264746
-2.74319 -6.97724
0.545165 -0.492645
-3.11621 -4.83715
-0.586367 -0.848214
-1.74512 -5.39909
-2.43104 -7.83706
3.6842 -0.513598
-0.433781 -0.722693
-2.89262 -6.19984
-1.5282 -4.05733
-3.09295 -4.98254
1.32092 -0.155967
0.886568 -0.384804
0.837578 -0.404497
2.77284 -0.146329
-0.69443 -0.979654
3.98833 -0.54603
-3.34873 -3.44569
-3.83294 -1.46
-3.15458 -4.59817
-0.001555 -0.577257
-0.346616 -0.674488
-2.53265 -7.6962
-0.440123 -0.726779
2.41817 0.0482136
-2.63363 -7.41726
1.60496 0.00660597
1.50601 -0.0469666
-0.000831 -0.577142
-1.45716 -3.64092
-0.889273 -1.33924
-3.38097 -3.26928
0.437888 -0.51413
-1.21433 -2.41133
0.89528 -0.381149
-3.80048 -1.54737
0.179236 -0.552085
3.09002 -0.323882
-1.48627 -3.80912
-2.80229 -6.69034
2.07969 0.133935
0.057194 -0.568407
3.66469 -0.5104
2.04445 0.134285
-1.32027 -2.90565
2.53037 -0.00664373
2.67365 -0.0873152
2.77917 -0.150117
2.83572 -0.183767
1.40223 -0.107428
1.71077 0.0565052
-1.77528 -5.58502
3.46107 -0.466118
3.34445 -0.430471
-1.50696 -3.93082
-3.04103 -5.3066
0.12685 -0.558906
-0.790946 -1.13558
0.220754 -0.546687
2.83344 -0.182422
2.27175 0.102356
1.85168 0.106153
3.49847 -0.475875
-0.2113 -0.623009
2.77142 -0.145479
0.126682 -0.558929
-0.009746 -0.57858
-3.28334 -3.81875
3.61713 -0.501897
-0.195883 -0.618517
3.55931 -0.490117
-2.88022 -6.27025
-0.546051 -0.809003
-1.84137 -5.98329
2.64205 -0.0688519
2.31709 0.088072
-3.27188 -3.88603
-1.01984 -1.69124
1.60643 0.0073583
0.947162 -0.35843
-1.80604 -5.77228
2.75663 -0.136642
-1.1552 -2.16655
-2.48212 -7.78452
-1.47 -3.7147
-1.22165 -2.44318
1.35099 -0.138001
0.753128 -0.435002
0.814644 -0.413211
-2.08555 -7.22437
3.53184 -0.483929
0.486356 -0.505008
3.6111 -0.500743
-3.18892 -4.38607
-1.99685 -6.82954
-2.149 -7.45515
0.411689 -0.518705
0.261565 -0.541262
2.11988 0.131428
-2.48222 -7.78438
-2.80839 -6.65902
0.498362 -0.502605
-0.009138 -0.578481
2.7289 -0.120076
1.82197 0.0975413
0.156952 -0.554974
-0.272215 -0.643257
1.87908 0.113137
-0.9077 -1.38302
1.66157 0.0344413
1.6786 0.0423197
3.39352 -0.446459
1.09234 -0.286728
1.78283 0.0846199
-2.60468 -7.51056
3.65264 -0.508342
2.70328 -0.104829
2.11721 0.131664
3.08612 -0.321949
0.713836 -0.447734
3.94835 -0.543288
2.23842 0.111287
-0.698102 -0.984872
2.57999 -0.03357
0.952742 -0.355891
2.27065 0.102673
-3.39283 -3.20577
-1.2351 -2.50265
3.26301 -0.400662
-2.36632 -7.84937
2.98533 -0.269339
3.90561 -0.539933
3.27571 -0.405583
0.709864 -0.448971
0.728305 -0.443151
-1.82844 -5.90659
3.52555 -0.482457
0.183036 -0.551593
-3.43942 -2.96376
1.22066 -0.215144
3.5828 -0.495102
-3.2008 -4.31327
-3.25241 -4.00138
0.452219 -0.511526
-3.68983 -1.89301
2.29919 0.0939958
2.9385 -0.243334
2.30673 0.0915455
3.22897 -0.386983
-3.72686 -1.76887
0.493353 -0.503615
-0.637422 -0.905205
-1.25525 -2.59391
-0.313167 -0.659457
3.0446 -0.300882
1.97958 0.130414
0.982239 -0.342168
3.83 -0.532777
-2.95703 -5.82153
-0.760599 -1.08218
2.97967 -0.26624
1.43637 -0.0872339
2.03778 0.134156
-2.0671 -7.14879
-2.00751 -6.88096
2.72573 -0.118189
2.44156 0.0375913
-3.65575 -2.01503
-3.34352 -3.47472
3.11773 -0.337366
-1.4709 -3.71989
1.58207 -0.00529609
1.76018 0.0763613
1.36767 -0.128031
-3.5792 -2.31647
3.20726 -0.377885
-1.62327 -4.63912
2.87407 -0.206316
0.800507 -0.418422
3.90789 -0.540124
-2.8949 -6.18678
2.90823 -0.226101
-1.88239 -6.22124
3.97084 -0.544875
-3.82934 -1.46937
-3.48446 -2.74188
2.02361 0.133677
0.300352 -0.535906
-3.86487 -1.37994
1.83873 0.102529
-3.20704 -4.27511
0.733476 -0.441484
-3.03404 -5.35006
-0.38698 -0.695063
2.47839 0.0199485
2.40237 0.0551122
-0.785007 -1.12479
-0.41692 -0.712238
1.55056 -0.0221962
-1.10654 -1.98219
3.05656 -0.307047
0.591907 -0.481684
-1.22798 -2.47105
-3.04648 -5.27271
2.93498 -0.241348
-0.908429 -1.38479
2.05567 0.134361
3.49262 -0.474399
3.57133 -0.492703
-3.17417 -4.47686
-3.94248 -1.20836
3.63385 -0.505004
-0.920268 -1.41394
2.43461 0.0407997
0.253822 -0.542305
2.5601 -0.0226192
-3.05714 -5.20628
1.73039 0.0646814
3.2526 -0.396557
-0.09245 -0.593614
-3.40303 -3.15177
3.39646 -0.447371
1.08956 -0.288203
1.45611 -0.0756714
-3.6238 -2.13619
-1.14303 -2.119
3.25835 -0.398833
0.866752 -0.392947
2.56626 -0.0259904
-0.930989 -1.44102
2.22521 0.114445
-3.78435 -1.59308
2.31759 0.0879006
2.98641 -0.269929
2.17801 0.123885
-1.92473 -6.45702
2.16775 0.125548
-3.55448 -2.42196
-1.24038 -2.52634
-2.10772 -7.3103
-2.07673 -7.18869
-3.77718 -1.61389
-2.46429 -7.80711
-2.58765 -7.56056
1.65091 0.0293838
-1.98563 -6.77429
2.9469 -0.248062
3.90185 -0.539616
-0.471836 -0.748534
3.08726 -0.322517
1.49525 -0.0530819
3.91641 -0.540824
-1.6967 -5.09752
-1.64721 -4.78826
-1.0848 -1.90473
-3.6337 -2.09793
2.11466 0.13188
0.61159 -0.476744
-0.921183 -1.41623
1.62879 0.0186154
-2.58065 -7.58004
-0.279362 -0.645923
0.385443 -0.523063
-0.542673 -0.805933
3.78136 -0.527237
-0.567886 -0.829639
1.38574 -0.117245
0.437543 -0.514192
-3.73097 -1.75563
-1.34586 -3.03532
3.39006 -0.445381
3.74023 -0.521906
-2.78816 -6.76166
-0.116599 -0.598717
1.81125 0.094176
-2.07888 -7.19749
-0.933334 -1.44703
-0.440363 -0.726935
1.99177 0.131586
-2.48243 -7.7841
0.143356 -0.556743
-0.907992 -1.38372
3.26523 -0.401532
0.192152 -0.550412
