0.69134 -0.404987
-0.567792 -2.24617
2.75998 0.185595
2.5047 0.0373774
2.22021 -0.07911
-0.882034 -3.11247
-0.601486 -2.33234
0.270026 -0.735436
-3.10311 -5.80496
0.392048 -0.614774
1.39442 -0.221142
-3.08332 -5.87382
2.04626 -0.127999
-0.176351 -1.38586
1.07973 -0.268876
-1.10484 -3.79208
-0.703682 -2.60423
2.33518 -0.0378681
3.67312 1.06085
-3.79598 -1.94336
1.11634 -0.261413
2.79111 0.20663
-1.34603 -4.5512
-3.4041 -4.46445
0.964287 -0.297366
0.008751 -1.07413
-3.87927 -1.30777
-1.91955 -6.16378
0.79369 -0.35685
1.94084 -0.15072
-0.116323 -1.27803
0.474146 -0.545762
1.66982 -0.191527
0.780055 -0.362673
1.04213 -0.277279
0.746978 -0.377532
-0.75472 -2.74559
-3.26465 -5.15335
-0.204095 -1.4379
0.915982 -0.311883
-2.155 -6.60734
1.23023 -0.242016
3.24126 0.582769
-2.76431 -6.65769
-3.08947 -5.8527
2.27286 -0.0611586
-1.09888 -3.77344
3.43541 0.784638
3.55378 0.918394
-1.25195 -4.2549
3.73981 1.14356
-3.24655 -5.23424
0.970077 -0.295737
-1.61889 -5.38056
-3.58805 -3.38354
-0.481879 -2.03471
-1.53933 -5.14629
-1.87637 -6.06396
0.495998 -0.528946
1.0257 -0.281204
-3.18549 -5.49249
1.71106 -0.186533
-1.5381 -5.14258
-3.53477 -3.71611
2.79952 0.212428
-2.85777 -6.49099
0.123329 -0.911485
-0.359819 -1.75569
-1.48686 -4.98771
-3.16932 -5.5571
1.32414 -0.22934
2.23703 -0.0735423
-0.657713 -2.48003
-0.82204 -2.9372
-3.39068 -4.53575
0.39068 -0.616004
2.28272 -0.0576228
-1.68132 -5.55802
-2.36978 -6.8297
-2.70324 -6.73931
-1.63226 -5.41909
-3.21245 -5.38127
-2.96575 -6.23392
-1.3792 -4.65509
2.95625 0.329115
3.85824 1.29559
-2.41114 -6.84907
-2.54569 -6.85409
-2.36975 -6.82969
-1.69589 -5.5985
-1.71005 -5.63746
-2.43232 -6.85582
1.45165 -0.214957
-1.66918 -5.52402
1.20467 -0.245928
-0.289981 -1.6078
-2.6715 -6.77339
1.43084 -0.21717
2.79851 0.211727
-0.294207 -1.6165
3.24057 0.5821
0.909831 -0.313854
1.49689 -0.210224
3.09841 0.449073
-1.9257 -6.17758
1.83484 -0.169229
1.23103 -0.241898
1.09064 -0.266579
-0.182868 -1.39796
3.15446 0.499985
2.71819 0.15837
0.531925 -0.502658
-2.13875 -6.58286
-3.2592 -5.17792
2.22639 -0.0770808
-3.29745 -5.00172
-2.83335 -6.53949
-1.89663 -6.11143
-2.42663 -6.85422
-2.35531 -6.82104
-3.96643 -0.610501
-0.475207 -2.0188
-2.88998 -6.42161
-3.20963 -5.3931
3.2344 0.57606
-3.63154 -3.10068
-0.561864 -2.23119
2.63625 0.108378
-3.74519 -2.31511
1.308 -0.231356
3.61259 0.987675
-1.7847 -5.83648
-1.60562 -5.34206
-2.77135 -6.6469
1.57783 -0.201758
3.11535 0.464249
0.476583 -0.543855
-0.449519 -1.95824
-3.4112 -4.42635
-1.20544 -4.10814
0.918054 -0.311225
2.72356 0.161802
-0.633794 -2.41662
1.94365 -0.150174
1.90736 -0.156996
-2.3551 -6.82091
-2.26385 -6.74449
-1.35482 -4.57879
3.44307 0.793058
2.74734 0.177234
3.50416 0.861381
0.079499 -0.971029
0.981201 -0.29267
-0.489706 -2.05347
-3.68638 -2.72978
-3.47224 -4.08634
-3.55794 -3.57342
3.14236 0.488824
-3.76151 -2.19699
-1.57834 -5.26217
-3.67352 -2.8182
-0.814182 -2.91455
-3.13951 -5.672
-2.80982 -6.58291
-1.30863 -4.43363
0.792992 -0.357144
-1.41937 -4.78011
2.65309 0.118288
-1.26531 -4.29706
-2.57551 -6.84266
1.91507 -0.155588
-2.28859 -6.76882
-1.26022 -4.28098
1.71934 -0.185491
0.525434 -0.507284
-0.915323 -3.21137
-3.87088 -1.37321
-2.71304 -6.72764
1.73343 -0.183685
0.845183 -0.33638
-0.622682 -2.38745
2.17102 -0.0945043
2.26989 -0.0622137
-2.50102 -6.86255
-2.46633 -6.86209
2.73522 0.169321
3.00816 0.371379
-0.636181 -2.42291
-2.89606 -6.40782
-3.27913 -5.08721
-1.56811 -5.23197
-3.00602 -6.12005
-3.95842 -0.675831
-3.7736 -2.10869
0.587139 -0.465436
3.40193 0.748233
0.598326 -0.458348
-2.64127 -6.80063
1.26896 -0.236494
2.82687 0.231601
2.78416 0.201876
-0.693513 -2.5765
-3.80775 -1.85549
-1.19982 -4.09041
0.186624 -0.83121
-0.414832 -1.87826
-1.10295 -3.78617
-1.74227 -5.72475
-0.100438 -1.25059
0.204089 -0.810225
0.13817 -0.892061
-3.55096 -3.6167
0.311183 -0.692222
-0.494729 -2.06556
0.509238 -0.519063
-0.606648 -2.3457
-3.49847 -3.93373
-3.57582 -3.46125
0.051082 -1.0114
-3.36746 -4.65665
2.99932 0.364051
-2.07765 -6.48217
0.594509 -0.46075
1.03095 -0.279933
3.64814 1.03042
0.341855 -0.661702
0.587452 -0.465236
-3.62798 -3.12419
-1.66795 -5.52055
-0.568294 -2.24744
-1.84351 -5.98474
-2.4981 -6.86275
0.310542 -0.692875
-0.203931 -1.43759
-1.84723 -5.99386
-0.230146 -1.48803
1.91287 -0.155993
-1.48561 -4.98388
-1.06778 -3.67661
-1.48446 -4.98038
2.34174 -0.03528
1.6834 -0.189916
2.62029 0.0991573
-0.646762 -2.45089
3.33646 0.678944
0.630949 -0.438518
0.610876 -0.450572
0.002862 -1.08311
2.44533 0.00898979
-1.44821 -4.86926
2.0498 -0.127152
0.417918 -0.592011
1.6575 -0.192961
-1.68484 -5.56784
1.05253 -0.274876
-2.03971 -6.41304
-2.8558 -6.49505
2.19429 -0.087382
-1.59365 -5.30713
0.371943 -0.633128
-0.140665 -1.32098
-1.7322 -5.6977
-2.4931 -6.86298
-2.70656 -6.73542
-3.25061 -5.21625
0.24285 -0.76542
2.27904 -0.058951
3.07942 0.432282
-1.67719 -5.54648
3.45038 0.801118
0.832129 -0.341348
-0.339147 -1.71101
2.32871 -0.0403899
3.762 1.17156
2.5997 0.0875166
-3.79574 -1.94514
3.29495 0.636336
-1.82109 -5.92917
0.713475 -0.393683
2.31774 -0.0446134
-2.32439 -6.79932
1.84265 -0.167995
-0.63827 -2.42842
3.55392 0.918562
2.35778 -0.0288558
0.217656 -0.794267
1.88211 -0.161458
-0.040247 -1.15069
-3.72217 -2.47951
-0.804171 -2.88579
3.33877 0.681339
-3.57682 -3.45492
2.89698 0.283056
3.87285 1.31477
3.33386 0.676243
-2.43328 -6.85608
-0.713762 -2.63187
0.74644 -0.377782
2.80349 0.215178
-0.06214 -1.18628
-2.42925 -6.85498
-1.91352 -6.15014
0.547937 -0.491474
2.2464 -0.070376
0.48351 -0.538478
-0.773006 -2.79707
1.24634 -0.239663
2.39859 -0.0118006
0.778456 -0.363367
3.53002 0.890934
2.70571 0.150463
2.07822 -0.12014
-1.74708 -5.73761
-2.22863 -6.70536
-1.9057 -6.13231
3.62454 1.00198
-3.87055 -1.3758
0.698204 -0.401427
0.909436 -0.313982
3.95706 1.42708
-1.45294 -4.8838
3.50857 0.866391
0.42961 -0.582034
2.29722 -0.0523235
2.91179 0.294342
-2.99727 -6.14563
-0.598964 -2.32583
2.43696 0.00517001
0.856644 -0.332138
0.156448 -0.868648
1.70854 -0.186848
2.30416 -0.0497441
-2.43902 -6.85751
0.866061 -0.328734
-2.21918 -6.69399
-0.425097 -1.90171
-0.820814 -2.93366
3.6155 0.99115
-0.519877 -2.12674
-1.91729 -6.15868
2.12876 -0.106714
-1.18486 -4.04325
-3.77376 -2.10755
3.77454 1.18748
-2.0122 -6.35992
0.562565 -0.481537
-3.89507 -1.18379
2.96376 0.335124
3.75182 1.15869
-0.424841 -1.90113
-0.28933 -1.60646
-0.370048 -1.77808
3.19995 0.542779
2.04461 -0.12839
-1.52619 -5.10684
0.515542 -0.514438
1.12055 -0.260597
1.1633 -0.252772
-2.7779 -6.63662
0.769411 -0.367339
-3.85385 -1.50509
-3.92752 -0.925687
0.726608 -0.387216
2.8873 0.275754
1.94781 -0.149361
0.98248 -0.292323
3.98195 1.46082
1.69911 -0.188012
2.53879 0.0546941
-0.78538 -2.83215
-2.02903 -6.39272
0.153101 -0.872894
3.43767 0.787122
0.915122 -0.312157
-1.33624 -4.52049
-3.35307 -4.72992
0.440816 -0.572651
-0.809158 -2.9001
-0.998951 -3.46437
0.655571 -0.42436
3.75418 1.16167
-0.583118 -2.28514
3.61199 0.986957
1.40616 -0.219846
3.23453 0.576185
-3.53391 -3.72133
-1.98372 -6.30238
2.34963 -0.0321382
-3.50994 -3.86575
2.61041 0.0935357
-3.93927 -0.831143
-1.8207 -5.9282
-2.40969 -6.84853
0.844155 -0.336766
1.34012 -0.227398
-0.853734 -3.02929
-3.86448 -1.42294
-1.6209 -5.38638
2.35249 -0.0309887
3.42175 0.76971
0.435362 -0.577196
-0.938533 -3.28097
-2.8612 -6.4839
-1.74374 -5.72868
-1.45302 -4.88405
-2.53917 -6.85597
-0.843079 -2.9982
2.68562 0.137962
2.9225 0.3026
-2.61919 -6.81736
-3.85993 -1.45815
0.533946 -0.501228
-3.58418 -3.40819
-2.45827 -6.86112
-2.31044 -6.78811
0.46342 -0.55425
1.39886 -0.22065
3.18509 0.528657
-0.648047 -2.4543
-0.179024 -1.39082
1.73712 -0.183205
-1.65007 -5.46999
-1.0694 -3.68166
1.03186 -0.279715
3.37466 0.719061
1.57107 -0.202475
-3.2185 -5.3557
1.29005 -0.233671
3.27842 0.619653
3.74927 1.15547
3.84363 1.2765
0.295564 -0.708313
0.491955 -0.532009
-1.05685 -3.64271
-2.84646 -6.51389
2.78866 0.204951
3.04849 0.405438
2.83312 0.236055
-1.40559 -4.73734
-3.36915 -4.64796
-3.5066 -3.88564
-2.39292 -6.84153
0.629415 -0.439423
3.18288 0.526564
3.76605 1.1767
2.01807 -0.134542
2.76955 0.191993
-3.27053 -5.12663
2.19098 -0.0884153
-2.63627 -6.80466
2.52574 0.0479795
-2.29894 -6.77822
3.32852 0.67071
-3.8623 -1.43985
-3.40463 -4.46162
0.442324 -0.571401
-2.56525 -6.84712
0.102846 -0.938904
-3.96683 -0.607197
0.277621 -0.727264
-3.7192 -2.50051
-1.46364 -4.9167
-0.843468 -2.99934
-3.37672 -4.6088
-3.91839 -0.99875
1.39678 -0.22088
-2.06489 -6.45946
-3.10321 -5.8046
-1.71601 -5.65376
2.16285 -0.0969368
1.61488 -0.197756
1.97286 -0.144311
-2.03593 -6.4059
1.09426 -0.265832
1.32651 -0.229049
-2.06366 -6.45725
-2.41585 -6.85075
-0.335751 -1.70375
3.42815 0.776687
-1.11797 -3.83312
3.85893 1.2965
0.914124 -0.312475
-0.667424 -2.50601
-2.48864 -6.86308
1.48107 -0.211872
-1.52039 -5.08937
-0.431283 -1.91594
-3.72407 -2.46604
-2.54387 -6.85464
-2.96092 -6.24691
-0.172452 -1.37866
-0.182024 -1.39639
1.79696 -0.174954
-1.06628 -3.67196
-1.25764 -4.27283
-2.54237 -6.85508
-1.67261 -5.53366
-0.290537 -1.60894
-0.846564 -3.00836
0.477135 -0.543424
3.34528 0.68813
-0.669112 -2.51054
0.607022 -0.45294
2.95188 0.325639
1.89505 -0.159201
-0.183043 -1.39829
2.83878 0.240108
2.87833 0.269048
3.39944 0.745553
-3.95137 -0.733225
3.99151 1.47385
0.348853 -0.654936
-1.59922 -5.32342
2.49837 0.0342471
-2.68263 -6.76208
-2.47663 -6.86286
2.16155 -0.0973213
2.63149 0.10561
-1.88568 -6.08591
-2.85208 -6.5026
-1.12566 -3.85721
-0.270605 -1.56831
0.647056 -0.429179
0.370095 -0.634844
-3.76881 -2.14379
-0.115279 -1.27622
0.802305 -0.35326
0.601354 -0.456455
-3.89768 -1.16313
1.91831 -0.15499
0.228434 -0.781802
-1.82382 -5.93601
3.07416 0.427672
0.968085 -0.296295
-0.290501 -1.60887
0.558138 -0.484516
-3.40312 -4.46973
0.499785 -0.526096
1.52363 -0.207446
0.842828 -0.337265
-3.5088 -3.87254
-0.510414 -2.1036
-3.46418 -4.13248
3.30766 0.649271
3.56456 0.930959
-2.4714 -6.86254
3.77505 1.18814
0.758565 -0.372206
1.08677 -0.267387
0.599217 -0.45779
2.24584 -0.0705654
-3.57649 -3.457
-1.12506 -3.85534
-1.72661 -5.68258
-1.27588 -4.33041
-0.857036 -3.03895
1.7378 -0.183115
-0.917286 -3.21724
-0.712478 -2.62834
-3.39282 -4.52449
-3.97055 -0.576754
-1.18957 -4.05808
0.330028 -0.673302
3.3904 0.735852
-3.93758 -0.844767
0.455305 -0.560776
-1.18902 -4.05635
-3.46813 -4.10995
-3.86987 -1.38106
0.61735 -0.446634
1.4885 -0.211097
3.41382 0.761083
-2.11127 -6.53925
-2.94454 -6.28994
0.887241 -0.321344
2.6862 0.138317
-1.15168 -3.93886
-3.83311 -1.66395
1.75054 -0.181431
-1.01156 -3.50302
-0.276477 -1.5802
3.13864 0.485415
1.72696 -0.18452
-3.78205 -2.04655
-3.60654 -3.26451
-2.47932 -6.86297
2.04115 -0.12921
-1.90443 -6.12941
-1.77892 -5.82149
-3.02894 -6.05084
-0.100812 -1.25123
0.777855 -0.363628
-1.51816 -5.08263
3.92293 1.38122
-1.62186 -5.38915
2.26629 -0.0634829
2.65186 0.117558
1.92341 -0.154041
1.55015 -0.20468
1.36332 -0.224666
0.305323 -0.698215
-3.60574 -3.2697
-1.40919 -4.74851
2.92528 0.304753
2.37132 -0.0233057
2.56462 0.068316
0.621947 -0.443866
2.16219 -0.0971327
-2.4999 -6.86263
-0.67462 -2.52536
-1.96124 -6.25522
-3.26553 -5.14937
-2.71139 -6.72964
-0.244368 -1.51591
-1.92866 -6.18418
-0.603534 -2.33763
0.115465 -0.921927
1.07087 -0.270786
2.33059 -0.0396602
3.93689 1.39991
3.33532 0.677757
-3.25688 -5.18831
-3.91152 -1.05344
-2.8339 -6.53844
-2.41747 -6.85131
-2.45707 -6.86095
1.04269 -0.277148
1.70034 -0.187862
0.934285 -0.306184
-3.74675 -2.30385
-0.684334 -2.55159
2.29272 -0.0539819
2.68302 0.136362
-1.19487 -4.07479
-3.56202 -3.54793
-3.5388 -3.6915
2.46829 0.0197026
0.585418 -0.46654
-0.93389 -3.26701
-1.83663 -5.96782
-1.48204 -4.973
-1.33384 -4.51293
-0.815377 -2.91799
3.26815 0.609372
-1.25119 -4.25248
-1.29396 -4.38742
-3.45734 -4.17131
1.5743 -0.202133
-3.52351 -3.7844
3.27357 0.614793
-0.92516 -3.24081
-3.87409 -1.3482
0.484825 -0.537465
-3.65775 -2.92535
1.05656 -0.273961
2.57466 0.0737275
-2.79543 -6.60786
-1.29247 -4.38273
-1.25639 -4.26892
-2.66098 -6.78344
-1.24852 -4.24406
1.07568 -0.269742
3.24621 0.587634
3.31029 0.651961
-1.42624 -4.8014
1.57457 -0.202104
-1.61258 -5.36229
1.85557 -0.165912
-3.54109 -3.67747
2.43622 0.00483277
3.2959 0.637297
3.86748 1.30771
2.64994 0.116418
0.601351 -0.456457
3.48306 0.83755
0.610949 -0.450528
-1.17905 -4.02496
2.99573 0.361091
-1.84541 -5.98941
-0.883324 -3.11628
-2.33792 -6.80935
-2.77161 -6.64651
-0.493667 -2.063
-1.12839 -3.86575
2.82389 0.22949
-3.53819 -3.69525
-0.245396 -1.51794
2.55626 0.0638586
2.971 0.340946
1.20383 -0.246059
-2.3492 -6.81709
-2.42118 -6.85254
1.69525 -0.188485
-3.22842 -5.31329
-3.76956 -2.13832
1.15629 -0.254
1.03809 -0.278229
-2.82282 -6.55932
-0.453433 -1.9674
1.69236 -0.188836
-3.62751 -3.1273
-1.81462 -5.91291
0.137496 -0.892936
1.20226 -0.246309
-3.60591 -3.26855
2.29305 -0.0538585
0.978998 -0.293271
-0.465635 -1.9961
-2.0282 -6.39112
2.38055 -0.0194624
-0.329201 -1.68979
-2.86116 -6.48397
1.6078 -0.198531
-1.21505 -4.13845
2.60749 0.0918858
1.13299 -0.258234
-2.74319 -6.68833
0.545165 -0.493387
-3.11621 -5.75802
-0.586367 -2.29345
-1.74512 -5.73238
-2.43104 -6.85548
3.6842 1.07445
-0.433781 -1.9217
-2.89262 -6.41566
-1.5282 -5.11288
-3.09295 -5.84061
1.32092 -0.229737
0.886568 -0.321574
0.837578 -0.339257
2.77284 0.194202
-0.69443 -2.57899
3.98833 1.4695
-3.34873 -4.75179
-3.83294 -1.66523
-3.15458 -5.61459
-0.001555 -1.08988
-0.346616 -1.72707
-2.53265 -6.85763
-0.440123 -1.93637
2.41817 -0.00325531
-2.63363 -6.80673
1.60496 -0.19884
1.50601 -0.209277
-0.000831 -1.08877
-1.45716 -4.89679
-0.889273 -3.13388
-3.38097 -4.58668
0.437888 -0.575086
-1.21433 -4.13617
0.89528 -0.318633
-3.80048 -1.90986
0.179236 -0.840237
3.09002 0.441626
-1.48627 -4.98589
-2.80229 -6.59611
2.07969 -0.119768
0.057194 -1.0026
3.66469 1.05055
2.04445 -0.12843
-1.32027 -4.47028
2.53037 0.0503482
2.67365 0.13064
2.77917 0.198488
2.83572 0.237915
1.40223 -0.220278
1.71077 -0.186569
-1.77528 -5.812
3.46107 0.812967
3.34445 0.687261
-1.50696 -5.04879
-3.04103 -6.01305
0.12685 -0.906843
-0.790946 -2.848
0.220754 -0.790665
2.83344 0.236288
2.27175 -0.0615528
1.85168 -0.166544
3.49847 0.854934
-0.2113 -1.45164
2.77142 0.193245
0.126682 -0.907064
-0.009746 -1.10254
-3.28334 -5.06775
3.61713 0.993102
-0.195883 -1.42235
3.55931 0.924836
-2.88022 -6.44328
-0.546051 -2.19152
-1.84137 -5.97951
2.64205 0.111766
2.31709 -0.0448614
-3.27188 -5.12051
-1.01984 -3.52844
1.60643 -0.19868
0.947162 -0.302321
-1.80604 -5.89121
2.75663 0.183368
-1.1552 -3.9499
-2.48212 -6.86305
-1.47 -4.9362
-1.22165 -4.15925
1.35099 -0.226107
0.753128 -0.374689
0.814644 -0.348236
-2.08555 -6.49594
3.53184 0.893024
0.486356 -0.536288
3.6111 0.985895
-3.18892 -5.47859
-1.99685 -6.32924
-2.149 -6.59842
0.411689 -0.597405
0.261565 -0.744646
2.11988 -0.109165
-2.48222 -6.86305
-2.80839 -6.58543
0.498362 -0.527164
-0.009138 -1.10159
2.7289 0.165233
1.82197 -0.171221
0.156952 -0.86801
-0.272215 -1.57156
1.87908 -0.161978
-0.9077 -3.18863
1.66157 -0.192489
1.6786 -0.190488
3.39352 0.739189
1.09234 -0.266228
1.78283 -0.176984
-2.60468 -6.8269
3.65264 1.03588
2.70328 0.148939
2.11721 -0.109893
3.08612 0.438177
0.713836 -0.393503
3.94835 1.41532
2.23842 -0.0730747
-0.698102 -2.589
2.57999 0.0766284
0.952742 -0.300684
2.27065 -0.0619441
-3.39283 -4.52442
-1.2351 -4.2017
3.26301 0.604254
-2.36632 -6.82772
2.98533 0.352572
3.90561 1.35812
3.27571 0.616936
0.709864 -0.395492
0.728305 -0.386394
-1.82844 -5.94752
3.52555 0.885797
0.183036 -0.835582
-3.43942 -4.27181
1.22066 -0.243453
3.5828 0.95236
-3.2008 -5.42988
-3.25241 -5.20825
0.452219 -0.563281
-3.68983 -2.70593
2.29919 -0.0515925
2.9385 0.315074
2.30673 -0.0487804
3.22897 0.570762
-3.72686 -2.44619
0.493353 -0.530947
-0.637422 -2.42618
-1.25525 -4.2653
-0.313167 -1.65594
3.0446 0.402102
1.97958 -0.142915
0.982239 -0.292388
3.83 1.25876
-2.95703 -6.25726
-0.760599 -2.76209
2.97967 0.347958
1.43637 -0.216579
2.03778 -0.130005
-2.0671 -6.46345
-2.00751 -6.35063
2.72573 0.163196
2.44156 0.00726563
-3.65575 -2.93889
-3.34352 -4.77793
3.11773 0.466397
-1.4709 -4.93895
1.58207 -0.201306
1.76018 -0.180131
1.36767 -0.224165
-3.5792 -3.43984
3.20726 0.549779
-1.62327 -5.39321
2.87407 0.26588
0.800507 -0.354004
3.90789 1.36115
-2.8949 -6.41047
2.90823 0.291618
-1.88239 -6.07817
3.97084 1.44573
-3.82934 -1.69257
-3.48446 -4.01572
2.02361 -0.133284
0.300352 -0.703341
-3.86487 -1.41994
1.83873 -0.168617
-3.20704 -5.40391
0.733476 -0.383905
-3.03404 -6.03502
-0.38698 -1.81555
2.47839 0.0245239
2.40237 -0.0101699
-0.785007 -2.83109
-0.41692 -1.88302
1.55056 -0.204637
-1.10654 -3.7974
3.05656 0.412385
0.591907 -0.462397
-1.22798 -4.17925
-3.04648 -5.99573
2.93498 0.312317
-0.908429 -3.1908
2.05567 -0.125734
3.49262 0.848311
3.57133 0.938887
-3.17417 -5.53786
-3.94248 -0.80521
3.63385 1.01317
-0.920268 -3.22616
2.43461 0.00410136
0.253822 -0.753174
2.5601 0.0659031
-3.05714 -5.96132
1.73039 -0.184078
3.2526 0.593939
-0.09245 -1.23696
-3.40303 -4.47021
3.39646 0.742346
1.08956 -0.266804
1.45611 -0.214486
-3.6238 -3.15171
-1.14303 -3.91168
3.25835 0.599628
0.866752 -0.328487
2.56626 0.0691982
-0.930989 -3.2583
2.22521 -0.0774707
-3.78435 -2.02959
2.31759 -0.0446699
2.98641 0.353456
2.17801 -0.0923971
-1.92473 -6.1754
2.16775 -0.0954836
-3.55448 -3.59492
-1.24038 -4.21839
-2.10772 -6.53342
-2.07673 -6.48055
-3.77718 -2.08238
-2.46429 -6.86188
-2.58765 -6.83665
1.65091 -0.193719
-1.98563 -6.30632
2.9469 0.321694
3.90185 1.35312
-0.471836 -2.01079
3.08726 0.439189
1.49525 -0.210395
3.91641 1.3725
-1.6967 -5.60072
-1.64721 -5.46183
-1.0848 -3.72955
-3.6337 -3.08632
2.11466 -0.110587
0.61159 -0.450136
-0.921183 -3.2289
1.62879 -0.196216
-2.58065 -6.84021
-0.279362 -1.58607
0.385443 -0.620739
-0.542673 -2.1831
3.78136 1.19618
-0.567886 -2.2464
1.38574 -0.222112
0.437543 -0.575373
-3.73097 -2.41696
-1.34586 -4.55068
3.39006 0.735486
3.74023 1.14409
-2.78816 -6.62
-0.116599 -1.27852
1.81125 -0.172843
-2.07888 -6.48434
-0.933334 -3.26534
-0.440363 -1.93693
1.99177 -0.140331
-2.48243 -6.86306
0.143356 -0.885362
-0.907992 -3.1895
3.26523 0.606469
0.192152 -0.824514
