0.69134 -0.218743
-0.567792 -2.46486
2.75998 -0.10851
2.5047 -0.122334
2.22021 -0.065166
-0.882034 -3.28267
-0.601486 -2.54968
0.270026 -0.736047
-3.10311 -5.73072
0.392048 -0.559859
1.39442 0.103437
-3.08332 -5.78746
2.04626 -0.013955
-0.176351 -1.55468
1.07973 0.035784
-1.10484 -3.88327
-0.703682 -2.81175
2.33518 -0.094242
3.67312 1.155
-3.79598 -1.92707
1.11634 0.049538
2.79111 -0.100505
-1.34603 -4.52711
-3.4041 -4.54131
0.964287 -0.01869
0.008751 -1.18342
-3.87927 -1.19122
-1.91955 -5.85606
0.79369 -0.131609
1.94084 0.01751
-0.116323 -1.42964
0.474146 -0.453384
1.66982 0.083399
0.780055 -0.142364
1.04213 0.019918
0.746978 -0.169539
-0.75472 -2.945
-3.26465 -5.17147
-0.204095 -1.61392
0.915982 -0.046654
-2.155 -6.23398
1.23023 0.082023
3.24126 0.243004
-2.76431 -6.38722
-3.08947 -5.77011
2.27286 -0.07921
-1.09888 -3.86716
3.43541 0.565877
3.55378 0.829929
-1.25195 -4.27844
3.73981 1.3647
-3.24655 -5.24294
0.970077 -0.015546
-1.61889 -5.2117
-3.58805 -3.47906
-0.481879 -2.25262
-1.53933 -5.01945
-1.87637 -5.77318
0.495998 -0.42669
1.0257 0.012423
-3.18549 -5.46735
1.71106 0.075619
-1.5381 -5.0164
-3.53477 -3.81524
2.79952 -0.098063
-2.85777 -6.26945
0.123329 -0.975737
-0.359819 -1.96232
-1.48686 -4.88895
-3.16932 -5.52257
1.32414 0.097734
2.23703 -0.069766
-0.657713 -2.69303
-0.82204 -3.12273
-3.39068 -4.60826
0.39068 -0.561716
2.28272 -0.081715
-1.68132 -5.35712
-2.36978 -6.44516
-2.70324 -6.44065
-1.63226 -5.24327
-3.21245 -5.37141
-2.96575 -6.07535
-1.3792 -4.61365
2.95625 -0.028467
3.85824 1.79105
-2.41114 -6.46837
-2.54569 -6.49955
-2.36975 -6.44515
-1.69589 -5.3903
-1.71005 -5.42223
-2.43232 -6.47786
1.45165 0.104527
-1.66918 -5.32926
1.20467 0.076051
-0.289981 -1.80283
-2.6715 -6.46144
1.43084 0.104485
2.79851 -0.098363
-0.294207 -1.81233
3.24057 0.242087
0.909831 -0.050439
1.49689 0.103276
3.09841 0.080506
-1.9257 -5.86755
1.83484 0.04687
1.23103 0.082196
1.09064 0.040059
-0.182868 -1.56852
3.15446 0.137429
2.71819 -0.116812
0.531925 -0.384304
-2.13875 -6.21238
-3.2592 -5.19323
2.22639 -0.066868
-3.29745 -5.03602
-2.83335 -6.30457
-1.89663 -5.81253
-2.42663 -6.47547
-2.35531 -6.43562
-3.96643 -0.346544
-0.475207 -2.2364
-2.88998 -6.21826
-3.20963 -5.38168
3.2344 0.233857
-3.63154 -3.18662
-0.561864 -2.45002
2.63625 -0.125653
-3.74519 -2.34281
1.308 0.095711
3.61259 0.982349
-1.7847 -5.58557
-1.60562 -5.18014
-2.77135 -6.37989
1.57783 0.096755
3.11535 0.096826
0.476583 -0.450373
-0.449519 -2.1743
-3.4112 -4.50536
-1.20544 -4.15412
0.918054 -0.045391
2.72356 -0.115897
-0.633794 -2.63178
1.94365 0.016692
1.90736 0.027127
-2.3551 -6.43548
-2.26385 -6.35906
-1.35482 -4.55012
3.44307 0.581328
2.74734 -0.11131
3.50416 0.712517
0.079499 -1.05311
0.981201 -0.00963
-0.489706 -2.2717
-3.68638 -2.79404
-3.47224 -4.17974
-3.55794 -3.67202
3.14236 0.124422
-3.76151 -2.21186
-1.57834 -5.11461
-3.67352 -2.88857
-0.814182 -3.10188
-3.13951 -5.61979
-2.80982 -6.33547
-1.30863 -4.42879
0.792992 -0.132154
-1.41937 -4.71742
2.65309 -0.124589
-1.26531 -4.31401
-2.57551 -6.49668
1.91507 0.024937
-2.28859 -6.38246
-1.26022 -4.30045
1.71934 0.073937
0.525434 -0.391823
-0.915323 -3.37191
-3.87088 -1.26846
-2.71304 -6.43329
1.73343 0.070988
0.845183 -0.09333
-0.622682 -2.60346
2.17102 -0.051225
2.26989 -0.078446
-2.50102 -6.49703
-2.46633 -6.48961
2.73522 -0.113757
3.00816 0.00579
-0.636181 -2.63788
-2.89606 -6.20797
-3.27913 -5.11263
-1.56811 -5.08983
-3.00602 -5.98605
-3.95842 -0.427388
-3.7736 -2.11328
0.587139 -0.322811
3.40193 0.500897
0.598326 -0.310888
-2.64127 -6.47694
1.26896 0.089667
2.82687 -0.089272
2.78416 -0.102433
-0.693513 -2.78538
-3.80775 -1.82723
-1.19982 -4.13904
0.186624 -0.868643
-0.414832 -2.09142
-1.10295 -3.87816
-1.74227 -5.49381
-0.100438 -1.39728
0.204089 -0.840068
0.13817 -0.950132
-3.55096 -3.71563
0.311183 -0.67424
-0.494729 -2.28397
0.509238 -0.410851
-0.606648 -2.56275
-3.49847 -4.03074
-3.57582 -3.55835
0.051082 -1.10465
-3.36746 -4.72089
2.99932 -0.000478
-2.07765 -6.12484
0.594509 -0.314936
1.03095 0.014854
3.64814 1.08175
0.341855 -0.62975
0.587452 -0.322474
-3.62798 -3.21116
-1.66795 -5.32642
-0.568294 -2.46611
-1.84351 -5.70768
-2.4981 -6.49658
0.310542 -0.675184
-0.203931 -1.61357
-1.84723 -5.71521
-0.230146 -1.67035
1.91287 0.025565
-1.48561 -4.8858
-1.06778 -3.78313
-1.48446 -4.88291
2.34174 -0.095707
1.6834 0.08095
2.62029 -0.126324
-0.646762 -2.66494
3.33646 0.385397
0.630949 -0.277154
0.610876 -0.297729
0.002862 -1.19457
2.44533 -0.115053
-1.44821 -4.79119
2.0498 -0.015026
0.417918 -0.525256
1.6575 0.08552
-1.68484 -5.36517
1.05253 0.024485
-2.03971 -6.06566
-2.8558 -6.2724
2.19429 -0.057904
-1.59365 -5.15149
0.371943 -0.587419
-0.140665 -1.47983
-1.7322 -5.47162
-2.4931 -6.49575
-2.70656 -6.43821
-3.25061 -5.22709
0.24285 -0.778177
2.27904 -0.080783
3.07942 0.0631
-1.67719 -5.34767
3.45038 0.596263
0.832129 -0.102686
-0.339147 -1.91458
2.32871 -0.092777
3.762 1.43921
2.5997 -0.126722
-3.79574 -1.92908
3.29495 0.319725
-1.82109 -5.66185
0.713475 -0.198641
2.31774 -0.090237
-2.32439 -6.41283
1.84265 0.04483
-0.63827 -2.64322
3.55392 0.830287
2.35778 -0.099175
0.217656 -0.818165
1.88211 0.03419
-0.040247 -1.27752
-3.72217 -2.52327
-0.804171 -3.07536
3.33877 0.38921
-3.57682 -3.55192
2.89698 -0.060449
3.87285 1.84866
3.33386 0.381112
-2.43328 -6.47825
-0.713762 -2.83795
0.74644 -0.169993
2.80349 -0.096869
-0.06214 -1.32055
-2.42925 -6.47659
-1.91352 -5.84471
0.547937 -0.366017
2.2464 -0.072282
0.48351 -0.441861
-0.773006 -2.99307
1.24634 0.085405
2.39859 -0.10726
0.778456 -0.143642
3.53002 0.772476
2.70571 -0.118775
2.07822 -0.023627
-1.74708 -5.50437
-2.22863 -6.32245
-1.9057 -5.82988
3.62454 1.01515
-3.87055 -1.27152
0.698204 -0.212435
0.909436 -0.050684
3.95706 2.20357
-1.45294 -4.80321
3.50857 0.722544
0.42961 -0.509934
2.29722 -0.085316
2.91179 -0.05314
-2.99727 -6.00626
-0.598964 -2.5433
2.43696 -0.113783
0.856644 -0.08531
0.156448 -0.919011
1.70854 0.076124
2.30416 -0.087004
-2.43902 -6.48052
0.866061 -0.078854
-2.21918 -6.31198
-0.425097 -2.11583
-0.820814 -3.11948
3.6155 0.990275
-0.519877 -2.34574
-1.91729 -5.85182
2.12876 -0.038804
-1.18486 -4.09887
-3.77376 -2.11201
3.77454 1.48239
-2.0122 -6.02056
0.562565 -0.349634
-3.89507 -1.04393
2.96376 -0.023879
3.75182 1.40474
-0.424841 -2.11522
-0.28933 -1.80137
-0.370048 -1.98609
3.19995 0.190015
2.04461 -0.013457
-1.52619 -4.98702
0.515542 -0.4034
1.12055 0.051013
1.1633 0.064787
-2.7779 -6.37286
0.769411 -0.15094
-3.85385 -1.42309
-3.92752 -0.733308
0.726608 -0.187043
2.8873 -0.064992
1.94781 0.015479
0.98248 -0.00896
3.98195 2.31611
1.69911 0.077978
2.53879 -0.125016
-0.78538 -3.02569
-2.02903 -6.04837
0.153101 -0.924675
3.43767 0.570418
0.915122 -0.04718
-1.33624 -4.50146
-3.35307 -4.78859
0.440816 -0.495434
-0.809158 -3.08857
-0.998951 -3.59717
0.655571 -0.252707
3.75418 1.41268
-0.583118 -2.50333
3.61199 0.980714
1.40616 0.103913
3.23453 0.234026
-3.53391 -3.82046
-1.98372 -5.97202
2.34963 -0.097433
-3.50994 -3.9638
2.61041 -0.12658
-3.93927 -0.618158
-1.8207 -5.66105
-2.40969 -6.46766
0.844155 -0.094059
1.34012 0.099471
-0.853734 -3.20707
-3.86448 -1.32694
-1.6209 -5.21647
2.35249 -0.09805
3.42175 0.538876
0.435362 -0.502469
-0.938533 -3.4343
-2.8612 -6.26426
-1.74374 -5.49704
-1.45302 -4.80341
-2.53917 -6.49968
-0.843079 -3.17867
2.68562 -0.121453
2.9225 -0.047574
-2.61919 -6.48567
-3.85993 -1.36821
0.533946 -0.381975
-3.58418 -3.50427
-2.45827 -6.48722
-2.31044 -6.4015
0.46342 -0.466741
1.39886 0.103633
3.18509 0.172187
-0.648047 -2.66823
-0.179024 -1.56035
1.73712 0.070198
-1.65007 -5.28499
-1.0694 -3.78753
1.03186 0.015272
3.37466 0.450959
1.57107 0.097498
-3.2185 -5.34921
1.29005 0.093135
3.27842 0.295131
3.74927 1.39618
3.84363 1.73456
0.295564 -0.697411
0.491955 -0.431576
-1.05685 -3.7536
-2.84646 -6.28611
2.78866 -0.101194
3.04849 0.036704
2.83312 -0.087075
-1.40559 -4.68196
-3.36915 -4.71283
-3.5066 -3.98343
-2.39292 -6.4589
0.629415 -0.278705
3.18288 0.169586
3.76605 1.45307
2.01807 -0.005435
2.76955 -0.106219
-3.27053 -5.14774
2.19098 -0.05696
-2.63627 -6.47911
2.52574 -0.124128
-2.29894 -6.39168
3.32852 0.372388
-3.8623 -1.34678
-3.40463 -4.53864
0.442324 -0.493498
-2.56525 -6.49809
0.102846 -1.01157
-3.96683 -0.342439
0.277621 -0.724461
-3.7192 -2.54617
-1.46364 -4.83037
-0.843468 -3.17971
-3.37672 -4.67645
-3.91839 -0.821794
1.39678 0.103544
-2.06489 -6.10533
-3.10321 -5.73042
-1.71601 -5.4356
2.16285 -0.048851
1.61488 0.092084
1.97286 0.008099
-2.03593 -6.05958
1.09426 0.041442
1.32651 0.098008
-2.06366 -6.10343
-2.41585 -6.47062
-0.335751 -1.90678
3.42815 0.551436
-1.11797 -3.91871
3.85893 1.79375
0.914124 -0.047792
-0.667424 -2.718
-2.48864 -6.49492
1.48107 0.103918
-1.52039 -4.97266
-0.431283 -2.13059
-3.72407 -2.50856
-2.54387 -6.4996
-2.96092 -6.08543
-0.172452 -1.54643
-0.182024 -1.56672
1.79696 0.056425
-1.06628 -3.77908
-1.25764 -4.29358
-2.54237 -6.49964
-1.67261 -5.33716
-0.290537 -1.80408
-0.846564 -3.18796
0.477135 -0.449692
3.34528 0.400091
-0.669112 -2.72235
0.607022 -0.301746
2.95188 -0.031078
1.89505 0.030594
-0.183043 -1.56889
2.83878 -0.085027
2.87833 -0.069034
3.39944 0.496229
-3.95137 -0.49812
3.99151 2.36033
0.348853 -0.619788
-1.59922 -5.16485
2.49837 -0.121711
-2.68263 -6.45469
-2.47663 -6.4923
2.16155 -0.048471
2.63149 -0.125887
-1.88568 -5.79137
-2.85208 -6.2779
-1.12566 -3.93946
-0.270605 -1.7595
0.647056 -0.261062
0.370095 -0.589981
-3.76881 -2.15255
-0.115279 -1.42751
0.802305 -0.124948
0.601354 -0.307692
-3.89768 -1.01927
1.91831 0.024012
0.228434 -0.800949
-1.82382 -5.66749
3.07416 0.058441
0.968085 -0.016623
-0.290501 -1.804
0.558138 -0.35456
-3.40312 -4.54628
0.499785 -0.422133
1.52363 0.101709
0.842828 -0.095001
-3.5088 -3.9705
-0.510414 -2.32244
-3.46418 -4.22444
3.30766 0.339229
3.56456 0.856776
-2.4714 -6.49099
3.77505 1.48418
0.758565 -0.159844
1.08677 0.038559
0.599217 -0.309947
2.24584 -0.072134
-3.57649 -3.55403
-1.12506 -3.93785
-1.72661 -5.45922
-1.27588 -4.3421
-0.857036 -3.21588
1.7378 0.070051
-0.917286 -3.37718
-0.712478 -2.83461
-3.39282 -4.59771
-3.97055 -0.304637
-1.18957 -4.11152
0.330028 -0.646745
3.3904 0.479471
-3.93758 -0.634793
0.455305 -0.476958
-1.18902 -4.11004
-3.46813 -4.20263
-3.86987 -1.27771
0.61735 -0.291029
1.4885 0.103643
3.41382 0.523497
-2.11127 -6.17423
-2.94454 -6.1186
0.887241 -0.064779
2.6862 -0.121385
-1.15168 -4.00962
-3.83311 -1.60752
1.75054 0.067263
-1.01156 -3.63122
-0.276477 -1.77259
3.13864 0.120507
1.72696 0.072357
-3.78205 -2.04353
-3.60654 -3.35673
-2.47932 -6.49293
2.04115 -0.01241
-1.90443 -5.82747
-1.77892 -5.57325
-3.02894 -5.93095
-0.100812 -1.39804
0.777855 -0.144123
-1.51816 -4.96711
3.92293 2.055
-1.62186 -5.21874
2.26629 -0.077517
2.65186 -0.124679
1.92341 0.022552
1.55015 0.099574
1.36332 0.101526
0.305323 -0.682892
-3.60574 -3.36209
-1.40919 -4.69123
2.92528 -0.046092
2.37132 -0.101981
2.56462 -0.126245
0.621947 -0.286309
2.16219 -0.048657
-2.4999 -6.49686
-0.67462 -2.73654
-1.96124 -5.93242
-3.26553 -5.16793
-2.71139 -6.43456
-0.244368 -1.70148
-1.92866 -5.87305
-0.603534 -2.55486
0.115465 -0.989428
1.07087 0.032207
2.33059 -0.093205
3.93689 2.11494
3.33532 0.383512
-3.25688 -5.20242
-3.91152 -0.887739
-2.8339 -6.30381
-2.41747 -6.47138
-2.45707 -6.48684
1.04269 0.020169
1.70034 0.077739
0.934285 -0.035692
-3.74675 -2.33037
-0.684334 -2.76162
2.29272 -0.084208
2.68302 -0.121758
-1.19487 -4.12575
-3.56202 -3.64627
-3.5388 -3.79065
2.46829 -0.118239
0.585418 -0.32466
-0.93389 -3.42181
-1.83663 -5.69372
-1.48204 -4.87682
-1.33384 -4.49515
-0.815377 -3.10505
3.26815 0.280288
-1.25119 -4.2764
-1.29396 -4.39002
-3.45734 -4.26194
1.5743 0.097148
-3.52351 -3.88325
3.27357 0.288084
-0.92516 -3.39834
-3.87409 -1.23899
0.484825 -0.440253
-3.65775 -3.00234
1.05656 0.026218
2.57466 -0.126525
-2.79543 -6.35296
-1.29247 -4.38608
-1.25639 -4.29028
-2.66098 -6.4673
-1.24852 -4.26929
1.07568 0.034164
3.24621 0.249702
3.31029 0.343332
-1.42624 -4.73505
1.57457 0.097118
-1.61258 -5.19672
1.85557 0.041405
-3.54109 -3.77661
2.43622 -0.113668
3.2959 0.321161
3.86748 1.82736
2.64994 -0.124816
0.601351 -0.307696
3.48306 0.665581
0.610949 -0.297653
-1.17905 -4.08327
2.99573 -0.002971
-1.84541 -5.71154
-0.883324 -3.28612
-2.33792 -6.4232
-2.77161 -6.37963
-0.493667 -2.28138
-1.12839 -3.94682
2.82389 -0.090293
-3.53819 -3.7944
-0.245396 -1.70374
2.55626 -0.125926
2.971 -0.019343
1.20383 0.075844
-2.3492 -6.43137
-2.42118 -6.47308
1.69525 0.078722
-3.22842 -5.31225
-3.76956 -2.14642
1.15629 0.062678
1.03809 0.018109
-2.82282 -6.31875
-0.453433 -2.18373
1.69236 0.079273
-3.62751 -3.2144
-1.81462 -5.64845
0.137496 -0.951288
1.20226 0.075449
-3.60591 -3.3609
2.29305 -0.084291
0.978998 -0.010789
-0.465635 -2.21319
-2.0282 -6.04702
2.38055 -0.103824
-0.329201 -1.89177
-2.86116 -6.26432
1.6078 0.093054
-1.21505 -4.17987
2.60749 -0.126632
1.13299 0.055251
-2.74319 -6.40775
0.545165 -0.369155
-3.11621 -5.69176
-0.586367 -2.51151
-1.74512 -5.50007
-2.43104 -6.47733
3.6842 1.1884
-0.433781 -2.13656
-2.89262 -6.21383
-1.5282 -4.99199
-3.09295 -5.76016
1.32092 0.097353
0.886568 -0.065217
0.837578 -0.098752
2.77284 -0.105399
-0.69443 -2.78775
3.98833 2.34554
-3.34873 -4.80872
-3.83294 -1.609
-3.15458 -5.57137
-0.001555 -1.20295
-0.346616 -1.93178
-2.53265 -6.49965
-0.440123 -2.15174
2.41817 -0.110728
-2.63363 -6.48021
1.60496 0.093432
1.50601 0.102809
-0.000831 -1.20158
-1.45716 -4.81393
-0.889273 -3.30205
-3.38097 -4.65584
0.437888 -0.499205
-1.21433 -4.17793
0.89528 -0.059597
-3.80048 -1.88908
0.179236 -0.880857
3.09002 0.072702
-1.48627 -4.88745
-2.80229 -6.34475
2.07969 -0.024069
0.057194 -1.09348
3.66469 1.12997
2.04445 -0.013407
-1.32027 -4.45948
2.53037 -0.124463
2.67365 -0.122777
2.77917 -0.103764
2.83572 -0.086141
1.40223 0.103769
1.71077 0.075677
-1.77528 -5.56545
3.46107 0.618484
3.34445 0.398691
-1.50696 -4.93926
-3.04103 -5.90062
0.12685 -0.969634
-0.790946 -3.04039
0.220754 -0.813201
2.83344 -0.086959
2.27175 -0.078925
1.85168 0.042441
3.49847 0.699694
-0.2113 -1.62945
2.77142 -0.105756
0.126682 -0.969925
-0.009746 -1.21858
-3.28334 -5.09524
3.61713 0.99474
-0.195883 -1.59629
3.55931 0.843652
-2.88022 -6.23436
-0.546051 -2.41058
-1.84137 -5.70337
2.64205 -0.125329
2.31709 -0.090084
-3.27188 -5.14229
-1.01984 -3.65357
1.60643 0.093236
0.947162 -0.028248
-1.80604 -5.63059
2.75663 -0.109277
-1.1552 -4.01909
-2.48212 -6.49357
-1.47 -4.84647
-1.22165 -4.19751
1.35099 0.100501
0.753128 -0.16437
0.814644 -0.115588
-2.08555 -6.1367
3.53184 0.77679
0.486356 -0.438383
3.6111 0.978297
-3.18892 -5.45542
-1.99685 -5.99464
-2.149 -6.22609
0.411689 -0.5335
0.261565 -0.749053
2.11988 -0.036155
-2.48222 -6.49359
-2.80839 -6.33725
0.498362 -0.423843
-0.009138 -1.21742
2.7289 -0.114943
1.82197 0.050181
0.156952 -0.918159
-0.272215 -1.76308
1.87908 0.035024
-0.9077 -3.35145
1.66157 0.084829
1.6786 0.081828
3.39352 0.485212
1.09234 0.04071
1.78283 0.05983
-2.60468 -6.49024
3.65264 1.09474
2.70328 -0.119129
2.11721 -0.035359
3.08612 0.069133
0.713836 -0.198318
3.94835 2.165
2.23842 -0.070142
-0.698102 -2.79727
2.57999 -0.126628
0.952742 -0.025091
2.27065 -0.078642
-3.39283 -4.59764
-1.2351 -4.23348
3.26301 0.272989
-2.36632 -6.44295
2.98533 -0.010023
3.90561 1.98208
3.27571 0.291186
0.709864 -0.201872
0.728305 -0.185562
-1.82844 -5.67697
3.52555 0.761914
0.183036 -0.874565
-3.43942 -4.35845
1.22066 0.079875
3.5828 0.903316
-3.2008 -5.41348
-3.25241 -5.22004
0.452219 -0.480867
-3.68983 -2.76845
2.29919 -0.085799
2.9385 -0.038818
2.30673 -0.087623
3.22897 0.226706
-3.72686 -2.48687
0.493353 -0.429884
-0.637422 -2.64105
-1.25525 -4.28723
-0.313167 -1.85521
3.0446 0.033548
1.97958 0.006104
0.982239 -0.009086
3.83 1.68284
-2.95703 -6.09343
-0.760599 -2.96043
2.97967 -0.013762
1.43637 0.104535
2.03778 -0.011388
-2.0671 -6.10874
-2.00751 -6.0127
2.72573 -0.115514
2.44156 -0.114488
-3.65575 -3.01665
-3.34352 -4.83273
3.11773 0.09918
-1.4709 -4.84874
1.58207 0.096272
1.76018 0.065098
1.36767 0.101851
-3.5792 -3.53656
3.20726 0.199024
-1.62327 -5.22207
2.87407 -0.070899
0.800507 -0.12633
3.90789 1.99157
-2.8949 -6.20995
2.90823 -0.054936
-1.88239 -5.78495
3.97084 2.26543
-3.82934 -1.64053
-3.48446 -4.111
2.02361 -0.007106
0.300352 -0.690272
-3.86487 -1.32341
1.83873 0.045856
-3.20704 -5.39103
0.733476 -0.181076
-3.03404 -5.91827
-0.38698 -2.02569
2.47839 -0.119497
2.40237 -0.107951
-0.785007 -3.0247
-0.41692 -2.09638
1.55056 0.099537
-1.10654 -3.88787
3.05656 0.043365
0.591907 -0.317707
-1.22798 -4.21446
-3.04648 -5.88666
2.93498 -0.040789
-0.908429 -3.3534
2.05567 -0.016804
3.49262 0.686618
3.57133 0.873898
-3.17417 -5.50616
-3.94248 -0.586441
3.63385 1.04113
-0.920268 -3.38519
2.43461 -0.113415
0.253822 -0.761043
2.5601 -0.126082
-3.05714 -5.85882
1.73039 0.071633
3.2526 0.258462
-0.09245 -1.38113
-3.40303 -4.54673
3.39646 0.490667
1.08956 0.039642
1.45611 0.104484
-3.6238 -3.23982
-1.14303 -3.9863
3.25835 0.266445
0.866752 -0.078385
2.56626 -0.126298
-0.930989 -3.414
2.22521 -0.066544
-3.78435 -2.02446
2.31759 -0.090202
2.98641 -0.009299
2.17801 -0.053244
-1.92473 -5.86573
2.16775 -0.050275
-3.55448 -3.6937
-1.24038 -4.24759
-2.10772 -6.16915
-2.07673 -6.12344
-3.77718 -2.08379
-2.46429 -6.48903
-2.58765 -6.49444
1.65091 0.086615
-1.98563 -5.97533
2.9469 -0.034002
3.90185 1.96647
-0.471836 -2.22822
3.08726 0.070177
1.49525 0.103353
3.91641 2.02731
-1.6967 -5.39212
-1.64721 -5.27831
-1.0848 -3.82913
-3.6337 -3.17161
2.11466 -0.034595
0.61159 -0.296987
-0.921183 -3.38765
1.62879 0.090077
-2.58065 -6.49581
-0.279362 -1.77903
0.385443 -0.568849
-0.542673 -2.40218
3.78136 1.50622
-0.567886 -2.46509
1.38574 0.103
0.437543 -0.499651
-3.73097 -2.45485
-1.34586 -4.52668
3.39006 0.478843
3.74023 1.3661
-2.78816 -6.3614
-0.116599 -1.43021
1.81125 0.05289
-2.07888 -6.1267
-0.933334 -3.42031
-0.440363 -2.15232
1.99177 0.002466
-2.48243 -6.49363
0.143356 -0.941255
-0.907992 -3.35223
3.26523 0.276141
0.192152 -0.859553
