0.69134 -2.0658
-0.567792 -2.08091
2.75998 -2.03538
2.5047 -2.03951
2.22021 -2.04398
-0.882034 -2.08427
-0.601486 -2.08128
0.270026 -2.07114
-3.10311 -2.10332
0.392048 -2.06962
1.39442 -2.05623
-3.08332 -2.10319
2.04626 -2.04665
-0.176351 -2.07649
1.07973 -2.06061
-1.10484 -2.08656
-0.703682 -2.08238
2.33518 -2.04219
3.67312 -2.01979
-3.79598 -2.10755
1.11634 -2.06011
2.79111 -2.03487
-1.34603 -2.08894
-3.4041 -2.10526
0.964287 -2.06218
0.008751 -2.07431
-3.87927 -2.108
-1.91955 -2.09421
0.79369 -2.06445
1.94084 -2.04825
-0.116323 -2.07579
0.474146 -2.06859
1.66982 -2.05227
0.780055 -2.06463
1.04213 -2.06112
0.746978 -2.06507
-0.75472 -2.08293
-3.26465 -2.10438
-0.204095 -2.07681
0.915982 -2.06283
-2.155 -2.09621
1.23023 -2.05854
3.24126 -2.02733
-2.76431 -2.10096
-3.08947 -2.10323
2.27286 -2.04316
-1.09888 -2.0865
3.43541 -2.02398
3.55378 -2.02191
-1.25195 -2.08802
3.73981 -2.01861
-3.24655 -2.10427
0.970077 -2.0621
-1.61889 -2.09152
-3.58805 -2.10637
-0.481879 -2.07996
-1.53933 -2.09078
-1.87637 -2.09383
0.495998 -2.06831
1.0257 -2.06135
-3.18549 -2.10387
1.71106 -2.05166
-1.5381 -2.09077
-3.53477 -2.10605
2.79952 -2.03474
-2.85777 -2.10163
0.123329 -2.07294
-0.359819 -2.07859
-1.48686 -2.09029
-3.16932 -2.10376
1.32414 -2.05722
2.23703 -2.04372
-0.657713 -2.08189
-0.82204 -2.08364
-3.39068 -2.10518
0.39068 -2.06964
2.28272 -2.04301
-1.68132 -2.09209
-2.36978 -2.09796
-2.70324 -2.10051
-1.63226 -2.09164
-3.21245 -2.10405
-2.96575 -2.10239
-1.3792 -2.08926
2.95625 -2.03214
3.85824 -2.01648
-2.41114 -2.09829
-2.54569 -2.09933
-2.36975 -2.09796
-1.69589 -2.09222
-1.71005 -2.09235
-2.43232 -2.09845
1.45165 -2.05542
-1.66918 -2.09198
1.20467 -2.05889
-0.289981 -2.0778
-2.6715 -2.10028
1.43084 -2.05571
2.79851 -2.03475
-0.294207 -2.07785
3.24057 -2.02734
0.909831 -2.06291
1.49689 -2.05477
3.09841 -2.02976
-1.9257 -2.09426
1.83484 -2.04983
1.23103 -2.05852
1.09064 -2.06046
-0.182868 -2.07657
3.15446 -2.02881
2.71819 -2.03607
0.531925 -2.06785
-2.13875 -2.09608
-3.2592 -2.10435
2.22639 -2.04388
-3.29745 -2.10459
-2.83335 -2.10146
-1.89663 -2.09401
-2.42663 -2.09841
-2.35531 -2.09784
-3.96643 -2.10846
-0.475207 -2.07989
-2.88998 -2.10186
-3.20963 -2.10403
3.2344 -2.02745
-3.63154 -2.10662
-0.561864 -2.08084
2.63625 -2.03739
-3.74519 -2.10726
1.308 -2.05745
3.61259 -2.02087
-1.7847 -2.09302
-1.60562 -2.09139
-2.77135 -2.10101
1.57783 -2.0536
3.11535 -2.02947
0.476583 -2.06856
-0.449519 -2.0796
-3.4112 -2.1053
-1.20544 -2.08756
0.918054 -2.0628
2.72356 -2.03598
-0.633794 -2.08163
1.94365 -2.0482
1.90736 -2.04875
-2.3551 -2.09784
-2.26385 -2.09711
-1.35482 -2.08903
3.44307 -2.02385
2.74734 -2.03559
3.50416 -2.02278
0.079499 -2.07346
0.981201 -2.06195
-0.489706 -2.08005
-3.68638 -2.10693
-3.47224 -2.10568
-3.55794 -2.10619
3.14236 -2.02902
-3.76151 -2.10736
-1.57834 -2.09114
-3.67352 -2.10686
-0.814182 -2.08356
-3.13951 -2.10357
-2.80982 -2.10129
-1.30863 -2.08858
0.792992 -2.06446
-1.41937 -2.08965
2.65309 -2.03712
-1.26531 -2.08815
-2.57551 -2.09956
1.91507 -2.04863
-2.28859 -2.09731
-1.26022 -2.0881
1.71934 -2.05154
0.525434 -2.06794
-0.915323 -2.08462
-3.87088 -2.10795
-2.71304 -2.10058
1.73343 -2.05133
0.845183 -2.06377
-0.622682 -2.08151
2.17102 -2.04474
2.26989 -2.04321
-2.50102 -2.09899
-2.46633 -2.09872
2.73522 -2.03579
3.00816 -2.03128
-0.636181 -2.08166
-2.89606 -2.1019
-3.27913 -2.10448
-1.56811 -2.09105
-3.00602 -2.10267
-3.95842 -2.10842
-3.7736 -2.10742
0.587139 -2.06714
3.40193 -2.02456
0.598326 -2.067
-2.64127 -2.10005
1.26896 -2.058
2.82687 -2.03429
2.78416 -2.03499
-0.693513 -2.08227
-3.80775 -2.10761
-1.19982 -2.08751
0.186624 -2.07217
-0.414832 -2.07921
-1.10295 -2.08654
-1.74227 -2.09264
-0.100438 -2.0756
0.204089 -2.07195
0.13817 -2.07276
-3.55096 -2.10615
0.311183 -2.07063
-0.494729 -2.0801
0.509238 -2.06814
-0.606648 -2.08133
-3.49847 -2.10583
-3.57582 -2.10629
0.051082 -2.07381
-3.36746 -2.10503
2.99932 -2.03142
-2.07765 -2.09557
0.594509 -2.06705
1.03095 -2.06127
3.64814 -2.02024
0.341855 -2.07025
0.587452 -2.06714
-3.62798 -2.1066
-1.66795 -2.09197
-0.568294 -2.08091
-1.84351 -2.09354
-2.4981 -2.09896
0.310542 -2.07064
-0.203931 -2.07681
-1.84723 -2.09358
-0.230146 -2.07711
1.91287 -2.04867
-1.48561 -2.09027
-1.06778 -2.08618
-1.48446 -2.09026
2.34174 -2.04208
1.6834 -2.05207
2.62029 -2.03765
-0.646762 -2.08177
3.33646 -2.02569
0.630949 -2.06658
0.610876 -2.06684
0.002862 -2.07438
2.44533 -2.04045
-1.44821 -2.08992
2.0498 -2.0466
0.417918 -2.0693
1.6575 -2.05245
-1.68484 -2.09212
1.05253 -2.06098
-2.03971 -2.09524
-2.8558 -2.10162
2.19429 -2.04438
-1.59365 -2.09128
0.371943 -2.06988
-0.140665 -2.07607
-1.7322 -2.09255
-2.4931 -2.09892
-2.70656 -2.10054
-3.25061 -2.10429
0.24285 -2.07148
2.27904 -2.04306
3.07942 -2.03008
-1.67719 -2.09205
3.45038 -2.02372
0.832129 -2.06394
-0.339147 -2.07836
2.32871 -2.04229
3.762 -2.01821
2.5997 -2.03798
-3.79574 -2.10754
3.29495 -2.02641
-1.82109 -2.09334
0.713475 -2.06551
2.31774 -2.04246
-2.32439 -2.0976
1.84265 -2.04972
-0.63827 -2.08168
3.55392 -2.0219
2.35778 -2.04183
0.217656 -2.07179
1.88211 -2.04913
-0.040247 -2.07489
-3.72217 -2.10714
-0.804171 -2.08346
3.33877 -2.02565
-3.57682 -2.1063
2.89698 -2.03313
3.87285 -2.01621
3.33386 -2.02574
-2.43328 -2.09846
-0.713762 -2.08249
0.74644 -2.06507
2.80349 -2.03467
-0.06214 -2.07515
-2.42925 -2.09843
-1.91352 -2.09416
0.547937 -2.06765
2.2464 -2.04357
0.48351 -2.06847
-0.773006 -2.08312
1.24634 -2.05831
2.39859 -2.04119
0.778456 -2.06465
3.53002 -2.02232
2.70571 -2.03627
2.07822 -2.04616
-1.74708 -2.09268
-2.22863 -2.09682
-1.9057 -2.09409
3.62454 -2.02066
-3.87055 -2.10795
0.698204 -2.06571
0.909436 -2.06291
3.95706 -2.01468
-1.45294 -2.08996
3.50857 -2.0227
0.42961 -2.06915
2.29722 -2.04278
2.91179 -2.03288
-2.99727 -2.10261
-0.598964 -2.08125
2.43696 -2.04058
0.856644 -2.06362
0.156448 -2.07253
1.70854 -2.0517
2.30416 -2.04267
-2.43902 -2.0985
0.866061 -2.06349
-2.21918 -2.09674
-0.425097 -2.07933
-0.820814 -2.08363
3.6155 -2.02082
-0.519877 -2.08038
-1.91729 -2.09419
2.12876 -2.04539
-1.18486 -2.08736
-3.77376 -2.10742
3.77454 -2.01798
-2.0122 -2.09501
0.562565 -2.06746
-3.89507 -2.10808
2.96376 -2.03202
3.75182 -2.01839
-0.424841 -2.07932
-0.28933 -2.07779
-0.370048 -2.07871
3.19995 -2.02804
2.04461 -2.04668
-1.52619 -2.09066
0.515542 -2.06806
1.12055 -2.06005
1.1633 -2.05946
-2.7779 -2.10106
0.769411 -2.06477
-3.85385 -2.10786
-3.92752 -2.10825
0.726608 -2.06533
2.8873 -2.03329
1.94781 -2.04814
0.98248 -2.06193
3.98195 -2.01423
1.69911 -2.05184
2.53879 -2.03896
-0.78538 -2.08326
-2.02903 -2.09515
0.153101 -2.07257
3.43767 -2.02394
0.915122 -2.06284
-1.33624 -2.08885
-3.35307 -2.10494
0.440816 -2.06901
-0.809158 -2.08351
-0.998951 -2.08548
0.655571 -2.06626
3.75418 -2.01835
-0.583118 -2.08108
3.61199 -2.02088
1.40616 -2.05606
3.23453 -2.02745
-3.53391 -2.10605
-1.98372 -2.09477
2.34963 -2.04196
-3.50994 -2.1059
2.61041 -2.03781
-3.93927 -2.10831
-1.8207 -2.09334
-2.40969 -2.09827
0.844155 -2.06378
1.34012 -2.057
-0.853734 -2.08398
-3.86448 -2.10792
-1.6209 -2.09154
2.35249 -2.04192
3.42175 -2.02422
0.435362 -2.06908
-0.938533 -2.08486
-2.8612 -2.10166
-1.74374 -2.09265
-1.45302 -2.08997
-2.53917 -2.09928
-0.843079 -2.08387
2.68562 -2.03659
2.9225 -2.0327
-2.61919 -2.09989
-3.85993 -2.10789
0.533946 -2.06783
-3.58418 -2.10634
-2.45827 -2.09865
-2.31044 -2.09748
0.46342 -2.06872
1.39886 -2.05617
3.18509 -2.02829
-0.648047 -2.08178
-0.179024 -2.07652
1.73712 -2.05128
-1.65007 -2.0918
-1.0694 -2.0862
1.03186 -2.06126
3.37466 -2.02503
1.57107 -2.0537
-3.2185 -2.10408
1.29005 -2.0577
3.27842 -2.02669
3.74927 -2.01844
3.84363 -2.01674
0.295564 -2.07083
0.491955 -2.06836
-1.05685 -2.08607
-2.84646 -2.10155
2.78866 -2.03491
3.04849 -2.0306
2.83312 -2.03418
-1.40559 -2.08951
-3.36915 -2.10504
-3.5066 -2.10588
-2.39292 -2.09814
0.629415 -2.0666
3.18288 -2.02833
3.76605 -2.01814
2.01807 -2.04708
2.76955 -2.03523
-3.27053 -2.10442
2.19098 -2.04443
-2.63627 -2.10001
2.52574 -2.03917
-2.29894 -2.09739
3.32852 -2.02583
-3.8623 -2.10791
-3.40463 -2.10526
0.442324 -2.06899
-2.56525 -2.09948
0.102846 -2.07318
-3.96683 -2.10846
0.277621 -2.07105
-3.7192 -2.10712
-1.46364 -2.09007
-0.843468 -2.08387
-3.37672 -2.10509
-3.91839 -2.10821
1.39678 -2.0562
-2.06489 -2.09546
-3.10321 -2.10332
-1.71601 -2.0924
2.16285 -2.04487
1.61488 -2.05307
1.97286 -2.04776
-2.03593 -2.09521
1.09426 -2.06041
1.32651 -2.05719
-2.06366 -2.09545
-2.41585 -2.09832
-0.335751 -2.07832
3.42815 -2.02411
-1.11797 -2.08669
3.85893 -2.01646
0.914124 -2.06285
-0.667424 -2.08199
-2.48864 -2.09889
1.48107 -2.055
-1.52039 -2.0906
-0.431283 -2.0794
-3.72407 -2.10715
-2.54387 -2.09932
-2.96092 -2.10236
-0.172452 -2.07644
-0.182024 -2.07656
1.79696 -2.05039
-1.06628 -2.08617
-1.25764 -2.08808
-2.54237 -2.0993
-1.67261 -2.09201
-0.290537 -2.07781
-0.846564 -2.0839
0.477135 -2.06855
3.34528 -2.02554
-0.669112 -2.08201
0.607022 -2.06689
2.95188 -2.03222
1.89505 -2.04893
-0.183043 -2.07657
2.83878 -2.03409
2.87833 -2.03344
3.39944 -2.0246
-3.95137 -2.10838
3.99151 -2.01405
0.348853 -2.07016
-1.59922 -2.09134
2.49837 -2.03961
-2.68263 -2.10036
-2.47663 -2.0988
2.16155 -2.04489
2.63149 -2.03747
-1.88568 -2.09391
-2.85208 -2.10159
-1.12566 -2.08677
-0.270605 -2.07758
0.647056 -2.06637
0.370095 -2.0699
-3.76881 -2.1074
-0.115279 -2.07578
0.802305 -2.06434
0.601354 -2.06696
-3.89768 -2.1081
1.91831 -2.04858
0.228434 -2.07165
-1.82382 -2.09337
3.07416 -2.03017
0.968085 -2.06213
-0.290501 -2.0778
0.558138 -2.06752
-3.40312 -2.10525
0.499785 -2.06826
1.52363 -2.05439
0.842828 -2.0638
-3.5088 -2.1059
-0.510414 -2.08028
-3.46418 -2.10563
3.30766 -2.02619
3.56456 -2.02172
-2.4714 -2.09876
3.77505 -2.01797
0.758565 -2.06492
1.08677 -2.06051
0.599217 -2.06699
2.24584 -2.04358
-3.57649 -2.1063
-1.12506 -2.08676
-1.72661 -2.0925
-1.27588 -2.08826
-0.857036 -2.08401
1.7378 -2.05127
-0.917286 -2.08464
-0.712478 -2.08248
-3.39282 -2.10519
-3.97055 -2.10848
-1.18957 -2.08741
0.330028 -2.0704
3.3904 -2.02476
-3.93758 -2.10831
0.455305 -2.06883
-1.18902 -2.0874
-3.46813 -2.10565
-3.86987 -2.10795
0.61735 -2.06676
1.4885 -2.05489
3.41382 -2.02435
-2.11127 -2.09585
-2.94454 -2.10224
0.887241 -2.06321
2.6862 -2.03659
-1.15168 -2.08703
-3.83311 -2.10775
1.75054 -2.05108
-1.01156 -2.08561
-0.276477 -2.07764
3.13864 -2.02908
1.72696 -2.05143
-3.78205 -2.10747
-3.60654 -2.10647
-2.47932 -2.09882
2.04115 -2.04673
-1.90443 -2.09408
-1.77892 -2.09297
-3.02894 -2.10282
-0.100812 -2.07561
0.777855 -2.06466
-1.51816 -2.09058
3.92293 -2.0153
-1.62186 -2.09154
2.26629 -2.04326
2.65186 -2.03714
1.92341 -2.04851
1.55015 -2.054
1.36332 -2.05667
0.305323 -2.07071
-3.60574 -2.10647
-1.40919 -2.08955
2.92528 -2.03266
2.37132 -2.04162
2.56462 -2.03855
0.621947 -2.0667
2.16219 -2.04488
-2.4999 -2.09898
-0.67462 -2.08207
-1.96124 -2.09457
-3.26553 -2.10439
-2.71139 -2.10057
-0.244368 -2.07728
-1.92866 -2.09429
-0.603534 -2.0813
0.115465 -2.07303
1.07087 -2.06073
2.33059 -2.04226
3.93689 -2.01505
3.33532 -2.02571
-3.25688 -2.10433
-3.91152 -2.10817
-2.8339 -2.10146
-2.41747 -2.09834
-2.45707 -2.09865
1.04269 -2.06112
1.70034 -2.05182
0.934285 -2.06258
-3.74675 -2.10727
-0.684334 -2.08218
2.29272 -2.04285
2.68302 -2.03664
-1.19487 -2.08746
-3.56202 -2.10621
-3.5388 -2.10608
2.46829 -2.04009
0.585418 -2.06717
-0.93389 -2.08481
-1.83663 -2.09348
-1.48204 -2.09024
-1.33384 -2.08882
-0.815377 -2.08357
3.26815 -2.02687
-1.25119 -2.08802
-1.29396 -2.08843
-3.45734 -2.10559
1.5743 -2.05365
-3.52351 -2.10598
3.27357 -2.02678
-0.92516 -2.08472
-3.87409 -2.10797
0.484825 -2.06845
-3.65775 -2.10677
1.05656 -2.06093
2.57466 -2.03839
-2.79543 -2.10118
-1.29247 -2.08842
-1.25639 -2.08807
-2.66098 -2.1002
-1.24852 -2.08799
1.07568 -2.06067
3.24621 -2.02725
3.31029 -2.02615
-1.42624 -2.08971
1.57457 -2.05365
-1.61258 -2.09146
1.85557 -2.04952
-3.54109 -2.10609
2.43622 -2.04059
3.2959 -2.02639
3.86748 -2.01631
2.64994 -2.03717
0.601351 -2.06696
3.48306 -2.02315
0.610949 -2.06684
-1.17905 -2.0873
2.99573 -2.03148
-1.84541 -2.09356
-0.883324 -2.08429
-2.33792 -2.0977
-2.77161 -2.10101
-0.493667 -2.08009
-1.12839 -2.0868
2.82389 -2.03433
-3.53819 -2.10607
-0.245396 -2.07729
2.55626 -2.03868
2.971 -2.0319
1.20383 -2.0589
-2.3492 -2.09779
-2.42118 -2.09836
1.69525 -2.05189
-3.22842 -2.10415
-3.76956 -2.1074
1.15629 -2.05956
1.03809 -2.06118
-2.82282 -2.10138
-0.453433 -2.07964
1.69236 -2.05194
-3.62751 -2.1066
-1.81462 -2.09329
0.137496 -2.07276
1.20226 -2.05892
-3.60591 -2.10647
2.29305 -2.04285
0.978998 -2.06198
-0.465635 -2.07978
-2.0282 -2.09515
2.38055 -2.04147
-0.329201 -2.07825
-2.86116 -2.10166
1.6078 -2.05317
-1.21505 -2.08766
2.60749 -2.03786
1.13299 -2.05988
-2.74319 -2.10081
0.545165 -2.06768
-3.11621 -2.10341
-0.586367 -2.08111
-1.74512 -2.09267
-2.43104 -2.09844
3.6842 -2.0196
-0.433781 -2.07942
-2.89262 -2.10188
-1.5282 -2.09067
-3.09295 -2.10326
1.32092 -2.05727
0.886568 -2.06322
0.837578 -2.06387
2.77284 -2.03517
-0.69443 -2.08228
3.98833 -2.01411
-3.34873 -2.10492
-3.83294 -2.10775
-3.15458 -2.10367
-0.001555 -2.07443
-0.346616 -2.07844
-2.53265 -2.09923
-0.440123 -2.0795
2.41817 -2.04088
-2.63363 -2.09999
1.60496 -2.05321
1.50601 -2.05464
-0.000831 -2.07443
-1.45716 -2.09
-0.889273 -2.08435
-3.38097 -2.10512
0.437888 -2.06905
-1.21433 -2.08765
0.89528 -2.0631
-3.80048 -2.10757
0.179236 -2.07226
3.09002 -2.0299
-1.48627 -2.09028
-2.80229 -2.10123
2.07969 -2.04614
0.057194 -2.07373
3.66469 -2.01994
2.04445 -2.04668
-1.32027 -2.08869
2.53037 -2.0391
2.67365 -2.03679
2.77917 -2.03507
2.83572 -2.03414
1.40223 -2.05612
1.71077 -2.05167
-1.77528 -2.09294
3.46107 -2.02353
3.34445 -2.02556
-1.50696 -2.09048
-3.04103 -2.10291
0.12685 -2.07289
-0.790946 -2.08332
0.220754 -2.07175
2.83344 -2.03418
2.27175 -2.04318
1.85168 -2.04958
3.49847 -2.02288
-0.2113 -2.07689
2.77142 -2.0352
0.126682 -2.07289
-0.009746 -2.07453
-3.28334 -2.1045
3.61713 -2.02079
-0.195883 -2.07672
3.55931 -2.02181
-2.88022 -2.10179
-0.546051 -2.08067
-1.84137 -2.09352
2.64205 -2.0373
2.31709 -2.04247
-3.27188 -2.10443
-1.01984 -2.0857
1.60643 -2.05319
0.947162 -2.06241
-1.80604 -2.09321
2.75663 -2.03544
-1.1552 -2.08706
-2.48212 -2.09884
-1.47 -2.09013
-1.22165 -2.08772
1.35099 -2.05684
0.753128 -2.06499
0.814644 -2.06418
-2.08555 -2.09563
3.53184 -2.02229
0.486356 -2.06843
3.6111 -2.02089
-3.18892 -2.10389
-1.99685 -2.09488
-2.149 -2.09616
0.411689 -2.06938
0.261565 -2.07125
2.11988 -2.04553
-2.48222 -2.09884
-2.80839 -2.10128
0.498362 -2.06828
-0.009138 -2.07452
2.7289 -2.03589
1.82197 -2.05002
0.156952 -2.07253
-0.272215 -2.0776
1.87908 -2.04917
-0.9077 -2.08454
1.66157 -2.05239
1.6786 -2.05214
3.39352 -2.02471
1.09234 -2.06044
1.78283 -2.0506
-2.60468 -2.09978
3.65264 -2.02016
2.70328 -2.03631
2.11721 -2.04557
3.08612 -2.02997
0.713836 -2.0655
3.94835 -2.01484
2.23842 -2.0437
-0.698102 -2.08232
2.57999 -2.0383
0.952742 -2.06233
2.27065 -2.0432
-3.39283 -2.10519
-1.2351 -2.08786
3.26301 -2.02696
-2.36632 -2.09793
2.98533 -2.03166
3.90561 -2.01562
3.27571 -2.02674
0.709864 -2.06555
0.728305 -2.06531
-1.82844 -2.09341
3.52555 -2.0224
0.183036 -2.07221
-3.43942 -2.10548
1.22066 -2.05867
3.5828 -2.02139
-3.2008 -2.10397
-3.25241 -2.1043
0.452219 -2.06887
-3.68983 -2.10695
2.29919 -2.04275
2.9385 -2.03244
2.30673 -2.04263
3.22897 -2.02754
-3.72686 -2.10716
0.493353 -2.06834
-0.637422 -2.08167
-1.25525 -2.08806
-0.313167 -2.07806
3.0446 -2.03067
1.97958 -2.04766
0.982239 -2.06193
3.83 -2.01699
-2.95703 -2.10233
-0.760599 -2.08299
2.97967 -2.03175
1.43637 -2.05563
2.03778 -2.04678
-2.0671 -2.09548
-2.00751 -2.09497
2.72573 -2.03594
2.44156 -2.04051
-3.65575 -2.10676
-3.34352 -2.10488
3.11773 -2.02943
-1.4709 -2.09014
1.58207 -2.05354
1.76018 -2.05094
1.36767 -2.05661
-3.5792 -2.10631
3.20726 -2.02791
-1.62327 -2.09156
2.87407 -2.03351
0.800507 -2.06436
3.90789 -2.01558
-2.8949 -2.10189
2.90823 -2.03294
-1.88239 -2.09389
3.97084 -2.01443
-3.82934 -2.10773
-3.48446 -2.10575
2.02361 -2.04699
0.300352 -2.07077
-3.86487 -2.10792
1.83873 -2.04977
-3.20704 -2.10401
0.733476 -2.06524
-3.03404 -2.10286
-0.38698 -2.0789
2.47839 -2.03993
2.40237 -2.04113
-0.785007 -2.08325
-0.41692 -2.07924
1.55056 -2.054
-1.10654 -2.08658
3.05656 -2.03046
0.591907 -2.06708
-1.22798 -2.08779
-3.04648 -2.10294
2.93498 -2.0325
-0.908429 -2.08455
2.05567 -2.04651
3.49262 -2.02298
3.57133 -2.0216
-3.17417 -2.1038
-3.94248 -2.10833
3.63385 -2.02049
-0.920268 -2.08467
2.43461 -2.04062
0.253822 -2.07134
2.5601 -2.03862
-3.05714 -2.10301
1.73039 -2.05138
3.2526 -2.02714
-0.09245 -2.07551
-3.40303 -2.10525
3.39646 -2.02466
1.08956 -2.06048
1.45611 -2.05535
-3.6238 -2.10657
-1.14303 -2.08694
3.25835 -2.02704
0.866752 -2.06348
2.56626 -2.03852
-0.930989 -2.08478
2.22521 -2.0439
-3.78435 -2.10748
2.31759 -2.04246
2.98641 -2.03164
2.17801 -2.04463
-1.92473 -2.09426
2.16775 -2.04479
-3.55448 -2.10617
-1.24038 -2.08791
-2.10772 -2.09582
-2.07673 -2.09556
-3.77718 -2.10744
-2.46429 -2.0987
-2.58765 -2.09965
1.65091 -2.05254
-1.98563 -2.09478
2.9469 -2.0323
3.90185 -2.01569
-0.471836 -2.07985
3.08726 -2.02995
1.49525 -2.05479
3.91641 -2.01542
-1.6967 -2.09223
-1.64721 -2.09178
-1.0848 -2.08636
-3.6337 -2.10663
2.11466 -2.04561
0.61159 -2.06683
-0.921183 -2.08468
1.62879 -2.05286
-2.58065 -2.0996
-0.279362 -2.07768
0.385443 -2.06971
-0.542673 -2.08063
3.78136 -2.01786
-0.567886 -2.08091
1.38574 -2.05635
0.437543 -2.06905
-3.73097 -2.10718
-1.34586 -2.08894
3.39006 -2.02477
3.74023 -2.0186
-2.78816 -2.10113
-0.116599 -2.07579
1.81125 -2.05018
-2.07888 -2.09558
-0.933334 -2.08481
-0.440363 -2.0795
1.99177 -2.04748
-2.48243 -2.09884
0.143356 -2.07269
-0.907992 -2.08454
3.26523 -2.02692
0.192152 -2.0721
