0.69134 -1.96988
-0.567792 -1.98725
2.75998 -1.93941
2.5047 -1.9433
2.22021 -1.94759
-0.882034 -1.99143
-0.601486 -1.9877
0.270026 -1.9758
-3.10311 -2.01926
0.392048 -1.9741
1.39442 -1.95979
-3.08332 -2.01903
2.04626 -1.95019
-0.176351 -1.98195
1.07973 -1.96434
-1.10484 -1.99437
-0.703682 -1.98907
2.33518 -1.94586
3.67312 -1.92523
-3.79598 -2.02728
1.11634 -1.96382
2.79111 -1.93893
-1.34603 -1.9975
-3.4041 -2.02279
0.964287 -1.966
0.008751 -1.97941
-3.87927 -2.02823
-1.91955 -2.00482
0.79369 -1.96843
1.94084 -1.95176
-0.116323 -1.98113
0.474146 -1.97295
1.66982 -1.95576
0.780055 -1.96863
1.04213 -1.96488
0.746978 -1.9691
-0.75472 -1.98975
-3.26465 -2.02116
-0.204095 -1.98233
0.915982 -1.96669
-2.155 -2.00777
1.23023 -1.96217
3.24126 -1.93199
-2.76431 -2.01522
-3.08947 -2.0191
2.27286 -1.94679
-1.09888 -1.99429
3.43541 -1.92897
3.55378 -1.92711
-1.25195 -1.99628
3.73981 -1.92418
-3.24655 -2.02095
0.970077 -1.96592
-1.61889 -2.00101
-3.58805 -2.02491
-0.481879 -1.98609
-1.53933 -1.99999
-1.87637 -2.00428
0.495998 -1.97264
1.0257 -1.96512
-3.18549 -2.02023
1.71106 -1.95515
-1.5381 -1.99998
-3.53477 -2.0243
2.79952 -1.9388
-2.85777 -2.01634
0.123329 -1.97783
-0.359819 -1.98444
-1.48686 -1.99932
-3.16932 -2.02004
1.32414 -1.96081
2.23703 -1.94733
-0.657713 -1.98845
-0.82204 -1.99064
-3.39068 -2.02263
0.39068 -1.97411
2.28272 -1.94665
-1.68132 -2.00181
-2.36978 -2.01042
-2.70324 -2.01448
-1.63226 -2.00118
-3.21245 -2.02055
-2.96575 -2.01763
-1.3792 -1.99793
2.95625 -1.9364
3.85824 -1.92231
-2.41114 -2.01093
-2.54569 -2.01257
-2.36975 -2.01042
-1.69589 -2.00199
-1.71005 -2.00217
-2.43232 -2.01119
1.45165 -1.95896
-1.66918 -2.00165
1.20467 -1.96254
-0.289981 -1.9835
-2.6715 -2.0141
1.43084 -1.95926
2.79851 -1.93882
-0.294207 -1.98355
3.24057 -1.932
0.909831 -1.96678
1.49689 -1.9583
3.09841 -1.93421
-1.9257 -2.0049
1.83484 -1.95333
1.23103 -1.96216
1.09064 -1.96419
-0.182868 -1.98204
3.15446 -1.93334
2.71819 -1.94005
0.531925 -1.97213
-2.13875 -2.00756
-3.2592 -2.0211
2.22639 -1.94749
-3.29745 -2.02154
-2.83335 -2.01605
-1.89663 -2.00453
-2.42663 -2.01112
-2.35531 -2.01024
-3.96643 -2.02921
-0.475207 -1.986
-2.88998 -2.01673
-3.20963 -2.02051
3.2344 -1.9321
-3.63154 -2.02541
-0.561864 -1.98717
2.63625 -1.9413
-3.74519 -2.02671
1.308 -1.96105
3.61259 -1.92619
-1.7847 -2.00312
-1.60562 -2.00084
-2.77135 -2.0153
1.57783 -1.95711
3.11535 -1.93394
0.476583 -1.97291
-0.449519 -1.98566
-3.4112 -2.02287
-1.20544 -1.99568
0.918054 -1.96666
2.72356 -1.93997
-0.633794 -1.98813
1.94365 -1.95171
1.90736 -1.95225
-2.3551 -2.01024
-2.26385 -2.00912
-1.35482 -1.99762
3.44307 -1.92885
2.74734 -1.9396
3.50416 -1.92789
0.079499 -1.97844
0.981201 -1.96576
-0.489706 -1.9862
-3.68638 -2.02604
-3.47224 -2.02358
-3.55794 -2.02456
3.14236 -1.93353
-3.76151 -2.02689
-1.57834 -2.00049
-3.67352 -2.02589
-0.814182 -1.99053
-3.13951 -2.01969
-2.80982 -2.01577
-1.30863 -1.99702
0.792992 -1.96844
-1.41937 -1.99845
2.65309 -1.94104
-1.26531 -1.99646
-2.57551 -2.01294
1.91507 -1.95214
-2.28859 -2.00942
-1.26022 -1.99639
1.71934 -1.95503
0.525434 -1.97223
-0.915323 -1.99187
-3.87088 -2.02813
-2.71304 -2.0146
1.73343 -1.95483
0.845183 -1.9677
-0.622682 -1.98798
2.17102 -1.94832
2.26989 -1.94684
-2.50102 -2.01203
-2.46633 -2.0116
2.73522 -1.93979
3.00816 -1.9356
-0.636181 -1.98816
-2.89606 -2.0168
-3.27913 -2.02133
-1.56811 -2.00036
-3.00602 -2.01811
-3.95842 -2.02912
-3.7736 -2.02703
0.587139 -1.97136
3.40193 -1.92949
0.598326 -1.9712
-2.64127 -2.01373
1.26896 -1.96161
2.82687 -1.93839
2.78416 -1.93904
-0.693513 -1.98893
-3.80775 -2.02742
-1.19982 -1.99561
0.186624 -1.97696
-0.414832 -1.98519
-1.10295 -1.99434
-1.74227 -2.00258
-0.100438 -1.98091
0.204089 -1.97671
0.13817 -1.97763
-3.55096 -2.02448
0.311183 -1.97522
-0.494729 -1.98627
0.509238 -1.97245
-0.606648 -1.98777
-3.49847 -2.02388
-3.57582 -2.02477
0.051082 -1.97883
-3.36746 -2.02236
2.99932 -1.93574
-2.07765 -2.0068
0.594509 -1.97125
1.03095 -1.96504
3.64814 -1.92563
0.341855 -1.9748
0.587452 -1.97135
-3.62798 -2.02537
-1.66795 -2.00164
-0.568294 -1.98725
-1.84351 -2.00386
-2.4981 -2.01199
0.310542 -1.97523
-0.203931 -1.98233
-1.84723 -2.00391
-0.230146 -1.98268
1.91287 -1.95217
-1.48561 -1.9993
-1.06778 -1.99388
-1.48446 -1.99929
2.34174 -1.94576
1.6834 -1.95556
2.62029 -1.94154
-0.646762 -1.98831
3.33646 -1.93051
0.630949 -1.97074
0.610876 -1.97102
0.002862 -1.97949
2.44533 -1.94419
-1.44821 -1.99882
2.0498 -1.95013
0.417918 -1.97373
1.6575 -1.95594
-1.68484 -2.00185
1.05253 -1.96473
-2.03971 -2.00633
-2.8558 -2.01632
2.19429 -1.94797
-1.59365 -2.00069
0.371943 -1.97438
-0.140665 -1.98146
-1.7322 -2.00245
-2.4931 -2.01193
-2.70656 -2.01452
-3.25061 -2.021
0.24285 -1.97618
2.27904 -1.9467
3.07942 -1.9345
-1.67719 -2.00176
3.45038 -1.92873
0.832129 -1.96789
-0.339147 -1.98416
2.32871 -1.94595
3.762 -1.92383
2.5997 -1.94185
-3.79574 -2.02728
3.29495 -1.93116
-1.82109 -2.00358
0.713475 -1.96957
2.31774 -1.94612
-2.32439 -2.00986
1.84265 -1.95321
-0.63827 -1.98819
3.55392 -1.92711
2.35778 -1.94552
0.217656 -1.97653
1.88211 -1.95263
-0.040247 -1.98009
-3.72217 -2.02645
-0.804171 -1.9904
3.33877 -1.93047
-3.57682 -2.02478
2.89698 -1.93731
3.87285 -1.92208
3.33386 -1.93055
-2.43328 -2.0112
-0.713762 -1.9892
0.74644 -1.9691
2.80349 -1.93874
-0.06214 -1.98039
-2.42925 -2.01115
-1.91352 -2.00475
0.547937 -1.97191
2.2464 -1.94719
0.48351 -1.97281
-0.773006 -1.98999
1.24634 -1.96194
2.39859 -1.9449
0.778456 -1.96865
3.53002 -1.92748
2.70571 -1.94024
2.07822 -1.94971
-1.74708 -2.00264
-2.22863 -2.00868
-1.9057 -2.00465
3.62454 -1.926
-3.87055 -2.02813
0.698204 -1.96979
0.909436 -1.96678
3.95706 -1.92074
-1.45294 -1.99888
3.50857 -1.92782
0.42961 -1.97357
2.29722 -1.94643
2.91179 -1.93708
-2.99727 -2.01801
-0.598964 -1.98767
2.43696 -1.94432
0.856644 -1.96754
0.156448 -1.97737
1.70854 -1.95519
2.30416 -1.94632
-2.43902 -2.01127
0.866061 -1.9674
-2.21918 -2.00856
-0.425097 -1.98533
-0.820814 -1.99062
3.6155 -1.92614
-0.519877 -1.9866
-1.91729 -2.00479
2.12876 -1.94896
-1.18486 -1.99541
-3.77376 -2.02703
3.77454 -1.92363
-2.0122 -2.00599
0.562565 -1.9717
-3.89507 -2.02841
2.96376 -1.93628
3.75182 -1.92399
-0.424841 -1.98532
-0.28933 -1.98349
-0.370048 -1.98458
3.19995 -1.93263
2.04461 -1.95021
-1.52619 -1.99983
0.515542 -1.97236
1.12055 -1.96376
1.1633 -1.96314
-2.7779 -2.01538
0.769411 -1.96878
-3.85385 -2.02794
-3.92752 -2.02877
0.726608 -1.96938
2.8873 -1.93746
1.94781 -1.95165
0.98248 -1.96574
3.98195 -1.92035
1.69911 -1.95533
2.53879 -1.94278
-0.78538 -1.99015
-2.02903 -2.0062
0.153101 -1.97742
3.43767 -1.92893
0.915122 -1.9667
-1.33624 -1.99738
-3.35307 -2.02219
0.440816 -1.97341
-0.809158 -1.99047
-0.998951 -1.99298
0.655571 -1.97039
3.75418 -1.92396
-0.583118 -1.98745
3.61199 -1.9262
1.40616 -1.95962
3.23453 -1.9321
-3.53391 -2.02429
-1.98372 -2.00563
2.34963 -1.94564
-3.50994 -2.02401
2.61041 -1.94169
-3.93927 -2.0289
-1.8207 -2.00358
-2.40969 -2.01091
0.844155 -1.96771
1.34012 -1.96058
-0.853734 -1.99106
-3.86448 -2.02806
-1.6209 -2.00104
2.35249 -1.9456
3.42175 -1.92918
0.435362 -1.97349
-0.938533 -1.99218
-2.8612 -2.01638
-1.74374 -2.0026
-1.45302 -1.99888
-2.53917 -2.01249
-0.843079 -1.99092
2.68562 -1.94055
2.9225 -1.93692
-2.61919 -2.01347
-3.85993 -2.02801
0.533946 -1.97211
-3.58418 -2.02487
-2.45827 -2.01151
-2.31044 -2.00969
0.46342 -1.9731
1.39886 -1.95973
3.18509 -1.93286
-0.648047 -1.98832
-0.179024 -1.98199
1.73712 -1.95477
-1.65007 -2.00141
-1.0694 -1.9939
1.03186 -1.96503
3.37466 -1.92991
1.57107 -1.95721
-3.2185 -2.02062
1.29005 -1.96131
3.27842 -1.93141
3.74927 -1.92403
3.84363 -1.92254
0.295564 -1.97544
0.491955 -1.9727
-1.05685 -1.99374
-2.84646 -2.01621
2.78866 -1.93897
3.04849 -1.93498
2.83312 -1.93829
-1.40559 -1.99827
-3.36915 -2.02238
-3.5066 -2.02397
-2.39292 -2.01071
0.629415 -1.97076
3.18288 -1.9329
3.76605 -1.92377
2.01807 -1.95061
2.76955 -1.93926
-3.27053 -2.02123
2.19098 -1.94802
-2.63627 -2.01367
2.52574 -1.94298
-2.29894 -2.00955
3.32852 -1.93063
-3.8623 -2.02804
-3.40463 -2.02279
0.442324 -1.97339
-2.56525 -2.01281
0.102846 -1.97812
-3.96683 -2.02921
0.277621 -1.97569
-3.7192 -2.02641
-1.46364 -1.99902
-0.843468 -1.99092
-3.37672 -2.02247
-3.91839 -2.02867
1.39678 -1.95976
-2.06489 -2.00664
-3.10321 -2.01926
-1.71601 -2.00225
2.16285 -1.94845
1.61488 -1.95657
1.97286 -1.95128
-2.03593 -2.00628
1.09426 -1.96413
1.32651 -1.96078
-2.06366 -2.00663
-2.41585 -2.01099
-0.335751 -1.98412
3.42815 -1.92908
-1.11797 -1.99454
3.85893 -1.9223
0.914124 -1.96672
-0.667424 -1.98858
-2.48864 -2.01188
1.48107 -1.95853
-1.52039 -1.99975
-0.431283 -1.98541
-3.72407 -2.02647
-2.54387 -2.01255
-2.96092 -2.01757
-0.172452 -1.9819
-0.182024 -1.98203
1.79696 -1.95389
-1.06628 -1.99386
-1.25764 -1.99636
-2.54237 -2.01253
-1.67261 -2.0017
-0.290537 -1.9835
-0.846564 -1.99096
0.477135 -1.9729
3.34528 -1.93037
-0.669112 -1.9886
0.607022 -1.97108
2.95188 -1.93647
1.89505 -1.95244
-0.183043 -1.98204
2.83878 -1.9382
2.87833 -1.9376
3.39944 -1.92953
-3.95137 -2.02904
3.99151 -1.92019
0.348853 -1.9747
-1.59922 -2.00076
2.49837 -1.94339
-2.68263 -2.01423
-2.47663 -2.01173
2.16155 -1.94846
2.63149 -1.94137
-1.88568 -2.0044
-2.85208 -2.01627
-1.12566 -1.99464
-0.270605 -1.98323
0.647056 -1.97051
0.370095 -1.9744
-3.76881 -2.02698
-0.115279 -1.98112
0.802305 -1.96831
0.601354 -1.97116
-3.89768 -2.02844
1.91831 -1.95209
0.228434 -1.97638
-1.82382 -2.00362
3.07416 -1.93458
0.968085 -1.96594
-0.290501 -1.9835
0.558138 -1.97177
-3.40312 -2.02277
0.499785 -1.97259
1.52363 -1.95791
0.842828 -1.96773
-3.5088 -2.024
-0.510414 -1.98648
-3.46418 -2.02348
3.30766 -1.93096
3.56456 -1.92694
-2.4714 -2.01167
3.77505 -1.92363
0.758565 -1.96893
1.08677 -1.96424
0.599217 -1.97119
2.24584 -1.9472
-3.57649 -2.02478
-1.12506 -1.99463
-1.72661 -2.00238
-1.27588 -1.99659
-0.857036 -1.9911
1.7378 -1.95476
-0.917286 -1.9919
-0.712478 -1.98918
-3.39282 -2.02265
-3.97055 -2.02926
-1.18957 -1.99547
0.330028 -1.97496
3.3904 -1.92967
-3.93758 -2.02888
0.455305 -1.97321
-1.18902 -1.99546
-3.46813 -2.02353
-3.86987 -2.02812
0.61735 -1.97093
1.4885 -1.95842
3.41382 -1.9293
-2.11127 -2.00722
-2.94454 -2.01738
0.887241 -1.9671
2.6862 -1.94054
-1.15168 -1.99498
-3.83311 -2.02771
1.75054 -1.95457
-1.01156 -1.99314
-0.276477 -1.98331
3.13864 -1.93358
1.72696 -1.95492
-3.78205 -2.02713
-3.60654 -2.02512
-2.47932 -2.01176
2.04115 -1.95026
-1.90443 -2.00463
-1.77892 -2.00305
-3.02894 -2.01838
-0.100812 -1.98092
0.777855 -1.96866
-1.51816 -1.99972
3.92293 -1.92128
-1.62186 -2.00105
2.26629 -1.94689
2.65186 -1.94106
1.92341 -1.95202
1.55015 -1.95752
1.36332 -1.96024
0.305323 -1.97531
-3.60574 -2.02511
-1.40919 -1.99832
2.92528 -1.93688
2.37132 -1.94531
2.56462 -1.94239
0.621947 -1.97087
2.16219 -1.94846
-2.4999 -2.01202
-0.67462 -1.98868
-1.96124 -2.00535
-3.26553 -2.02117
-2.71139 -2.01458
-0.244368 -1.98288
-1.92866 -2.00494
-0.603534 -1.98773
0.115465 -1.97794
1.07087 -1.96447
2.33059 -1.94593
3.93689 -1.92106
3.33532 -1.93053
-3.25688 -2.02107
-3.91152 -2.02859
-2.8339 -2.01606
-2.41747 -2.01101
-2.45707 -2.01149
1.04269 -1.96488
1.70034 -1.95531
0.934285 -1.96643
-3.74675 -2.02673
-0.684334 -1.98881
2.29272 -1.9465
2.68302 -1.94058
-1.19487 -1.99554
-3.56202 -2.02461
-3.5388 -2.02434
2.46829 -1.94385
0.585418 -1.97138
-0.93389 -1.99212
-1.83663 -2.00378
-1.48204 -1.99926
-1.33384 -1.99735
-0.815377 -1.99055
3.26815 -1.93157
-1.25119 -1.99627
-1.29396 -1.99683
-3.45734 -2.0234
1.5743 -1.95716
-3.52351 -2.02417
3.27357 -1.93149
-0.92516 -1.992
-3.87409 -2.02817
0.484825 -1.9728
-3.65775 -2.02571
1.05656 -1.96468
2.57466 -1.94223
-2.79543 -2.01559
-1.29247 -1.99681
-1.25639 -1.99634
-2.66098 -2.01397
-1.24852 -1.99624
1.07568 -1.9644
3.24621 -1.93191
3.31029 -1.93092
-1.42624 -1.99854
1.57457 -1.95716
-1.61258 -2.00093
1.85557 -1.95302
-3.54109 -2.02437
2.43622 -1.94433
3.2959 -1.93114
3.86748 -1.92216
2.64994 -1.94109
0.601351 -1.97116
3.48306 -1.92822
0.610949 -1.97102
-1.17905 -1.99533
2.99573 -1.93579
-1.84541 -2.00389
-0.883324 -1.99145
-2.33792 -2.01003
-2.77161 -2.01531
-0.493667 -1.98625
-1.12839 -1.99467
2.82389 -1.93843
-3.53819 -2.02434
-0.245396 -1.98289
2.55626 -1.94251
2.971 -1.93617
1.20383 -1.96255
-2.3492 -2.01017
-2.42118 -2.01105
1.69525 -1.95539
-3.22842 -2.02073
-3.76956 -2.02698
1.15629 -1.96324
1.03809 -1.96494
-2.82282 -2.01592
-0.453433 -1.98571
1.69236 -1.95543
-3.62751 -2.02536
-1.81462 -2.0035
0.137496 -1.97764
1.20226 -1.96258
-3.60591 -2.02512
2.29305 -1.94649
0.978998 -1.96579
-0.465635 -1.98587
-2.0282 -2.00619
2.38055 -1.94517
-0.329201 -1.98403
-2.86116 -2.01638
1.6078 -1.95667
-1.21505 -1.9958
2.60749 -1.94174
1.13299 -1.96358
-2.74319 -2.01497
0.545165 -1.97195
-3.11621 -2.01941
-0.586367 -1.9875
-1.74512 -2.00262
-2.43104 -2.01117
3.6842 -1.92506
-0.433781 -1.98544
-2.89262 -2.01676
-1.5282 -1.99985
-3.09295 -2.01914
1.32092 -1.96086
0.886568 -1.96711
0.837578 -1.96781
2.77284 -1.93921
-0.69443 -1.98894
3.98833 -1.92024
-3.34873 -2.02214
-3.83294 -2.0277
-3.15458 -2.01987
-0.001555 -1.97955
-0.346616 -1.98427
-2.53265 -2.01241
-0.440123 -1.98553
2.41817 -1.9446
-2.63363 -2.01364
1.60496 -1.95671
1.50601 -1.95816
-0.000831 -1.97954
-1.45716 -1.99894
-0.889273 -1.99153
-3.38097 -2.02252
0.437888 -1.97345
-1.21433 -1.99579
0.89528 -1.96699
-3.80048 -2.02734
0.179236 -1.97706
3.09002 -1.93434
-1.48627 -1.99931
-2.80229 -2.01568
2.07969 -1.94969
0.057194 -1.97875
3.66469 -1.92537
2.04445 -1.95021
-1.32027 -1.99717
2.53037 -1.94291
2.67365 -1.94073
2.77917 -1.93912
2.83572 -1.93825
1.40223 -1.95968
1.71077 -1.95516
-1.77528 -2.003
3.46107 -1.92856
3.34445 -1.93039
-1.50696 -1.99958
-3.04103 -2.01853
0.12685 -1.97778
-0.790946 -1.99023
0.220754 -1.97648
2.83344 -1.93829
2.27175 -1.94681
1.85168 -1.95308
3.49847 -1.92798
-0.2113 -1.98243
2.77142 -1.93923
0.126682 -1.97779
-0.009746 -1.97967
-3.28334 -2.02138
3.61713 -1.92612
-0.195883 -1.98222
3.55931 -1.92702
-2.88022 -2.01661
-0.546051 -1.98696
-1.84137 -2.00384
2.64205 -1.94121
2.31709 -1.94613
-3.27188 -2.02124
-1.01984 -1.99325
1.60643 -1.95669
0.947162 -1.96624
-1.80604 -2.00339
2.75663 -1.93946
-1.1552 -1.99502
-2.48212 -2.0118
-1.47 -1.9991
-1.22165 -1.99589
1.35099 -1.96042
0.753128 -1.96901
0.814644 -1.96813
-2.08555 -2.0069
3.53184 -1.92746
0.486356 -1.97277
3.6111 -1.92621
-3.18892 -2.02027
-1.99685 -2.00579
-2.149 -2.00769
0.411689 -1.97382
0.261565 -1.97592
2.11988 -1.94909
-2.48222 -2.0118
-2.80839 -2.01575
0.498362 -1.97261
-0.009138 -1.97966
2.7289 -1.93988
1.82197 -1.95352
0.156952 -1.97737
-0.272215 -1.98326
1.87908 -1.95267
-0.9077 -1.99177
1.66157 -1.95588
1.6786 -1.95563
3.39352 -1.92962
1.09234 -1.96416
1.78283 -1.9541
-2.60468 -2.01329
3.65264 -1.92556
2.70328 -1.94028
2.11721 -1.94913
3.08612 -1.9344
0.713836 -1.96957
3.94835 -1.92088
2.23842 -1.94731
-0.698102 -1.98899
2.57999 -1.94215
0.952742 -1.96616
2.27065 -1.94683
-3.39283 -2.02265
-1.2351 -1.99606
3.26301 -1.93165
-2.36632 -2.01038
2.98533 -1.93595
3.90561 -1.92156
3.27571 -1.93146
0.709864 -1.96962
0.728305 -1.96936
-1.82844 -2.00367
3.52555 -1.92755
0.183036 -1.97701
-3.43942 -2.0232
1.22066 -1.96231
3.5828 -1.92666
-3.2008 -2.02041
-3.25241 -2.02102
0.452219 -1.97325
-3.68983 -2.02608
2.29919 -1.9464
2.9385 -1.93667
2.30673 -1.94629
3.22897 -1.93218
-3.72686 -2.0265
0.493353 -1.97268
-0.637422 -1.98818
-1.25525 -1.99633
-0.313167 -1.98381
3.0446 -1.93504
1.97958 -1.95118
0.982239 -1.96574
3.83 -1.92276
-2.95703 -2.01753
-0.760599 -1.98982
2.97967 -1.93604
1.43637 -1.95918
2.03778 -1.95031
-2.0671 -2.00667
-2.00751 -2.00593
2.72573 -1.93993
2.44156 -1.94425
-3.65575 -2.02569
-3.34352 -2.02208
3.11773 -1.93391
-1.4709 -1.99912
1.58207 -1.95705
1.76018 -1.95443
1.36767 -1.96018
-3.5792 -2.02481
3.20726 -1.93252
-1.62327 -2.00107
2.87407 -1.93766
0.800507 -1.96834
3.90789 -1.92152
-2.8949 -2.01679
2.90823 -1.93714
-1.88239 -2.00435
3.97084 -1.92052
-3.82934 -2.02766
-3.48446 -2.02372
2.02361 -1.95053
0.300352 -1.97538
-3.86487 -2.02806
1.83873 -1.95327
-3.20704 -2.02048
0.733476 -1.96929
-3.03404 -2.01844
-0.38698 -1.98481
2.47839 -1.94369
2.40237 -1.94484
-0.785007 -1.99015
-0.41692 -1.98522
1.55056 -1.95751
-1.10654 -1.99439
3.05656 -1.93485
0.591907 -1.97129
-1.22798 -1.99597
-3.04648 -2.01859
2.93498 -1.93673
-0.908429 -1.99178
2.05567 -1.95005
3.49262 -1.92807
3.57133 -1.92684
-3.17417 -2.0201
-3.94248 -2.02894
3.63385 -1.92585
-0.920268 -1.99194
2.43461 -1.94436
0.253822 -1.97602
2.5601 -1.94246
-3.05714 -2.01872
1.73039 -1.95487
3.2526 -1.93182
-0.09245 -1.9808
-3.40303 -2.02277
3.39646 -1.92957
1.08956 -1.9642
1.45611 -1.95889
-3.6238 -2.02532
-1.14303 -1.99486
3.25835 -1.93173
0.866752 -1.96739
2.56626 -1.94236
-0.930989 -1.99208
2.22521 -1.94751
-3.78435 -2.02715
2.31759 -1.94612
2.98641 -1.93593
2.17801 -1.94822
-1.92473 -2.00489
2.16775 -1.94837
-3.55448 -2.02452
-1.24038 -1.99613
-2.10772 -2.00718
-2.07673 -2.00679
-3.77718 -2.02707
-2.46429 -2.01158
-2.58765 -2.01308
1.65091 -1.95604
-1.98563 -2.00565
2.9469 -1.93654
3.90185 -1.92162
-0.471836 -1.98596
3.08726 -1.93438
1.49525 -1.95832
3.91641 -1.92139
-1.6967 -2.002
-1.64721 -2.00137
-1.0848 -1.9941
-3.6337 -2.02543
2.11466 -1.94917
0.61159 -1.97101
-0.921183 -1.99195
1.62879 -1.95636
-2.58065 -2.013
-0.279362 -1.98335
0.385443 -1.97419
-0.542673 -1.98691
3.78136 -1.92353
-0.567886 -1.98725
1.38574 -1.95992
0.437543 -1.97346
-3.73097 -2.02655
-1.34586 -1.9975
3.39006 -1.92967
3.74023 -1.92418
-2.78816 -2.01551
-0.116599 -1.98113
1.81125 -1.95368
-2.07888 -2.00682
-0.933334 -1.99211
-0.440363 -1.98553
1.99177 -1.951
-2.48243 -2.0118
0.143356 -1.97756
-0.907992 -1.99178
3.26523 -1.93162
0.192152 -1.97688
