2.19503 0.270912
2.15354 0.423115
1.67382 0.391741
1.55555 0.259225
-3.96398 0.423115
-2.76322 0.423115
0.217907 0.423115
-3.31167 0.295254
1.80275 0.423115
2.01385 0.423115
3.2653 0.423115
-3.63546 0.312169
1.55976 0.352059
3.42571 0.423115
1.74465 0.413382
-3.09401 0.423115
2.19722 0.423115
1.65229 0.301535
1.20465 0.423115
0.560423 0.423115
1.32837 0.423115
-3.12682 0.423115
-0.07753 0.423115
-1.24551 0.423115
2.54638 0.423115
3.2003 0.423115
3.74648 0.423115
-1.60647 0.423115
-2.20945 0.423115
-3.46762 0.423115
1.42345 0.423115
3.95827 0.423115
-1.42812 0.423115
3.08132 0.423115
-3.83995 0.423115
0.148376 0.423115
1.80807 0.423115
3.32041 0.423115
1.16872 0.423115
-0.177142 0.423115
-3.98218 0.423115
2.10451 0.423115
-1.052 0.423115
1.98741 0.423115
-2.37543 0.423115
3.71197 0.423115
-3.95286 0.423115
-3.42144 0.423115
-0.880464 0.423115
2.55854 0.423115
-2.93486 0.423115
-3.20525 0.423115
2.83424 0.423115
0.33312 0.423115
-2.36586 0.423115
3.72425 0.423115
-1.9277 0.423115
0.30533 0.423115
-3.86282 0.423115
-3.98004 0.423115
-0.649359 0.423115
-2.44495 0.423115
3.91039 0.423115
1.3711 0.423115
3.50011 0.423115
3.87377 0.423115
-2.32054 0.423115
-1.47824 0.423115
-0.624606 0.423115
-1.91219 0.423115
1.9806 0.423115
2.58634 0.423115
-0.075591 0.423115
0.553494 0.423115
-2.68426 0.423115
2.41183 0.423115
-1.63304 0.423115
2.57408 0.423115
1.79224 0.423115
-1.26299 0.423115
2.23287 0.423115
