0.69134 -2.06814
-0.567792 -2.08519
2.75998 -2.00839
2.5047 -2.01786
2.22021 -2.02773
-0.882034 -2.08714
-0.601486 -2.08545
0.270026 -2.07549
-3.10311 -2.07472
0.392048 -2.07353
1.39442 -2.05222
-3.08332 -2.07503
2.04626 -2.0334
-0.176351 -2.08147
1.07973 -2.05991
-1.10484 -2.08797
-0.703682 -2.08615
2.33518 -2.02383
3.67312 -1.96978
-3.79598 -2.06156
1.11634 -2.05906
2.79111 -2.00719
-1.34603 -2.08834
-3.4041 -2.06954
0.964287 -2.0625
0.008751 -2.07922
-3.87927 -2.05968
-1.91955 -2.08704
0.79369 -2.06611
1.94084 -2.03671
-0.116323 -2.08078
0.474146 -2.07213
1.66982 -2.04474
0.780055 -2.06638
1.04213 -2.06077
0.746978 -2.06705
-0.75472 -2.08646
-3.26465 -2.07204
-0.204095 -2.08178
0.915982 -2.06355
-2.155 -2.08562
1.23023 -2.05634
3.24126 -1.98895
-2.76431 -2.07957
-3.08947 -2.07494
2.27286 -2.02596
-1.09888 -2.08795
3.43541 -1.98053
3.55378 -1.97524
-1.25195 -2.08826
3.73981 -1.96667
-3.24655 -2.07235
0.970077 -2.06237
-1.61889 -2.0881
-3.58805 -2.06596
-0.481879 -2.0845
-1.53933 -2.08824
-1.87637 -2.08724
0.495998 -2.07175
1.0257 -2.06114
-3.18549 -2.07339
1.71106 -2.04356
-1.5381 -2.08824
-3.53477 -2.06703
2.79952 -2.00687
-2.85777 -2.07834
0.123329 -2.07766
-0.359819 -2.08339
-1.48686 -2.0883
-3.16932 -2.07365
1.32414 -2.05401
2.23703 -2.02717
-0.657713 -2.08584
-0.82204 -2.08684
-3.39068 -2.06979
0.39068 -2.07355
2.28272 -2.02562
-1.68132 -2.08795
-2.36978 -2.08388
-2.70324 -2.08033
-1.63226 -2.08807
-3.21245 -2.07293
-2.96575 -2.07681
-1.3792 -2.08834
2.95625 -2.00071
3.85824 -1.96106
-2.41114 -2.08349
-2.54569 -2.08213
-2.36975 -2.08388
-1.69589 -2.08791
-1.71005 -2.08787
-2.43232 -2.08329
1.45165 -2.05072
-1.66918 -2.08798
1.20467 -2.05696
-0.289981 -2.0827
-2.6715 -2.08071
1.43084 -2.05127
2.79851 -2.00691
-0.294207 -2.08274
3.24057 -1.98898
0.909831 -2.06368
1.49689 -2.04952
3.09841 -1.99493
-1.9257 -2.08701
1.83484 -2.03993
1.23103 -2.05632
1.09064 -2.05966
-0.182868 -2.08155
3.15446 -1.99261
2.71819 -2.00998
0.531925 -2.07111
-2.13875 -2.08573
-3.2592 -2.07214
2.22639 -2.02752
-3.29745 -2.07147
-2.83335 -2.07866
-1.89663 -2.08715
-2.42663 -2.08334
-2.35531 -2.08401
-3.96643 -2.05765
-0.475207 -2.08444
-2.88998 -2.07789
-3.20963 -2.07298
3.2344 -1.98924
-3.63154 -2.06507
-0.561864 -2.08515
2.63625 -2.01305
-3.74519 -2.06267
1.308 -2.05442
3.61259 -1.97256
-1.7847 -2.08762
-1.60562 -2.08813
-2.77135 -2.07948
1.57783 -2.04732
3.11535 -1.99423
0.476583 -2.07209
-0.449519 -2.08422
-3.4112 -2.06941
-1.20544 -2.08819
0.918054 -2.0635
2.72356 -2.00977
-0.633794 -2.08568
1.94365 -2.03662
1.90736 -2.03774
-2.3551 -2.08401
-2.26385 -2.08479
-1.35482 -2.08834
3.44307 -1.98019
2.74734 -2.00887
3.50416 -1.97747
0.079499 -2.07827
0.981201 -2.06213
-0.489706 -2.08456
-3.68638 -2.06393
-3.47224 -2.06825
-3.55794 -2.06657
3.14236 -1.99311
-3.76151 -2.06231
-1.57834 -2.08818
-3.67352 -2.0642
-0.814182 -2.0868
-3.13951 -2.07414
-2.80982 -2.07898
-1.30863 -2.08831
0.792992 -2.06612
-1.41937 -2.08834
2.65309 -2.01242
-1.26531 -2.08827
-2.57551 -2.08181
1.91507 -2.0375
-2.28859 -2.08459
-1.26022 -2.08827
1.71934 -2.04332
0.525434 -2.07123
-0.915323 -2.08729
-3.87088 -2.05987
-2.71304 -2.08021
1.73343 -2.04292
0.845183 -2.06505
-0.622682 -2.0856
2.17102 -2.02936
2.26989 -2.02606
-2.50102 -2.0826
-2.46633 -2.08295
2.73522 -2.00933
3.00816 -1.99862
-0.636181 -2.08569
-2.89606 -2.07781
-3.27913 -2.07179
-1.56811 -2.0882
-3.00602 -2.07622
-3.95842 -2.05784
-3.7736 -2.06205
0.587139 -2.07011
3.40193 -1.98201
0.598326 -2.0699
-2.64127 -2.08106
1.26896 -2.05539
2.82687 -2.00581
2.78416 -2.00746
-0.693513 -2.08608
-3.80775 -2.06129
-1.19982 -2.08818
0.186624 -2.07675
-0.414832 -2.08391
-1.10295 -2.08796
-1.74227 -2.08777
-0.100438 -2.08059
0.204089 -2.07649
0.13817 -2.07745
-3.55096 -2.06671
0.311183 -2.07484
-0.494729 -2.08461
0.509238 -2.07152
-0.606648 -2.08548
-3.49847 -2.06774
-3.57582 -2.06621
0.051082 -2.07866
-3.36746 -2.07021
2.99932 -1.99898
-2.07765 -2.08614
0.594509 -2.06997
1.03095 -2.06102
3.64814 -1.97093
0.341855 -2.07435
0.587452 -2.0701
-3.62798 -2.06515
-1.66795 -2.08798
-0.568294 -2.0852
-1.84351 -2.08739
-2.4981 -2.08263
0.310542 -2.07485
-0.203931 -2.08178
-1.84723 -2.08737
-0.230146 -2.08207
1.91287 -2.03757
-1.48561 -2.0883
-1.06778 -2.08786
-1.48446 -2.0883
2.34174 -2.0236
1.6834 -2.04435
2.62029 -2.01364
-0.646762 -2.08577
3.33646 -1.98486
0.630949 -2.06929
0.610876 -2.06967
0.002862 -2.07929
2.44533 -2.01998
-1.44821 -2.08833
2.0498 -2.03329
0.417918 -2.0731
1.6575 -2.04509
-1.68484 -2.08794
1.05253 -2.06053
-2.03971 -2.08638
-2.8558 -2.07836
2.19429 -2.02859
-1.59365 -2.08815
0.371943 -2.07386
-0.140665 -2.08106
-1.7322 -2.0878
-2.4931 -2.08268
-2.70656 -2.08029
-3.25061 -2.07229
0.24285 -2.07591
2.27904 -2.02575
3.07942 -1.99571
-1.67719 -2.08796
3.45038 -1.97987
0.832129 -2.06532
-0.339147 -2.08319
2.32871 -2.02405
3.762 -1.96563
2.5997 -2.0144
-3.79574 -2.06156
3.29495 -1.98666
-1.82109 -2.08748
0.713475 -2.06771
2.31774 -2.02443
-2.32439 -2.08428
1.84265 -2.0397
-0.63827 -2.08571
3.55392 -1.97523
2.35778 -2.02305
0.217656 -2.07629
1.88211 -2.03851
-0.040247 -2.07985
-3.72217 -2.06317
-0.804171 -2.08674
3.33877 -1.98476
-3.57682 -2.06619
2.89698 -2.00306
3.87285 -1.96036
3.33386 -1.98498
-2.43328 -2.08328
-0.713762 -2.08621
0.74644 -2.06706
2.80349 -2.00671
-0.06214 -2.08012
-2.42925 -2.08332
-1.91352 -2.08707
0.547937 -2.07083
2.2464 -2.02685
0.48351 -2.07197
-0.773006 -2.08657
1.24634 -2.05595
2.39859 -2.02163
0.778456 -2.06641
3.53002 -1.97631
2.70571 -2.01045
2.07822 -2.03238
-1.74708 -2.08775
-2.22863 -2.08507
-1.9057 -2.0871
3.62454 -1.97201
-3.87055 -2.05988
0.698204 -2.06801
0.909436 -2.06369
3.95706 -1.95629
-1.45294 -2.08833
3.50857 -1.97727
0.42961 -2.0729
2.29722 -2.02513
2.91179 -2.00248
-2.99727 -2.07635
-0.598964 -2.08543
2.43696 -2.02028
0.856644 -2.06481
0.156448 -2.07719
1.70854 -2.04363
2.30416 -2.02489
-2.43902 -2.08322
0.866061 -2.06461
-2.21918 -2.08514
-0.425097 -2.084
-0.820814 -2.08683
3.6155 -1.97243
-0.519877 -2.08481
-1.91729 -2.08705
2.12876 -2.03075
-1.18486 -2.08815
-3.77376 -2.06205
3.77454 -1.96504
-2.0122 -2.08654
0.562565 -2.07056
-3.89507 -2.05932
2.96376 -2.00041
3.75182 -1.96611
-0.424841 -2.084
-0.28933 -2.08269
-0.370048 -2.08349
3.19995 -1.9907
2.04461 -2.03345
-1.52619 -2.08826
0.515542 -2.07141
1.12055 -2.05896
1.1633 -2.05795
-2.7779 -2.07939
0.769411 -2.0666
-3.85385 -2.06026
-3.92752 -2.05857
0.726608 -2.06745
2.8873 -2.00344
1.94781 -2.03649
0.98248 -2.0621
3.98195 -1.95507
1.69911 -2.04391
2.53879 -2.01663
-0.78538 -2.08664
-2.02903 -2.08644
0.153101 -2.07724
3.43767 -1.98043
0.915122 -2.06357
-1.33624 -2.08833
-3.35307 -2.07048
0.440816 -2.07271
-0.809158 -2.08677
-0.998951 -2.08763
0.655571 -2.06883
3.75418 -1.966
-0.583118 -2.08531
3.61199 -1.97259
1.40616 -2.05191
3.23453 -1.98924
-3.53391 -2.06705
-1.98372 -2.0867
2.34963 -2.02333
-3.50994 -2.06752
2.61041 -2.01401
-3.93927 -2.05829
-1.8207 -2.08748
-2.40969 -2.08351
0.844155 -2.06507
1.34012 -2.05361
-0.853734 -2.087
-3.86448 -2.06002
-1.6209 -2.0881
2.35249 -2.02323
3.42175 -1.98114
0.435362 -2.0728
-0.938533 -2.08739
-2.8612 -2.07829
-1.74374 -2.08776
-1.45302 -2.08833
-2.53917 -2.0822
-0.843079 -2.08695
2.68562 -2.01121
2.9225 -2.00205
-2.61919 -2.08132
-3.85993 -2.06012
0.533946 -2.07108
-3.58418 -2.06604
-2.45827 -2.08303
-2.31044 -2.0844
0.46342 -2.07232
1.39886 -2.0521
3.18509 -1.99132
-0.648047 -2.08578
-0.179024 -2.0815
1.73712 -2.04281
-1.65007 -2.08803
-1.0694 -2.08787
1.03186 -2.061
3.37466 -1.9832
1.57107 -2.0475
-3.2185 -2.07283
1.29005 -2.05487
3.27842 -1.98736
3.74927 -1.96623
3.84363 -1.96176
0.295564 -2.07509
0.491955 -2.07182
-1.05685 -2.08783
-2.84646 -2.07849
2.78866 -2.00729
3.04849 -1.99698
2.83312 -2.00557
-1.40559 -2.08834
-3.36915 -2.07018
-3.5066 -2.06758
-2.39292 -2.08366
0.629415 -2.06932
3.18288 -1.99142
3.76605 -1.96544
2.01807 -2.0343
2.76955 -2.00802
-3.27053 -2.07194
2.19098 -2.0287
-2.63627 -2.08112
2.52574 -2.0171
-2.29894 -2.0845
3.32852 -1.98521
-3.8623 -2.06007
-3.40463 -2.06953
0.442324 -2.07268
-2.56525 -2.08192
0.102846 -2.07795
-3.96683 -2.05764
0.277621 -2.07537
-3.7192 -2.06323
-1.46364 -2.08832
-0.843468 -2.08695
-3.37672 -2.07004
-3.91839 -2.05878
1.39678 -2.05216
-2.06489 -2.08622
-3.10321 -2.07472
-1.71601 -2.08785
2.16285 -2.02963
1.61488 -2.04629
1.97286 -2.03571
-2.03593 -2.0864
1.09426 -2.05957
1.32651 -2.05395
-2.06366 -2.08623
-2.41585 -2.08345
-0.335751 -2.08316
3.42815 -1.98085
-1.11797 -2.088
3.85893 -1.96103
0.914124 -2.06359
-0.667424 -2.08591
-2.48864 -2.08273
1.48107 -2.04994
-1.52039 -2.08827
-0.431283 -2.08406
-3.72407 -2.06312
-2.54387 -2.08215
-2.96092 -2.07688
-0.172452 -2.08143
-0.182024 -2.08154
1.79696 -2.04106
-1.06628 -2.08786
-1.25764 -2.08826
-2.54237 -2.08217
-1.67261 -2.08797
-0.290537 -2.08271
-0.846564 -2.08697
0.477135 -2.07208
3.34528 -1.98448
-0.669112 -2.08592
0.607022 -2.06974
2.95188 -2.00088
1.89505 -2.03811
-0.183043 -2.08155
2.83878 -2.00534
2.87833 -2.0038
3.39944 -1.98212
-3.95137 -2.05801
3.99151 -1.95461
0.348853 -2.07424
-1.59922 -2.08814
2.49837 -2.01809
-2.68263 -2.08058
-2.47663 -2.08285
2.16155 -2.02967
2.63149 -2.01323
-1.88568 -2.0872
-2.85208 -2.07841
-1.12566 -2.08802
-0.270605 -2.0825
0.647056 -2.06899
0.370095 -2.07389
-3.76881 -2.06215
-0.115279 -2.08076
0.802305 -2.06593
0.601354 -2.06985
-3.89768 -2.05926
1.91831 -2.0374
0.228434 -2.07612
-1.82382 -2.08747
3.07416 -1.99593
0.968085 -2.06242
-0.290501 -2.08271
0.558138 -2.07064
-3.40312 -2.06956
0.499785 -2.07169
1.52363 -2.0488
0.842828 -2.06509
-3.5088 -2.06754
-0.510414 -2.08474
-3.46418 -2.0684
3.30766 -1.98611
3.56456 -1.97475
-2.4714 -2.0829
3.77505 -1.96502
0.758565 -2.06681
1.08677 -2.05975
0.599217 -2.06989
2.24584 -2.02687
-3.57649 -2.0662
-1.12506 -2.08802
-1.72661 -2.08782
-1.27588 -2.08828
-0.857036 -2.08702
1.7378 -2.04279
-0.917286 -2.0873
-0.712478 -2.0862
-3.39282 -2.06975
-3.97055 -2.05755
-1.18957 -2.08816
0.330028 -2.07454
3.3904 -1.98251
-3.93758 -2.05833
0.455305 -2.07246
-1.18902 -2.08816
-3.46813 -2.06833
-3.86987 -2.0599
0.61735 -2.06955
1.4885 -2.04974
3.41382 -1.98148
-2.11127 -2.08592
-2.94454 -2.07712
0.887241 -2.06416
2.6862 -2.01118
-1.15168 -2.08808
-3.83311 -2.06073
1.75054 -2.04242
-1.01156 -2.08768
-0.276477 -2.08256
3.13864 -1.99327
1.72696 -2.0431
-3.78205 -2.06186
-3.60654 -2.06559
-2.47932 -2.08282
2.04115 -2.03356
-1.90443 -2.08711
-1.77892 -2.08764
-3.02894 -2.07587
-0.100812 -2.08059
0.777855 -2.06643
-1.51816 -2.08827
3.92293 -1.95795
-1.62186 -2.08809
2.26629 -2.02618
2.65186 -2.01247
1.92341 -2.03724
1.55015 -2.04808
1.36332 -2.05302
0.305323 -2.07494
-3.60574 -2.0656
-1.40919 -2.08834
2.92528 -2.00194
2.37132 -2.02258
2.56462 -2.01569
0.621947 -2.06946
2.16219 -2.02965
-2.4999 -2.08261
-0.67462 -2.08596
-1.96124 -2.08682
-3.26553 -2.07203
-2.71139 -2.08023
-0.244368 -2.08222
-1.92866 -2.08699
-0.603534 -2.08546
0.115465 -2.07777
1.07087 -2.06011
2.33059 -2.02399
3.93689 -1.95727
3.33532 -1.98491
-3.25688 -2.07218
-3.91152 -2.05894
-2.8339 -2.07866
-2.41747 -2.08343
-2.45707 -2.08305
1.04269 -2.06075
1.70034 -2.04387
0.934285 -2.06315
-3.74675 -2.06263
-0.684334 -2.08602
2.29272 -2.02528
2.68302 -2.0113
-1.19487 -2.08817
-3.56202 -2.06649
-3.5388 -2.06695
2.46829 -2.01916
0.585418 -2.07014
-0.93389 -2.08738
-1.83663 -2.08741
-1.48204 -2.0883
-1.33384 -2.08833
-0.815377 -2.08681
3.26815 -1.9878
-1.25119 -2.08826
-1.29396 -2.0883
-3.45734 -2.06854
1.5743 -2.04741
-3.52351 -2.06725
3.27357 -1.98757
-0.92516 -2.08734
-3.87409 -2.0598
0.484825 -2.07195
-3.65775 -2.06453
1.05656 -2.06044
2.57466 -2.01532
-2.79543 -2.07917
-1.29247 -2.0883
-1.25639 -2.08826
-2.66098 -2.08083
-1.24852 -2.08825
1.07568 -2.06
3.24621 -1.98874
3.31029 -1.98599
-1.42624 -2.08834
1.57457 -2.04741
-1.61258 -2.08811
1.85557 -2.03931
-3.54109 -2.06691
2.43622 -2.0203
3.2959 -1.98661
3.86748 -1.96062
2.64994 -2.01254
0.601351 -2.06985
3.48306 -1.97842
0.610949 -2.06967
-1.17905 -2.08814
2.99573 -1.99912
-1.84541 -2.08738
-0.883324 -2.08715
-2.33792 -2.08416
-2.77161 -2.07947
-0.493667 -2.0846
-1.12839 -2.08803
2.82389 -2.00592
-3.53819 -2.06696
-0.245396 -2.08223
2.55626 -2.01599
2.971 -2.00012
1.20383 -2.05698
-2.3492 -2.08406
-2.42118 -2.0834
1.69525 -2.04402
-3.22842 -2.07266
-3.76956 -2.06214
1.15629 -2.05812
1.03809 -2.06086
-2.82282 -2.0788
-0.453433 -2.08425
1.69236 -2.0441
-3.62751 -2.06516
-1.81462 -2.0875
0.137496 -2.07746
1.20226 -2.05702
-3.60591 -2.0656
2.29305 -2.02527
0.978998 -2.06218
-0.465635 -2.08436
-2.0282 -2.08645
2.38055 -2.02226
-0.329201 -2.0831
-2.86116 -2.07829
1.6078 -2.04649
-1.21505 -2.0882
2.60749 -2.01412
1.13299 -2.05867
-2.74319 -2.07983
0.545165 -2.07088
-3.11621 -2.07451
-0.586367 -2.08533
-1.74512 -2.08776
-2.43104 -2.0833
3.6842 -1.96926
-0.433781 -2.08408
-2.89262 -2.07786
-1.5282 -2.08826
-3.09295 -2.07488
1.32092 -2.0541
0.886568 -2.06418
0.837578 -2.0652
2.77284 -2.00789
-0.69443 -2.08609
3.98833 -1.95476
-3.34873 -2.07055
-3.83294 -2.06073
-3.15458 -2.07389
-0.001555 -2.07935
-0.346616 -2.08327
-2.53265 -2.08227
-0.440123 -2.08414
2.41817 -2.02094
-2.63363 -2.08115
1.60496 -2.04656
1.50601 -2.04927
-0.000831 -2.07934
-1.45716 -2.08832
-0.889273 -2.08718
-3.38097 -2.06997
0.437888 -2.07276
-1.21433 -2.0882
0.89528 -2.06399
-3.80048 -2.06146
0.179236 -2.07686
3.09002 -1.99528
-1.48627 -2.0883
-2.80229 -2.07908
2.07969 -2.03233
0.057194 -2.07857
3.66469 -1.97017
2.04445 -2.03346
-1.32027 -2.08832
2.53037 -2.01693
2.67365 -2.01166
2.77917 -2.00765
2.83572 -2.00546
1.40223 -2.05202
1.71077 -2.04357
-1.77528 -2.08765
3.46107 -1.97939
3.34445 -1.98452
-1.50696 -2.08828
-3.04103 -2.07569
0.12685 -2.07761
-0.790946 -2.08667
0.220754 -2.07624
2.83344 -2.00555
2.27175 -2.02599
1.85168 -2.03942
3.49847 -1.97773
-0.2113 -2.08186
2.77142 -2.00795
0.126682 -2.07761
-0.009746 -2.07946
-3.28334 -2.07172
3.61713 -1.97235
-0.195883 -2.08169
3.55931 -1.97499
-2.88022 -2.07803
-0.546051 -2.08502
-1.84137 -2.08739
2.64205 -2.01284
2.31709 -2.02445
-3.27188 -2.07192
-1.01984 -2.08771
1.60643 -2.04652
0.947162 -2.06287
-1.80604 -2.08754
2.75663 -2.00851
-1.1552 -2.08809
-2.48212 -2.0828
-1.47 -2.08831
-1.22165 -2.08821
1.35099 -2.05333
0.753128 -2.06692
0.814644 -2.06568
-2.08555 -2.08609
3.53184 -1.97623
0.486356 -2.07192
3.6111 -1.97263
-3.18892 -2.07333
-1.99685 -2.08663
-2.149 -2.08566
0.411689 -2.0732
0.261565 -2.07562
2.11988 -2.03103
-2.48222 -2.08279
-2.80839 -2.079
0.498362 -2.07171
-0.009138 -2.07945
2.7289 -2.00957
1.82197 -2.04031
0.156952 -2.07718
-0.272215 -2.08252
1.87908 -2.0386
-0.9077 -2.08726
1.66157 -2.04498
1.6786 -2.04449
3.39352 -1.98238
1.09234 -2.05962
1.78283 -2.04147
-2.60468 -2.08148
3.65264 -1.97072
2.70328 -2.01054
2.11721 -2.03112
3.08612 -1.99544
0.713836 -2.0677
3.94835 -1.95671
2.23842 -2.02712
-0.698102 -2.08611
2.57999 -2.01513
0.952742 -2.06275
2.27065 -2.02603
-3.39283 -2.06975
-1.2351 -2.08823
3.26301 -1.98802
-2.36632 -2.08391
2.98533 -1.99954
3.90561 -1.95878
3.27571 -1.98748
0.709864 -2.06778
0.728305 -2.06742
-1.82844 -2.08745
3.52555 -1.97651
0.183036 -2.0768
-3.43942 -2.06888
1.22066 -2.05658
3.5828 -1.97392
-3.2008 -2.07313
-3.25241 -2.07225
0.452219 -2.07251
-3.68983 -2.06386
2.29919 -2.02506
2.9385 -2.00142
2.30673 -2.0248
3.22897 -1.98947
-3.72686 -2.06306
0.493353 -2.0718
-0.637422 -2.0857
-1.25525 -2.08826
-0.313167 -2.08294
3.0446 -1.99714
1.97958 -2.03551
0.982239 -2.06211
3.83 -1.96241
-2.95703 -2.07694
-0.760599 -2.0865
2.97967 -1.99977
1.43637 -2.05112
2.03778 -2.03367
-2.0671 -2.08621
-2.00751 -2.08657
2.72573 -2.00969
2.44156 -2.02011
-3.65575 -2.06457
-3.34352 -2.07065
3.11773 -1.99413
-1.4709 -2.08831
1.58207 -2.0472
1.76018 -2.04214
1.36767 -2.05291
-3.5792 -2.06614
3.20726 -1.99039
-1.62327 -2.08809
2.87407 -2.00396
0.800507 -2.06597
3.90789 -1.95867
-2.8949 -2.07782
2.90823 -2.00262
-1.88239 -2.08721
3.97084 -1.95562
-3.82934 -2.06081
-3.48446 -2.06801
2.02361 -2.03412
0.300352 -2.07501
-3.86487 -2.06001
1.83873 -2.03981
-3.20704 -2.07303
0.733476 -2.06731
-3.03404 -2.0758
-0.38698 -2.08365
2.47839 -2.0188
2.40237 -2.02149
-0.785007 -2.08664
-0.41692 -2.08393
1.55056 -2.04806
-1.10654 -2.08797
3.05656 -1.99665
0.591907 -2.07002
-1.22798 -2.08822
-3.04648 -2.07561
2.93498 -2.00156
-0.908429 -2.08726
2.05567 -2.0331
3.49262 -1.97799
3.57133 -1.97444
-3.17417 -2.07357
-3.94248 -2.05822
3.63385 -1.97159
-0.920268 -2.08732
2.43461 -2.02036
0.253822 -2.07574
2.5601 -2.01585
-3.05714 -2.07544
1.73039 -2.043
3.2526 -1.98847
-0.09245 -2.08049
-3.40303 -2.06956
3.39646 -1.98225
1.08956 -2.05968
1.45611 -2.0506
-3.6238 -2.06523
-1.14303 -2.08806
3.25835 -1.98822
0.866752 -2.06459
2.56626 -2.01563
-0.930989 -2.08736
2.22521 -2.02756
-3.78435 -2.06181
2.31759 -2.02443
2.98641 -1.9995
2.17801 -2.02913
-1.92473 -2.08701
2.16775 -2.02947
-3.55448 -2.06664
-1.24038 -2.08824
-2.10772 -2.08594
-2.07673 -2.08615
-3.77718 -2.06197
-2.46429 -2.08297
-2.58765 -2.08167
1.65091 -2.04528
-1.98563 -2.08669
2.9469 -2.00108
3.90185 -1.95897
-0.471836 -2.08441
3.08726 -1.99539
1.49525 -2.04956
3.91641 -1.95826
-1.6967 -2.08791
-1.64721 -2.08804
-1.0848 -2.08791
-3.6337 -2.06503
2.11466 -2.0312
0.61159 -2.06966
-0.921183 -2.08732
1.62879 -2.0459
-2.58065 -2.08175
-0.279362 -2.08259
0.385443 -2.07364
-0.542673 -2.085
3.78136 -1.96472
-0.567886 -2.08519
1.38574 -2.05244
0.437543 -2.07276
-3.73097 -2.06298
-1.34586 -2.08834
3.39006 -1.98253
3.74023 -1.96665
-2.78816 -2.07926
-0.116599 -2.08078
1.81125 -2.04063
-2.07888 -2.08613
-0.933334 -2.08737
-0.440363 -2.08414
1.99177 -2.03512
-2.48243 -2.08279
0.143356 -2.07738
-0.907992 -2.08726
3.26523 -1.98793
0.192152 -2.07667
