0.69134 -1.17571
-0.567792 -1.37976
2.75998 -2.01708
2.5047 -2.01366
2.22021 -2.00181
-0.882034 -1.65493
-0.601486 -1.4115
0.270026 -0.92524
-3.10311 -2.01841
0.392048 -0.96689
1.39442 -1.77082
-3.08332 -2.01841
2.04626 -1.98555
-0.176351 -1.0407
1.07973 -1.53434
-1.10484 -1.80217
-0.703682 -1.50563
2.33518 -2.00819
3.67312 -2.01843
-3.79598 -2.01844
1.11634 -1.56608
2.79111 -2.01728
-1.34603 -1.90821
-3.4041 -2.01843
0.964287 -1.42935
0.008751 -0.943638
-3.87927 -2.01844
-1.91955 -2.00453
0.79369 -1.26862
1.94084 -1.97015
-0.116323 -1.00263
0.474146 -1.01104
1.66982 -1.90138
0.780055 -1.25593
1.04213 -1.50087
0.746978 -1.2255
-0.75472 -1.55069
-3.26465 -2.01843
-0.204095 -1.06015
0.915982 -1.38397
-2.155 -2.01352
1.23023 -1.65834
3.24126 -2.01835
-2.76431 -2.01824
-3.08947 -2.01841
2.27286 -2.00508
-1.09888 -1.79886
3.43541 -2.01841
3.55378 -2.01842
-1.25195 -1.87307
3.73981 -2.01843
-3.24655 -2.01843
0.970077 -1.43475
-1.61889 -1.97375
-3.58805 -2.01844
-0.481879 -1.29854
-1.53933 -1.95939
-1.87637 -2.00181
0.495998 -1.02474
1.0257 -1.486
-3.18549 -2.01842
1.71106 -1.91516
-1.5381 -1.95914
-3.53477 -2.01843
2.79952 -2.01733
-2.85777 -2.01832
0.123329 -0.917254
-0.359819 -1.18646
-1.48686 -1.94797
-3.16932 -2.01842
1.32414 -1.72585
2.23703 -2.00292
-0.657713 -1.46381
-0.82204 -1.60742
-3.39068 -2.01843
0.39068 -0.966259
2.28272 -2.00562
-1.68132 -1.98284
-2.36978 -2.01671
-2.70324 -2.01815
-1.63226 -1.97585
-3.21245 -2.01842
-2.96575 -2.01838
-1.3792 -1.91889
2.95625 -2.01796
3.85824 -2.01843
-2.41114 -2.01704
-2.54569 -2.01775
-2.36975 -2.01671
-1.69589 -1.98472
-1.71005 -1.98646
-2.43232 -2.01718
1.45165 -1.80386
-1.66918 -1.98121
1.20467 -1.63857
-0.289981 -1.12668
-2.6715 -2.0181
1.43084 -1.79222
2.79851 -2.01732
-0.294207 -1.13017
3.24057 -2.01835
0.909831 -1.37816
1.49689 -1.82772
3.09841 -2.01823
-1.9257 -2.00488
1.83484 -1.94896
1.23103 -1.65895
1.09064 -1.54389
-0.182868 -1.04517
3.15446 -2.01828
2.71819 -2.01675
0.531925 -1.04886
-2.13875 -2.01314
-3.2592 -2.01843
2.22639 -2.00223
-3.29745 -2.01843
-2.83335 -2.0183
-1.89663 -2.00314
-2.42663 -2.01715
-2.35531 -2.01658
-3.96643 -2.01844
-0.475207 -1.29226
-2.88998 -2.01834
-3.20963 -2.01842
3.2344 -2.01834
-3.63154 -2.01844
-0.561864 -1.37416
2.63625 -2.01589
-3.74519 -2.01844
1.308 -1.71484
3.61259 -2.01843
-1.7847 -1.99443
-1.60562 -1.97158
-2.77135 -2.01825
1.57783 -1.86554
3.11535 -2.01825
0.476583 -1.01253
-0.449519 -1.26821
-3.4112 -2.01843
-1.20544 -1.85285
0.918054 -1.38592
2.72356 -2.01679
-0.633794 -1.44169
1.94365 -1.97062
1.90736 -1.96413
-2.3551 -2.01658
-2.26385 -2.01551
-1.35482 -1.91113
3.44307 -2.01841
2.74734 -2.01698
3.50416 -2.01842
0.079499 -0.924034
0.981201 -1.4451
-0.489706 -1.30591
-3.68638 -2.01844
-3.47224 -2.01843
-3.55794 -2.01844
3.14236 -2.01827
-3.76151 -2.01844
-1.57834 -1.96685
-3.67352 -2.01844
-0.814182 -1.60097
-3.13951 -2.01842
-2.80982 -2.01828
-1.30863 -1.89514
0.792992 -1.26797
-1.41937 -1.93069
2.65309 -2.0161
-1.26531 -1.87853
-2.57551 -2.01785
1.91507 -1.96557
-2.28859 -2.01584
-1.26022 -1.87646
1.71934 -1.91777
0.525434 -1.04436
-0.915323 -1.67994
-3.87088 -2.01844
-2.71304 -2.01817
1.73343 -1.92208
0.845183 -1.31699
-0.622682 -1.43134
2.17102 -1.99815
2.26989 -2.00491
-2.50102 -2.01756
-2.46633 -2.01739
2.73522 -2.01689
3.00816 -2.01808
-0.636181 -1.44391
-2.89606 -2.01835
-3.27913 -2.01843
-1.56811 -1.96497
-3.00602 -2.01839
-3.95842 -2.01844
-3.7736 -2.01844
0.587139 -1.08949
3.40193 -2.0184
0.598326 -1.0982
-2.64127 -2.01803
1.26896 -1.68718
2.82687 -2.01748
2.78416 -2.01724
-0.693513 -1.49647
-3.80775 -2.01844
-1.19982 -1.85027
0.186624 -0.914897
-0.414832 -1.23611
-1.10295 -1.80112
-1.74227 -1.99014
-0.100438 -0.993542
0.204089 -0.915802
0.13817 -0.915909
-3.55096 -2.01843
0.311183 -0.935873
-0.494729 -1.31065
0.509238 -1.0334
-0.606648 -1.41635
-3.49847 -2.01843
-3.57582 -2.01844
0.051082 -0.930643
-3.36746 -2.01843
2.99932 -2.01806
-2.07765 -2.01143
0.594509 -1.09521
1.03095 -1.49076
3.64814 -2.01843
0.341855 -0.946094
0.587452 -1.08974
-3.62798 -2.01844
-1.66795 -1.98104
-0.568294 -1.38023
-1.84351 -1.99943
-2.4981 -2.01755
0.310542 -0.93568
-0.203931 -1.06003
-1.84723 -1.99971
-0.230146 -1.07938
1.91287 -1.96516
-1.48561 -1.94768
-1.06778 -1.78103
-1.48446 -1.94741
2.34174 -2.00848
1.6834 -1.90607
2.62029 -2.01569
-0.646762 -1.45371
3.33646 -2.01839
0.630949 -1.12441
0.610876 -1.10814
0.002862 -0.945738
2.44533 -2.01215
-1.44821 -1.93845
2.0498 -1.98598
0.417918 -0.979497
1.6575 -1.897
-1.68484 -1.9833
1.05253 -1.51021
-2.03971 -2.01014
-2.8558 -2.01832
2.19429 -1.99996
-1.59365 -1.96955
0.371943 -0.957968
-0.140665 -1.01737
-1.7322 -1.98904
-2.4931 -2.01753
-2.70656 -2.01816
-3.25061 -2.01843
0.24285 -0.920204
2.27904 -2.00542
3.07942 -2.0182
-1.67719 -1.98229
3.45038 -2.01841
0.832129 -1.30467
-0.339147 -1.16833
2.32871 -2.0079
3.762 -2.01843
2.5997 -2.0154
-3.79574 -2.01844
3.29495 -2.01837
-1.82109 -1.99764
0.713475 -1.19527
2.31774 -2.00739
-2.32439 -2.01627
1.84265 -1.95074
-0.63827 -1.44585
3.55392 -2.01842
2.35778 -2.00915
0.217656 -0.916968
1.88211 -1.9592
-0.040247 -0.963218
-3.72217 -2.01844
-0.804171 -1.59269
3.33877 -2.01839
-3.57682 -2.01844
2.89698 -2.01778
3.87285 -2.01843
3.33386 -2.01839
-2.43328 -2.01719
-0.713762 -1.51465
0.74644 -1.22501
2.80349 -2.01735
-0.06214 -0.973475
-2.42925 -2.01716
-1.91352 -2.00417
0.547937 -1.06023
2.2464 -2.00351
0.48351 -1.01682
-0.773006 -1.56642
1.24634 -1.67051
2.39859 -2.01068
0.778456 -1.25445
3.53002 -2.01842
2.70571 -2.01664
2.07822 -1.98929
-1.74708 -1.99066
-2.22863 -2.01497
-1.9057 -2.0037
3.62454 -2.01843
-3.87055 -2.01844
0.698204 -1.18174
0.909436 -1.37778
3.95706 -2.01844
-1.45294 -1.93967
3.50857 -2.01842
0.42961 -0.985599
2.29722 -2.00638
2.91179 -2.01783
-2.99727 -2.01839
-0.598964 -1.40914
2.43696 -2.01191
0.856644 -1.32782
0.156448 -0.914919
1.70854 -1.91436
2.30416 -2.00673
-2.43902 -2.01723
0.866061 -1.33673
-2.21918 -2.01481
-0.425097 -1.24555
-0.820814 -1.60641
3.6155 -2.01843
-0.519877 -1.33442
-1.91729 -2.0044
2.12876 -1.99446
-1.18486 -1.84326
-3.77376 -2.01844
3.77454 -2.01843
-2.0122 -2.00908
0.562565 -1.07091
-3.89507 -2.01844
2.96376 -2.01798
3.75182 -2.01843
-0.424841 -1.24532
-0.28933 -1.12615
-0.370048 -1.19555
3.19995 -2.01832
2.04461 -1.98534
-1.52619 -1.95669
0.515542 -1.03762
1.12055 -1.56967
1.1633 -1.60539
-2.7779 -2.01825
0.769411 -1.24609
-3.85385 -2.01844
-3.92752 -2.01844
0.726608 -1.20704
2.8873 -2.01774
1.94781 -1.97132
0.98248 -1.44628
3.98195 -2.01844
1.69911 -1.91131
2.53879 -2.01436
-0.78538 -1.57694
-2.02903 -2.00974
0.153101 -0.915045
3.43767 -2.01841
0.915122 -1.38315
-1.33624 -1.9049
-3.35307 -2.01843
0.440816 -0.991677
-0.809158 -1.59683
-0.998951 -1.73819
0.655571 -1.14492
3.75418 -2.01843
-0.583118 -1.39422
3.61199 -2.01843
1.40616 -1.77786
3.23453 -2.01834
-3.53391 -2.01843
-1.98372 -2.00785
2.34963 -2.00882
-3.50994 -2.01843
2.61041 -2.01555
-3.93927 -2.01844
-1.8207 -1.99761
-2.40969 -2.01703
0.844155 -1.31602
1.34012 -1.7365
-0.853734 -1.6329
-3.86448 -2.01844
-1.6209 -1.97407
2.35249 -2.00894
3.42175 -2.01841
0.435362 -0.988691
-0.938533 -1.69677
-2.8612 -2.01832
-1.74374 -1.9903
-1.45302 -1.93969
-2.53917 -2.01773
-0.843079 -1.62443
2.68562 -2.01645
2.9225 -2.01786
-2.61919 -2.01798
-3.85993 -2.01844
0.533946 -1.05028
-3.58418 -2.01844
-2.45827 -2.01734
-2.31044 -2.01611
0.46342 -1.0046
1.39886 -1.7735
3.18509 -2.01831
-0.648047 -1.4549
-0.179024 -1.04253
1.73712 -1.92319
-1.65007 -1.97851
-1.0694 -1.78199
1.03186 -1.49159
3.37466 -2.0184
1.57107 -1.86261
-3.2185 -2.01842
1.29005 -1.7023
3.27842 -2.01836
3.74927 -2.01843
3.84363 -2.01843
0.295564 -0.931417
0.491955 -1.02214
-1.05685 -1.77454
-2.84646 -2.01831
2.78866 -2.01726
3.04849 -2.01815
2.83312 -2.01751
-1.40559 -1.92677
-3.36915 -2.01843
-3.5066 -2.01843
-2.39292 -2.0169
0.629415 -1.12315
3.18288 -2.01831
3.76605 -2.01843
2.01807 -1.98191
2.76955 -2.01714
-3.27053 -2.01843
2.19098 -1.99971
-2.63627 -2.01802
2.52574 -2.01411
-2.29894 -2.01597
3.32852 -2.01838
-3.8623 -2.01844
-3.40463 -2.01843
0.442324 -0.992512
-2.56525 -2.01782
0.102846 -0.919903
-3.96683 -2.01844
0.277621 -0.926932
-3.7192 -2.01844
-1.46364 -1.94237
-0.843468 -1.62474
-3.37672 -2.01843
-3.91839 -2.01844
1.39678 -1.77225
-2.06489 -2.01102
-3.10321 -2.01841
-1.71601 -1.98717
2.16285 -1.99748
1.61488 -1.88086
1.97286 -1.97536
-2.03593 -2.01
1.09426 -1.54704
1.32651 -1.72744
-2.06366 -2.01098
-2.41585 -2.01707
-0.335751 -1.16539
3.42815 -2.01841
-1.11797 -1.80934
3.85893 -2.01843
0.914124 -1.38221
-0.667424 -1.47273
-2.48864 -2.01751
1.48107 -1.8196
-1.52039 -1.95546
-0.431283 -1.25127
-3.72407 -2.01844
-2.54387 -2.01774
-2.96092 -2.01838
-0.172452 -1.03806
-0.182024 -1.04459
1.79696 -1.93974
-1.06628 -1.78015
-1.25764 -1.87541
-2.54237 -2.01774
-1.67261 -1.98168
-0.290537 -1.12714
-0.846564 -1.62721
0.477135 -1.01287
3.34528 -2.01839
-0.669112 -1.47427
0.607022 -1.10507
2.95188 -2.01795
1.89505 -1.96177
-0.183043 -1.04529
2.83878 -2.01754
2.87833 -2.01771
3.39944 -2.0184
-3.95137 -2.01844
3.99151 -2.01844
0.348853 -0.948695
-1.59922 -1.97051
2.49837 -2.01351
-2.68263 -2.01812
-2.47663 -2.01744
2.16155 -1.99737
2.63149 -2.01583
-1.88568 -2.00243
-2.85208 -2.01832
-1.12566 -1.81346
-0.270605 -1.11092
0.647056 -1.13776
0.370095 -0.957187
-3.76881 -2.01844
-0.115279 -1.00202
0.802305 -1.27666
0.601354 -1.10058
-3.89768 -2.01844
1.91831 -1.96617
0.228434 -0.918183
-1.82382 -1.99787
3.07416 -2.01819
0.968085 -1.4329
-0.290501 -1.12711
0.558138 -1.06765
-3.40312 -2.01843
0.499785 -1.02719
1.52363 -1.84089
0.842828 -1.31477
-3.5088 -2.01843
-0.510414 -1.32547
-3.46418 -2.01843
3.30766 -2.01838
3.56456 -2.01842
-2.4714 -2.01742
3.77505 -2.01843
0.758565 -1.2361
1.08677 -1.54051
0.599217 -1.0989
2.24584 -2.00348
-3.57649 -2.01844
-1.12506 -1.81314
-1.72661 -1.9884
-1.27588 -1.88273
-0.857036 -1.63551
1.7378 -1.92339
-0.917286 -1.68138
-0.712478 -1.5135
-3.39282 -2.01843
-3.97055 -2.01844
-1.18957 -1.84549
0.330028 -0.941925
3.3904 -2.0184
-3.93758 -2.01844
0.455305 -0.999862
-1.18902 -1.84523
-3.46813 -2.01843
-3.86987 -2.01844
0.61735 -1.11334
1.4885 -1.82344
3.41382 -2.01841
-2.11127 -2.01242
-2.94454 -2.01837
0.887241 -1.35679
2.6862 -2.01645
-1.15168 -1.82697
-3.83311 -2.01844
1.75054 -1.92712
-1.01156 -1.74639
-0.276477 -1.11565
3.13864 -2.01827
1.72696 -1.92012
-3.78205 -2.01844
-3.60654 -2.01844
-2.47932 -2.01746
2.04115 -1.98491
-1.90443 -2.00362
-1.77892 -1.99388
-3.02894 -2.0184
-0.100812 -0.993751
0.777855 -1.25389
-1.51816 -1.95498
3.92293 -2.01844
-1.62186 -1.97422
2.26629 -2.0047
2.65186 -2.01608
1.92341 -1.96709
1.55015 -1.85329
1.36332 -1.75152
0.305323 -0.934141
-3.60574 -2.01844
-1.40919 -1.92781
2.92528 -2.01787
2.37132 -2.00969
2.56462 -2.01483
0.621947 -1.11706
2.16219 -1.99742
-2.4999 -2.01756
-0.67462 -1.47931
-1.96124 -2.00677
-3.26553 -2.01843
-2.71139 -2.01817
-0.244368 -1.09024
-1.92866 -2.00505
-0.603534 -1.41343
0.115465 -0.918163
1.07087 -1.52653
2.33059 -2.00799
3.93689 -2.01844
3.33532 -2.01839
-3.25688 -2.01843
-3.91152 -2.01844
-2.8339 -2.0183
-2.41747 -2.01708
-2.45707 -2.01734
1.04269 -1.50137
1.70034 -1.91171
0.934285 -1.40122
-3.74675 -2.01844
-0.684334 -1.48815
2.29272 -2.00615
2.68302 -2.01642
-1.19487 -1.84797
-3.56202 -2.01844
-3.5388 -2.01843
2.46829 -2.01278
0.585418 -1.08817
-0.93389 -1.69345
-1.83663 -1.9989
-1.48204 -1.94684
-1.33384 -1.90408
-0.815377 -1.60195
3.26815 -2.01836
-1.25119 -1.87276
-1.29396 -1.88969
-3.45734 -2.01843
1.5743 -1.86401
-3.52351 -2.01843
3.27357 -2.01836
-0.92516 -1.68714
-3.87409 -2.01844
0.484825 -1.01764
-3.65775 -2.01844
1.05656 -1.51381
2.57466 -2.015
-2.79543 -2.01827
-1.29247 -1.88913
-1.25639 -1.8749
-2.66098 -2.01807
-1.24852 -1.87165
1.07568 -1.53078
3.24621 -2.01835
3.31029 -2.01838
-1.42624 -1.93259
1.57457 -1.86413
-1.61258 -1.97273
1.85557 -1.95361
-3.54109 -2.01843
2.43622 -2.01189
3.2959 -2.01837
3.86748 -2.01843
2.64994 -2.01606
0.601351 -1.10058
3.48306 -2.01842
0.610949 -1.1082
-1.17905 -1.84049
2.99573 -2.01806
-1.84541 -1.99958
-0.883324 -1.65592
-2.33792 -2.01641
-2.77161 -2.01825
-0.493667 -1.30965
-1.12839 -1.8149
2.82389 -2.01746
-3.53819 -2.01843
-0.245396 -1.09104
2.55626 -2.01469
2.971 -2.018
1.20383 -1.63792
-2.3492 -2.01652
-2.42118 -2.01711
1.69525 -1.91004
-3.22842 -2.01843
-3.76956 -2.01844
1.15629 -1.59963
1.03809 -1.49723
-2.82282 -2.0183
-0.453433 -1.27186
1.69236 -1.90908
-3.62751 -2.01844
-1.81462 -1.9971
0.137496 -0.91596
1.20226 -1.63667
-3.60591 -2.01844
2.29305 -2.00617
0.978998 -1.44305
-0.465635 -1.28328
-2.0282 -2.00971
2.38055 -2.01004
-0.329201 -1.15973
-2.86116 -2.01832
1.6078 -1.87802
-1.21505 -1.85719
2.60749 -2.01551
1.13299 -1.58021
-2.74319 -2.01821
0.545165 -1.05823
-3.11621 -2.01841
-0.586367 -1.39729
-1.74512 -1.99045
-2.43104 -2.01718
3.6842 -2.01843
-0.433781 -1.25358
-2.89262 -2.01834
-1.5282 -1.95711
-3.09295 -2.01841
1.32092 -1.72368
0.886568 -1.35615
0.837578 -1.30981
2.77284 -2.01716
-0.69443 -1.49729
3.98833 -2.01844
-3.34873 -2.01843
-3.83294 -2.01844
-3.15458 -2.01842
-0.001555 -0.947359
-0.346616 -1.17484
-2.53265 -2.0177
-0.440123 -1.25947
2.41817 -2.01133
-2.63363 -2.01801
1.60496 -1.87687
1.50601 -1.83229
-0.000831 -0.947091
-1.45716 -1.94074
-0.889273 -1.66046
-3.38097 -2.01843
0.437888 -0.990067
-1.21433 -1.85686
0.89528 -1.36439
-3.80048 -2.01844
0.179236 -0.914717
3.09002 -2.01821
-1.48627 -1.94783
-2.80229 -2.01828
2.07969 -1.98945
0.057194 -0.929077
3.66469 -2.01843
2.04445 -1.98532
-1.32027 -1.89933
2.53037 -2.0142
2.67365 -2.01632
2.77917 -2.0172
2.83572 -2.01752
1.40223 -1.77552
1.71077 -1.91507
-1.77528 -1.99353
3.46107 -2.01841
3.34445 -2.01839
-1.50696 -1.95254
-3.04103 -2.0184
0.12685 -0.916891
-0.790946 -1.58163
0.220754 -0.917291
2.83344 -2.01751
2.27175 -2.00501
1.85168 -1.95276
3.49847 -2.01842
-0.2113 -1.06538
2.77142 -2.01715
0.126682 -0.916908
-0.009746 -0.95047
-3.28334 -2.01843
3.61713 -2.01843
-0.195883 -1.05428
3.55931 -2.01842
-2.88022 -2.01834
-0.546051 -1.3592
-1.84137 -1.99927
2.64205 -2.01596
2.31709 -2.00736
-3.27188 -2.01843
-1.01984 -1.75168
1.60643 -1.87747
0.947162 -1.41332
-1.80604 -1.99636
2.75663 -2.01705
-1.1552 -1.82875
-2.48212 -2.01747
-1.47 -1.94394
-1.22165 -1.86012
1.35099 -1.7436
0.753128 -1.23112
0.814644 -1.28822
-2.08555 -2.01168
3.53184 -2.01842
0.486356 -1.0186
3.6111 -2.01843
-3.18892 -2.01842
-1.99685 -2.00843
-2.149 -2.01338
0.411689 -0.976348
0.261565 -0.923502
2.11988 -1.99361
-2.48222 -2.01747
-2.80839 -2.01828
0.498362 -1.02626
-0.009138 -0.950234
2.7289 -2.01684
1.82197 -1.94593
0.156952 -0.914902
-0.272215 -1.11221
1.87908 -1.95858
-0.9077 -1.6743
1.66157 -1.89846
1.6786 -1.90443
3.39352 -2.0184
1.09234 -1.54537
1.78283 -1.93606
-2.60468 -2.01794
3.65264 -2.01843
2.70328 -2.01662
2.11721 -1.99335
3.08612 -2.01821
0.713836 -1.19559
3.94835 -2.01844
2.23842 -2.00301
-0.698102 -1.50061
2.57999 -2.01509
0.952742 -1.41855
2.27065 -2.00495
-3.39283 -2.01843
-1.2351 -1.86597
3.26301 -2.01836
-2.36632 -2.01668
2.98533 -2.01803
3.90561 -2.01844
3.27571 -2.01836
0.709864 -1.19205
0.728305 -1.20857
-1.82844 -1.99824
3.52555 -2.01842
0.183036 -0.914794
-3.43942 -2.01843
1.22066 -1.65101
3.5828 -2.01843
-3.2008 -2.01842
-3.25241 -2.01843
0.452219 -0.998088
-3.68983 -2.01844
2.29919 -2.00648
2.9385 -2.01791
2.30673 -2.00686
3.22897 -2.01834
-3.72686 -2.01844
0.493353 -1.02304
-0.637422 -1.44506
-1.25525 -1.87443
-0.313167 -1.14605
3.0446 -2.01815
1.97958 -1.97639
0.982239 -1.44606
3.83 -2.01843
-2.95703 -2.01837
-0.760599 -1.55577
2.97967 -2.01802
1.43637 -1.79536
2.03778 -1.98449
-2.0671 -2.01109
-2.00751 -2.00888
2.72573 -2.01681
2.44156 -2.01204
-3.65575 -2.01844
-3.34352 -2.01843
3.11773 -2.01825
-1.4709 -1.94416
1.58207 -1.86735
1.76018 -1.92987
1.36767 -1.75427
-3.5792 -2.01844
3.20726 -2.01833
-1.62327 -1.97445
2.87407 -2.01769
0.800507 -1.27498
3.90789 -2.01844
-2.8949 -2.01835
2.90823 -2.01782
-1.88239 -2.00221
3.97084 -2.01844
-3.82934 -2.01844
-3.48446 -2.01843
2.02361 -1.98265
0.300352 -0.932728
-3.86487 -2.01844
1.83873 -1.94985
-3.20704 -2.01842
0.733476 -1.21323
-3.03404 -2.0184
-0.38698 -1.21074
2.47839 -2.01304
2.40237 -2.01081
-0.785007 -1.57662
-0.41692 -1.23802
1.55056 -1.85347
-1.10654 -1.80311
3.05656 -2.01817
0.591907 -1.09319
-1.22798 -1.86289
-3.04648 -2.0184
2.93498 -2.0179
-0.908429 -1.67484
2.05567 -1.98669
3.49262 -2.01842
3.57133 -2.01843
-3.17417 -2.01842
-3.94248 -2.01844
3.63385 -2.01843
-0.920268 -1.68357
2.43461 -2.01184
0.253822 -0.922045
2.5601 -2.01476
-3.05714 -2.0184
1.73039 -1.92117
3.2526 -2.01835
-0.09245 -0.989139
-3.40303 -2.01843
3.39646 -2.0184
1.08956 -1.54295
1.45611 -1.8063
-3.6238 -2.01844
-1.14303 -1.82255
3.25835 -2.01836
0.866752 -1.33739
2.56626 -2.01486
-0.930989 -1.69136
2.22521 -2.00215
-3.78435 -2.01844
2.31759 -2.00739
2.98641 -2.01804
2.17801 -1.99871
-1.92473 -2.00483
2.16775 -1.99788
-3.55448 -2.01843
-1.24038 -1.86823
-2.10772 -2.01233
-2.07673 -2.01141
-3.77718 -2.01844
-2.46429 -2.01738
-2.58765 -2.01789
1.65091 -1.8946
-1.98563 -2.00793
2.9469 -2.01794
3.90185 -2.01844
-0.471836 -1.2891
3.08726 -2.01821
1.49525 -1.82689
3.91641 -2.01844
-1.6967 -1.98482
-1.64721 -1.97809
-1.0848 -1.7909
-3.6337 -2.01844
2.11466 -1.9931
0.61159 -1.10871
-0.921183 -1.68424
1.62879 -1.8863
-2.58065 -2.01787
-0.279362 -1.11799
0.385443 -0.963874
-0.542673 -1.356
3.78136 -2.01843
-0.567886 -1.37985
1.38574 -1.76553
0.437543 -0.989879
-3.73097 -2.01844
-1.34586 -1.90816
3.39006 -2.0184
3.74023 -2.01843
-2.78816 -2.01826
-0.116599 -1.00279
1.81125 -1.94333
-2.07888 -2.01147
-0.933334 -1.69305
-0.440363 -1.25969
1.99177 -1.97821
-2.48243 -2.01747
0.143356 -0.915554
-0.907992 -1.67452
3.26523 -2.01836
0.192152 -0.915111
