0.69134 -2.23254
-0.567792 -3.68856
2.75998 0.449416
2.5047 0.140957
2.22021 -0.216408
-0.882034 -3.97642
-0.601486 -3.72121
0.270026 -2.76179
-3.10311 -4.69962
0.392048 -2.61178
1.39442 -1.30377
-3.08332 -4.70432
2.04626 -0.440639
-0.176351 -3.28096
1.07973 -1.72338
-1.10484 -4.15652
-0.703682 -3.81767
2.33518 -0.0704528
3.67312 1.42756
-3.79598 -4.41294
1.11634 -1.67476
2.79111 0.48612
-1.34603 -4.32711
-3.4041 -4.60377
0.964287 -1.87616
0.008751 -3.07188
-3.87927 -4.36321
-1.91955 -4.62244
0.79369 -2.09986
1.94084 -0.57822
-0.116323 -3.2142
0.474146 -2.50923
1.66982 -0.936295
0.780055 -2.11761
1.04213 -1.77324
0.746978 -2.16058
-0.75472 -3.86437
-3.26465 -4.65382
-0.204095 -3.31145
0.915982 -1.93978
-2.155 -4.69601
1.23023 -1.52307
3.24126 0.99196
-2.76431 -4.75227
-3.08947 -4.70288
2.27286 -0.149319
-1.09888 -4.15197
3.43541 1.19425
3.55378 1.31245
-1.25195 -4.26369
3.73981 1.49004
-3.24655 -4.6596
0.970077 -1.86852
-1.61889 -4.48764
-3.58805 -4.52324
-0.481879 -3.60348
-1.53933 -4.44451
-1.87637 -4.60587
0.495998 -2.48174
1.0257 -1.795
-3.18549 -4.67791
1.71106 -0.881484
-1.5381 -4.44381
-3.53477 -4.54824
2.79952 0.496006
-2.85777 -4.74369
0.123329 -2.9379
-0.359819 -3.47824
-1.48686 -4.41439
-3.16932 -4.68244
1.32414 -1.39769
2.23703 -0.194929
-0.657713 -3.77476
-0.82204 -3.92442
-3.39068 -4.60901
0.39068 -2.61348
2.28272 -0.1368
-1.68132 -4.51933
-2.36978 -4.73806
-2.70324 -4.75541
-1.63226 -4.49459
-3.21245 -4.67006
-2.96575 -4.72812
-1.3792 -4.34851
2.95625 0.677296
3.85824 1.59773
-2.41114 -4.74338
-2.54569 -4.75449
-2.36975 -4.73806
-1.69589 -4.52645
-1.71005 -4.53326
-2.43232 -4.74576
1.45165 -1.22728
-1.66918 -4.51332
1.20467 -1.55716
-0.289981 -3.40438
-2.6715 -4.75627
1.43084 -1.25509
2.79851 0.494816
-0.294207 -3.40889
3.24057 0.991231
0.909831 -1.94787
1.49689 -1.16684
3.09841 0.836779
-1.9257 -4.62472
1.83484 -0.717626
1.23103 -1.52201
1.09064 -1.70889
-0.182868 -3.28814
3.15446 0.898289
2.71819 0.399809
0.531925 -2.43635
-2.13875 -4.69186
-3.2592 -4.65558
2.22639 -0.208505
-3.29745 -4.64291
-2.83335 -4.74637
-1.89663 -4.61376
-2.42663 -4.74515
-2.35531 -4.73598
-3.96643 -4.30789
-0.475207 -3.59676
-2.88998 -4.73968
-3.20963 -4.6709
3.2344 0.984634
-3.63154 -4.50183
-0.561864 -3.68277
2.63625 0.301505
-3.74519 -4.44172
1.308 -1.41925
3.61259 1.36969
-1.7847 -4.56756
-1.60562 -4.48066
-2.77135 -4.75178
1.57783 -1.05881
3.11535 0.855455
0.476583 -2.50617
-0.449519 -3.57077
-3.4112 -4.60097
-1.20544 -4.23085
0.918054 -1.93705
2.72356 0.406201
-0.633794 -3.75212
1.94365 -0.574538
1.90736 -0.622145
-2.3551 -4.73595
-2.26385 -4.72033
-1.35482 -4.33284
3.44307 1.20202
2.74734 0.434445
3.50416 1.26339
0.079499 -2.98954
0.981201 -1.85383
-0.489706 -3.61134
-3.68638 -4.47357
-3.47224 -4.57584
-3.55794 -4.53753
3.14236 0.885078
-3.76151 -4.4326
-1.57834 -4.46604
-3.67352 -4.48033
-0.814182 -3.91751
-3.13951 -4.69045
-2.80982 -4.74866
-1.30863 -4.30239
0.792992 -2.10077
-1.41937 -4.37373
2.65309 0.321819
-1.26531 -4.27294
-2.57551 -4.75567
1.91507 -0.612023
-2.28859 -4.725
-1.26022 -4.26942
1.71934 -0.870492
0.525434 -2.44457
-0.915323 -4.00465
-3.87088 -4.36836
-2.71304 -4.75504
1.73343 -0.851803
0.845183 -2.03264
-0.622682 -3.74153
2.17102 -0.279421
2.26989 -0.153096
-2.50102 -4.75186
-2.46633 -4.74909
2.73522 0.420064
3.00816 0.736099
-0.636181 -3.75439
-2.89606 -4.73886
-3.27913 -4.64907
-1.56811 -4.46047
-3.00602 -4.72077
-3.95842 -4.31311
-3.7736 -4.42577
0.587139 -2.36619
3.40193 1.1601
0.598326 -2.35192
-2.64127 -4.7566
1.26896 -1.47139
2.82687 0.528031
2.78416 0.477942
-0.693513 -3.80825
-3.80775 -4.4061
-1.19982 -4.22681
0.186624 -2.86251
-0.414832 -3.5353
-1.10295 -4.15508
-1.74227 -4.54841
-0.100438 -3.19637
0.204089 -2.84155
0.13817 -2.92031
-3.55096 -4.54078
0.311183 -2.71153
-0.494729 -3.61637
0.509238 -2.46504
-0.606648 -3.72617
-3.49847 -4.56449
-3.57582 -4.5291
0.051082 -3.02277
-3.36746 -4.61785
2.99932 0.726125
-2.07765 -4.67499
0.594509 -2.35679
1.03095 -1.78805
3.64814 1.4038
0.341855 -2.67385
0.587452 -2.36579
-3.62798 -4.50362
-1.66795 -4.5127
-0.568294 -3.68905
-1.84351 -4.59262
-2.4981 -4.75165
0.310542 -2.71231
-0.203931 -3.31127
-1.84723 -4.59415
-0.230146 -3.33988
1.91287 -0.614919
-1.48561 -4.41366
-1.06778 -4.12802
-1.48446 -4.41298
2.34174 -0.0621732
1.6834 -0.918236
2.62029 0.282198
-0.646762 -3.76442
3.33646 1.09243
0.630949 -2.31019
0.610876 -2.33589
0.002862 -3.07868
2.44533 0.0674653
-1.44821 -4.39137
2.0498 -0.436042
0.417918 -2.5796
1.6575 -0.952683
-1.68484 -4.52106
1.05253 -1.75946
-2.03971 -4.66355
-2.8558 -4.74392
2.19429 -0.249565
-1.59365 -4.47429
0.371943 -2.6367
-0.140665 -3.2414
-1.7322 -4.54373
-2.4931 -4.75128
-2.70656 -4.75529
-3.25061 -4.65832
0.24285 -2.79478
2.27904 -0.141478
3.07942 0.815759
-1.67719 -4.51729
3.45038 1.20941
0.832129 -2.04971
-0.339147 -3.45654
2.32871 -0.0786067
3.762 1.51054
2.5997 0.25723
-3.79574 -4.41308
3.29495 1.04893
-1.82109 -4.58327
0.713475 -2.20396
2.31774 -0.0924605
-2.32439 -4.73118
1.84265 -0.707327
-0.63827 -3.75638
3.55392 1.3126
2.35778 -0.0419959
0.217656 -2.82522
1.88211 -0.65534
-0.040247 -3.12814
-3.72217 -4.45438
-0.804171 -3.90866
3.33877 1.09483
-3.57682 -4.52862
2.89698 0.609395
3.87285 1.61071
3.33386 1.08972
-2.43328 -4.74587
-0.713762 -3.82698
0.74644 -2.16127
2.80349 0.500661
-0.06214 -3.15307
-2.42925 -4.74543
-1.91352 -4.62018
0.547937 -2.41606
2.2464 -0.182993
0.48351 -2.49746
-0.773006 -3.88086
1.24634 -1.50157
2.39859 0.00918531
0.778456 -2.11969
3.53002 1.28905
2.70571 0.384917
2.07822 -0.399162
-1.74708 -4.55063
-2.22863 -4.71314
-1.9057 -4.61723
3.62454 1.38121
-3.87055 -4.36857
0.698204 -2.22369
0.909436 -1.94838
3.95706 1.68429
-1.45294 -4.39422
3.50857 1.26777
0.42961 -2.56501
2.29722 -0.118422
2.91179 0.626433
-2.99727 -4.72244
-0.598964 -3.71878
2.43696 0.0570645
0.856644 -2.01764
0.156448 -2.89857
1.70854 -0.884839
2.30416 -0.109637
-2.43902 -4.74647
0.866061 -2.00531
-2.21918 -4.7111
-0.425097 -3.54584
-0.820814 -3.92335
3.6155 1.3725
-0.519877 -3.64143
-1.91729 -4.6216
2.12876 -0.333815
-1.18486 -4.21601
-3.77376 -4.42568
3.77454 1.52206
-2.0122 -4.65479
0.562565 -2.39748
-3.89507 -4.35343
2.96376 0.68585
3.75182 1.50116
-0.424841 -3.54558
-0.28933 -3.40368
-0.370048 -3.48892
3.19995 0.947623
2.04461 -0.442776
-1.52619 -4.43709
0.515542 -2.45707
1.12055 -1.66916
1.1633 -1.61228
-2.7779 -4.75131
0.769411 -2.13145
-3.85385 -4.37872
-3.92752 -4.333
0.726608 -2.18697
2.8873 0.598224
1.94781 -0.569096
0.98248 -1.85214
3.98195 1.70561
1.69911 -0.897358
2.53879 0.182869
-0.78538 -3.89194
-2.02903 -4.6602
0.153101 -2.90256
3.43767 1.19655
0.915122 -1.94091
-1.33624 -4.32071
-3.35307 -4.6232
0.440816 -2.55101
-0.809158 -3.91307
-0.998951 -4.07354
0.655571 -2.2786
3.75418 1.50333
-0.583118 -3.70346
3.61199 1.36911
1.40616 -1.28808
3.23453 0.984771
-3.53391 -4.54863
-1.98372 -4.64531
2.34963 -0.0522399
-3.50994 -4.55942
2.61041 0.270225
-3.93927 -4.32549
-1.8207 -4.58311
-2.40969 -4.74321
0.844155 -2.03399
1.34012 -1.37633
-0.853734 -3.95208
-3.86448 -4.37227
-1.6209 -4.48869
2.35249 -0.048637
3.42175 1.18036
0.435362 -2.55783
-0.938533 -4.02406
-2.8612 -4.74329
-1.74374 -4.54909
-1.45302 -4.39427
-2.53917 -4.75417
-0.843079 -3.94282
2.68562 0.360894
2.9225 0.63873
-2.61919 -4.75654
-3.85993 -4.37504
0.533946 -2.43379
-3.58418 -4.5251
-2.45827 -4.74836
-2.31044 -4.72885
0.46342 -2.5227
1.39886 -1.29784
3.18509 0.931567
-0.648047 -3.76564
-0.179024 -3.2839
1.73712 -0.846914
-1.65007 -4.50371
-1.0694 -4.12928
1.03186 -1.78685
3.37466 1.13205
1.57107 -1.06782
-3.2185 -4.66825
1.29005 -1.44323
3.27842 1.03147
3.74927 1.4988
3.84363 1.58467
0.295564 -2.73064
0.491955 -2.48683
-1.05685 -4.11951
-2.84646 -4.74497
2.78866 0.483239
3.04849 0.781334
2.83312 0.535331
-1.40559 -4.36517
-3.36915 -4.61722
-3.5066 -4.56091
-2.39292 -4.74115
0.629415 -2.31216
3.18288 0.92917
3.76605 1.51427
2.01807 -0.47732
2.76955 0.460723
-3.27053 -4.6519
2.19098 -0.253818
-2.63627 -4.75661
2.52574 0.166857
-2.29894 -4.72686
3.32852 1.08414
-3.8623 -4.3736
-3.40463 -4.60356
0.442324 -2.54913
-2.56525 -4.75531
0.102846 -2.96209
-3.96683 -4.30763
0.277621 -2.75254
-3.7192 -4.456
-1.46364 -4.40065
-0.843468 -3.94316
-3.37672 -4.61436
-3.91839 -4.3388
1.39678 -1.30061
-2.06489 -4.67123
-3.10321 -4.6996
-1.71601 -4.5361
2.16285 -0.289919
1.61488 -1.00942
1.97286 -0.536314
-2.03593 -4.66237
1.09426 -1.70409
1.32651 -1.39452
-2.06366 -4.67086
-2.41585 -4.74393
-0.335751 -3.45296
3.42815 1.18687
-1.11797 -4.16647
3.85893 1.59834
0.914124 -1.94222
-0.667424 -3.78389
-2.48864 -4.75094
1.48107 -1.18798
-1.52039 -4.43379
-0.431283 -3.55217
-3.72407 -4.45335
-2.54387 -4.75441
-2.96092 -4.72894
-0.172452 -3.27665
-0.182024 -3.28721
1.79696 -0.767664
-1.06628 -4.12686
-1.25764 -4.26764
-2.54237 -4.75433
-1.67261 -4.51502
-0.290537 -3.40497
-0.846564 -3.94586
0.477135 -2.50548
3.34528 1.10162
-0.669112 -3.78548
0.607022 -2.34081
2.95188 0.672317
1.89505 -0.638329
-0.183043 -3.28833
2.83878 0.541928
2.87833 0.587861
3.39944 1.15755
-3.95137 -4.31769
3.99151 1.71376
0.348853 -2.66522
-1.59922 -4.47726
2.49837 0.133159
-2.68263 -4.75603
-2.47663 -4.74998
2.16155 -0.291593
2.63149 0.295753
-1.88568 -4.60952
-2.85208 -4.74434
-1.12566 -4.17227
-0.270605 -3.38361
0.647056 -2.28953
0.370095 -2.63899
-3.76881 -4.42848
-0.115279 -3.21303
0.802305 -2.08863
0.601354 -2.34805
-3.89768 -4.3518
1.91831 -0.607771
0.228434 -2.81221
-1.82382 -4.58443
3.07416 0.80992
0.968085 -1.87115
-0.290501 -3.40493
0.558138 -2.4031
-3.40312 -4.60416
0.499785 -2.47696
1.52363 -1.13113
0.842828 -2.03572
-3.5088 -4.55993
-0.510414 -3.63203
-3.46418 -4.57927
3.30766 1.0623
3.56456 1.32302
-2.4714 -4.74953
3.77505 1.52253
0.758565 -2.14554
1.08677 -1.71404
0.599217 -2.35078
2.24584 -0.183701
-3.57649 -4.52878
-1.12506 -4.17182
-1.72661 -4.54111
-1.27588 -4.28021
-0.857036 -3.95493
1.7378 -0.846007
-0.917286 -4.0063
-0.712478 -3.82579
-3.39282 -4.60818
-3.97055 -4.30519
-1.18957 -4.21942
0.330028 -2.6884
3.3904 1.14827
-3.93758 -4.32657
0.455305 -2.53287
-1.18902 -4.21902
-3.46813 -4.5776
-3.86987 -4.36898
0.61735 -2.32761
1.4885 -1.17804
3.41382 1.17226
-2.11127 -4.68451
-2.94454 -4.73165
0.887241 -1.97753
2.6862 0.361585
-1.15168 -4.19169
-3.83311 -4.39116
1.75054 -0.829116
-1.01156 -4.08367
-0.276477 -3.38992
3.13864 0.881013
1.72696 -0.860392
-3.78205 -4.42095
-3.60654 -4.51425
-2.47932 -4.7502
2.04115 -0.447275
-1.90443 -4.61675
-1.77892 -4.56501
-3.02894 -4.71621
-0.100812 -3.19679
0.777855 -2.12047
-1.51816 -4.43251
3.92293 1.65473
-1.62186 -4.48919
2.26629 -0.157666
2.65186 0.320339
1.92341 -0.601086
1.55015 -1.09573
1.36332 -1.34533
0.305323 -2.71871
-3.60574 -4.51464
-1.40919 -4.36741
2.92528 0.641914
2.37132 -0.0249743
2.56462 0.214485
0.621947 -2.32172
2.16219 -0.290772
-2.4999 -4.75178
-0.67462 -3.79064
-1.96124 -4.63754
-3.26553 -4.65353
-2.71139 -4.75511
-0.244368 -3.35531
-1.92866 -4.62582
-0.603534 -3.72318
0.115465 -2.9472
1.07087 -1.73514
2.33059 -0.0762383
3.93689 1.66686
3.33532 1.09124
-3.25688 -4.65632
-3.91152 -4.34313
-2.8339 -4.74631
-2.41747 -4.74412
-2.45707 -4.74824
1.04269 -1.7725
1.70034 -0.895728
0.934285 -1.9157
-3.74675 -4.44085
-0.684334 -3.79971
2.29272 -0.124125
2.68302 0.357776
-1.19487 -4.22325
-3.56202 -4.53562
-3.5388 -4.54639
2.46829 0.0959582
0.585418 -2.36839
-0.93389 -4.02019
-1.83663 -4.58978
-1.48204 -4.41156
-1.33384 -4.31913
-0.815377 -3.91856
3.26815 1.02058
-1.25119 -4.26316
-1.29396 -4.29251
-3.45734 -4.58214
1.5743 -1.06352
-3.52351 -4.55335
3.27357 1.02633
-0.92516 -4.0129
-3.87409 -4.36639
0.484825 -2.4958
-3.65775 -4.4885
1.05656 -1.75412
2.57466 0.226739
-2.79543 -4.74992
-1.29247 -4.2915
-1.25639 -4.26678
-2.66098 -4.75644
-1.24852 -4.2613
1.07568 -1.72875
3.24621 0.997245
3.31029 1.06506
-1.42624 -4.37797
1.57457 -1.06316
-1.61258 -4.48433
1.85557 -0.690295
-3.54109 -4.54534
2.43622 0.0561399
3.2959 1.04992
3.86748 1.60595
2.64994 0.318019
0.601351 -2.34806
3.48306 1.24231
0.610949 -2.33579
-1.17905 -4.21179
2.99573 0.72207
-1.84541 -4.59341
-0.883324 -3.97753
-2.33792 -4.73335
-2.77161 -4.75176
-0.493667 -3.61531
-1.12839 -4.17432
2.82389 0.524554
-3.53819 -4.54667
-0.245396 -3.35642
2.55626 0.204264
2.971 0.694075
1.20383 -1.55827
-2.3492 -4.73508
-2.42118 -4.74454
1.69525 -0.90249
-3.22842 -4.66523
-3.76956 -4.42806
1.15629 -1.62162
1.03809 -1.77859
-2.82282 -4.74743
-0.453433 -3.57474
1.69236 -0.906326
-3.62751 -4.50385
-1.81462 -4.58053
0.137496 -2.92111
1.20226 -1.56038
-3.60591 -4.51455
2.29305 -0.123699
0.978998 -1.85674
-0.465635 -3.5871
-2.0282 -4.65993
2.38055 -0.0133992
-0.329201 -3.44605
-2.86116 -4.74329
1.6078 -1.01886
-1.21505 -4.23771
2.60749 0.266682
1.13299 -1.65261
-2.74319 -4.75358
0.545165 -2.41957
-3.11621 -4.6964
-0.586367 -3.70661
-1.74512 -4.54972
-2.43104 -4.74563
3.6842 1.43803
-0.433781 -3.55473
-2.89262 -4.73932
-1.5282 -4.43823
-3.09295 -4.70206
1.32092 -1.40198
0.886568 -1.97842
0.837578 -2.04259
2.77284 0.464597
-0.69443 -3.8091
3.98833 1.71105
-3.34873 -4.62479
-3.83294 -4.39126
-3.15458 -4.68646
-0.001555 -3.08377
-0.346616 -3.46439
-2.53265 -4.75383
-0.440123 -3.5612
2.41817 0.0336466
-2.63363 -4.75661
1.60496 -1.02264
1.50601 -1.15465
-0.000831 -3.08293
-1.45716 -4.39676
-0.889273 -3.9826
-3.38097 -4.61274
0.437888 -2.55467
-1.21433 -4.2372
0.89528 -1.96698
-3.80048 -4.41033
0.179236 -2.87136
3.09002 0.827504
-1.48627 -4.41404
-2.80229 -4.74933
2.07969 -0.397262
0.057194 -3.01564
3.66469 1.41956
2.04445 -0.442993
-1.32027 -4.31015
2.53037 0.172539
2.67365 0.34654
2.77917 0.472072
2.83572 0.538363
1.40223 -1.29333
1.71077 -0.881869
-1.77528 -4.56339
3.46107 1.22021
3.34445 1.10075
-1.50696 -4.42608
-3.04103 -4.7137
0.12685 -2.93373
-0.790946 -3.89691
0.220754 -2.82148
2.83344 0.53571
2.27175 -0.150728
1.85168 -0.695415
3.49847 1.25772
-0.2113 -3.31933
2.77142 0.46292
0.126682 -2.93393
-0.009746 -3.09319
-3.28334 -4.64767
3.61713 1.37407
-0.195883 -3.30245
3.55931 1.31788
-2.88022 -4.74095
-0.546051 -3.66728
-1.84137 -4.59174
2.64205 0.308501
2.31709 -0.0932819
-3.27188 -4.65146
-1.01984 -4.09028
1.60643 -1.02068
0.947162 -1.89873
-1.80604 -4.57686
2.75663 0.445451
-1.1552 -4.19428
-2.48212 -4.75043
-1.47 -4.40444
-1.22165 -4.2424
1.35099 -1.36181
0.753128 -2.1526
0.814644 -2.07254
-2.08555 -4.67728
3.53184 1.29085
0.486356 -2.49388
3.6111 1.36825
-3.18892 -4.67693
-1.99685 -4.64974
-2.149 -4.6945
0.411689 -2.58736
0.261565 -2.77208
2.11988 -0.345277
-2.48222 -4.75044
-2.80839 -4.74879
0.498362 -2.47876
-0.009138 -3.09249
2.7289 0.412552
1.82197 -0.734612
0.156952 -2.89797
-0.272215 -3.38534
1.87908 -0.659324
-0.9077 -3.99822
1.66157 -0.947259
1.6786 -0.92461
3.39352 1.15147
1.09234 -1.70664
1.78283 -0.786347
-2.60468 -4.75636
3.65264 1.4081
2.70328 0.38202
2.11721 -0.348719
3.08612 0.823183
0.713836 -2.20349
3.94835 1.67677
2.23842 -0.193153
-0.698102 -3.81251
2.57999 0.23324
0.952742 -1.89138
2.27065 -0.152129
-3.39283 -4.60818
-1.2351 -4.2519
3.26301 1.01513
-2.36632 -4.73757
2.98533 0.710317
3.90561 1.6396
3.27571 1.0286
0.709864 -2.20863
0.728305 -2.18477
-1.82844 -4.58637
3.52555 1.28463
0.183036 -2.86681
-3.43942 -4.58958
1.22066 -1.53583
3.5828 1.34083
-3.2008 -4.6735
-3.25241 -4.65775
0.452219 -2.53674
-3.68983 -4.47175
2.29919 -0.115921
2.9385 0.657044
2.30673 -0.106381
3.22897 0.978817
-3.72686 -4.45182
0.493353 -2.48507
-0.637422 -3.75557
-1.25525 -4.26598
-0.313167 -3.42907
3.0446 0.776982
1.97958 -0.527537
0.982239 -1.85246
3.83 1.57243
-2.95703 -4.7296
-0.760599 -3.86969
2.97967 0.703901
1.43637 -1.24769
2.03778 -0.451665
-2.0671 -4.67189
-2.00751 -4.65326
2.72573 0.408787
2.44156 0.0627868
-3.65575 -4.48953
-3.34352 -4.6267
3.11773 0.858074
-1.4709 -4.40497
1.58207 -1.05316
1.76018 -0.816341
1.36767 -1.33952
-3.5792 -4.52748
3.20726 0.955502
-1.62327 -4.48992
2.87407 0.58293
0.800507 -2.09098
3.90789 1.64159
-2.8949 -4.73902
2.90823 0.622345
-1.88239 -4.60823
3.97084 1.69612
-3.82934 -4.39339
-3.48446 -4.5706
2.02361 -0.470106
0.300352 -2.72479
-3.86487 -4.37203
1.83873 -0.712496
-3.20704 -4.67166
0.733476 -2.17808
-3.03404 -4.71516
-0.38698 -3.50654
2.47839 0.108472
2.40237 0.0139109
-0.785007 -3.89161
-0.41692 -3.53745
1.55056 -1.09519
-1.10654 -4.15782
3.05656 0.790343
0.591907 -2.36011
-1.22798 -4.24689
-3.04648 -4.71254
2.93498 0.653023
-0.908429 -3.99884
2.05567 -0.428414
3.49262 1.25187
3.57133 1.32965
-3.17417 -4.68109
-3.94248 -4.32342
3.63385 1.39014
-0.920268 -4.0088
2.43461 0.054131
0.253822 -2.78148
2.5601 0.208967
-3.05714 -4.71024
1.73039 -0.855831
3.2526 1.00406
-0.09245 -3.18737
-3.40303 -4.6042
3.39646 1.15449
1.08956 -1.71033
1.45611 -1.22132
-3.6238 -4.5057
-1.14303 -4.18526
3.25835 1.01018
0.866752 -2.0044
2.56626 0.216494
-0.930989 -4.01777
2.22521 -0.210017
-3.78435 -4.41963
2.31759 -0.0926475
2.98641 0.711543
2.17801 -0.270454
-1.92473 -4.62436
2.16775 -0.283629
-3.55448 -4.53915
-1.24038 -4.25561
-2.10772 -4.68353
-2.07673 -4.67472
-3.77718 -4.42373
-2.46429 -4.74891
-2.58765 -4.75601
1.65091 -0.961453
-1.98563 -4.64596
2.9469 0.66664
3.90185 1.6363
-0.471836 -3.59336
3.08726 0.824452
1.49525 -1.16903
3.91641 1.64904
-1.6967 -4.52684
-1.64721 -4.50225
-1.0848 -4.14118
-3.6337 -4.50074
2.11466 -0.352018
0.61159 -2.33497
-0.921183 -4.00957
1.62879 -0.990889
-2.58065 -4.75582
-0.279362 -3.39301
0.385443 -2.61997
-0.542673 -3.66395
3.78136 1.52831
-0.567886 -3.68865
1.38574 -1.31537
0.437543 -2.5551
-3.73097 -4.44957
-1.34586 -4.32701
3.39006 1.14792
3.74023 1.49043
-2.78816 -4.75051
-0.116599 -3.21451
1.81125 -0.748774
-2.07888 -4.67535
-0.933334 -4.01973
-0.440363 -3.56144
1.99177 -0.511613
-2.48243 -4.75045
0.143356 -2.91415
-0.907992 -3.99847
3.26523 1.01749
0.192152 -2.85589
