39.06 65.41
11.41 15.74
99.81 75.92
72.33 15.75
3.1 56.34
25.35 66.02
79.94 84.84
54.01 53.25
23.93 93.89
51 54.54
23.48 18.57
46.24 98.18
97.06 61.78
9.49 33.02
93.98 41.11
76.44 93.26
6.99 45.38
66.51 39.16
91.15 21.1
62.78 11.47
13.79 88.96
15.78 1.4
13.31 0.05
9.71 35.61
63.66 19.41
24.97 99.44
5.41 37.58
16.78 76.51
2 96.12
52.03 61.66
3.27 89.2
0.68 34.48
76.7 88.95
17.69 24.45
91.28 5.8
13.67 54.83
22.37 26.96
42.06 83.95
73.19 48.73
64.51 88.19
7.13 96.73
16.01 20.34
11.69 43.52
46.52 55.63
30.96 6.93
2.79 3.74
53.51 66.17
95.74 7.87
5.24 23.88
25.18 17.45
61.57 89.48
45.56 10.7
33.08 73.47
32.11 18.07
28.28 23.6
39.14 75.38
26.11 47.85
40.05 34.42
0.33 16.64
65.94 26.03
66.72 0.03
64.55 71.19
1.56 77.05
56.11 67.29
51.4 66.41
60.58 51.35
28.97 0.85
26.53 95.17
34.95 81.67
25.21 95.52
12.91 86.67
1.82 85.11
38.76 27.9
13.63 46.25
39.56 61.81
97.68 57.07
38.48 3.68
13.09 35.61
31.5 68.48
40.73 34.72
37.35 10.55
13.09 2.09
3.01 20.96
6.1 47.84
80.39 37.91
16.64 23.09
16.27 24.57
57.61 28.83
81.95 25.11
81.65 47.75
35.55 25.51
56.55 86.27
32.57 17.64
80.15 83.64
37.66 11.75
0.74 38.73
70.04 11.09
83.27 32.93
31.13 89.39
8.99 14.87
