80.7 92.32
34.04 5.73
62.86 22.84
62.43 59
59.08 33.32
59.6 86.43
77.89 46.21
67.36 77.61
22.86 59.29
47.72 21.11
2.38 97.9
24.33 55.36
81.27 56.1
66.08 7.64
84.47 65.32
49.69 98.53
6.5 6.45
2.91 12.57
37.14 59.1
27.03 1.78
27.37 36.27
32.22 35.15
41.74 48.97
52.32 97.56
91.83 10.6
60.23 59.11
86.22 19.56
69.07 54.99
70.23 23.45
83.27 26.33
5.93 88.21
23.08 11.25
88.99 30.96
60.77 70.55
3.76 48.9
79.54 13.95
15.82 6.28
27.37 89.9
17.56 4.16
15.05 28.19
41.38 5.46
30.89 45.57
94.45 58.79
33.61 50.13
24.99 25.74
60.31 43.89
95.55 99.71
12.85 85.26
68.89 97.95
59.36 23.27
52.25 71.65
29.64 65.36
45.94 43.74
70.39 84.22
97.42 45.12
15.95 42.55
17.34 5.24
57.52 85.84
75.94 6.21
10.98 71.25
36.02 84.15
60.14 8.74
40.95 46.64
26.58 45.75
80.21 98.06
25.66 10.17
90.85 1.53
26.06 74.79
94.14 46.02
6.49 75.13
64.44 76.75
71.43 73.36
31.16 68.25
85.5 53.46
25.98 2.56
22.53 91.57
93.32 44.54
82.53 58.86
76.1 25.87
17.17 60.66
84.15 18.87
40.38 21.88
74.19 1.17
35.1 59.12
74.73 79.74
90 15.52
31.19 70.97
53.87 40.7
4.51 39.05
96.98 28.49
86.25 77.04
62.6 16.27
7.86 22.03
64.05 0.42
36.79 50.45
93.49 29.89
52.14 72.64
14.79 0.26
31 38.65
62.13 22.61
