23.84 12.88
22.77 47.25
2.85 27.44
13.9 21.97
36.21 98.18
31.56 88.44
31.97 83.76
85.41 67.03
98.16 84.51
39.52 2.37
11.39 67
0.67 78.16
4.64 73.62
26.38 33.45
57.33 73.9
82.28 0.03
69.01 25.23
19.7 84.99
14.08 64.27
23.76 16.22
46.31 53.49
16.25 98.28
16.83 32.19
20.62 62.36
58.94 28.27
84.31 8.72
18.73 9.72
76.2 8.33
91.12 36.6
39.29 28.22
91.07 47.67
25.45 64.1
17.98 10.51
66.36 17.23
76.84 73.54
67.32 77.7
98.87 4.31
56.52 93.68
62.11 54.2
59.7 78.38
94.6 98.12
4.95 80.64
5.33 91.16
27.56 28.82
91.78 57.04
18.23 75.79
52.16 26.75
18.3 88.57
18.99 78.22
22.35 64.06
46.73 31.97
85.61 26.82
14.62 59.67
79.5 52
56.06 67.01
88.34 23.01
90.98 56.84
11.91 68.63
90.93 67.9
0.88 44.66
1.11 61.09
94.31 92.41
1.48 99.7
15.46 2.18
57.09 99.81
49.02 61.71
35.35 59.02
12.95 25.56
34.1 62.84
47.99 73.01
42.93 2.84
47.09 73.46
15.36 73.8
62.07 56.28
6.67 94.56
63.31 2.49
50.37 70.76
89.7 44.39
38.95 59.39
98.78 58.29
37.14 14.88
98.78 68.82
65.66 33.79
10.88 32.9
62.36 25.27
54.22 44.94
67.59 98.26
14.44 3.88
54.86 14.2
86.4 60.31
84.29 2.43
81.47 73.6
18.37 14.61
11.35 14.21
9.77 24.48
15.7 24.17
83.87 41.91
53.46 4.83
78.22 22.78
34.17 4.76
