58.59 64.85
18.5 41.44
2.9 18.03
34.58 9.24
56.63 18.73
11.34 85.56
87.17 65.86
69.65 9.91
39.86 34.18
4.46 74.19
76.85 40.85
55.44 5.02
90.01 90.34
68.75 6.31
16.73 57.45
27.18 44.24
83.08 30.73
26.98 72.48
30.84 76.21
46.39 71.5
83.13 20.32
63.74 91.12
42.91 39.66
18.31 63.73
15.36 30.68
48.59 60.39
42.35 0.43
27.08 2.05
3.42 85.29
6.52 87.11
80.33 11.37
56.59 58.52
41.39 64.92
78.37 9.85
23.92 35.6
30.76 93.87
51.39 90.24
45.54 37.43
17.18 1.56
54.65 70.79
26.81 87.7
27.66 9.28
0.23 56.61
81.39 16.66
27.11 47.81
61.57 77.51
58.49 76.31
62.85 35.68
3.03 89.91
25.55 59.88
6.7 38.35
98.47 53.55
17.97 91.61
27.86 48.42
92.46 86.04
84.85 94.55
10.42 84.67
12.95 88.95
89.78 18.11
1.81 97.42
58.91 17.18
59.57 54.71
39.94 17.15
16.29 19.01
9.36 14.4
30.5 7.78
33.19 59.74
60.98 25.81
60.38 95.24
18.61 71.53
69.94 33.03
43.38 13.47
23.42 70.32
40.22 46.36
24.35 71.41
0.11 7.93
17.63 12.69
18.38 19.43
49.07 4.22
70.89 66.83
22.71 99.46
30.43 17.6
31.47 52.82
30.36 62.58
83.35 85.84
45.57 88.43
7.94 87.87
20.71 38.04
77.87 34.95
65.08 79.67
91.39 91.48
71.71 99.14
49.27 84.48
47.99 23.59
12.05 85.59
98.26 24.81
60.28 47.7
43.98 21.61
48.33 3.73
57.73 13.86
