18.75 57.04
7.46 91.68
68.44 99.99
46 1
64.85 58.76
62.29 19.73
1.73 58.21
72.04 17.05
5.13 77
32.72 4.05
25.6 37.38
42.82 48.83
33.92 88.96
80.72 18.1
96.95 58.16
88.32 22.39
91.16 8.07
85.9 84.99
83.91 20.78
89.46 24.29
29.34 52.89
68.05 14.26
10.82 63.92
10.38 93.94
19.54 8.44
84.64 32.77
5.74 23.88
82.46 86.77
44.86 94
52.18 31.09
4.12 98.61
80.17 20.82
50.06 6.35
8.67 31.7
56.81 10.27
86.98 38.83
82.99 35.58
61.61 34.2
43.36 40.42
63.84 19.69
70.72 68.77
76.93 48.51
55.66 46.79
30.92 11.83
15.23 43.15
47.3 11.29
61 91.18
28.79 64.96
96.18 14.67
52.34 73.31
61.45 72.07
82.01 6.92
3.79 27.05
53.45 91.64
38.77 17.39
31.55 85.11
23.54 0.63
18.96 5.14
68.07 54.52
63.34 80.58
51.04 83.36
0.91 36.22
33.93 18.83
11.85 48.32
30.86 0.17
59.07 48.32
36.63 16.32
36.71 68.66
70.38 62.58
47.32 84.89
17.95 58.77
25.1 86.44
15.86 34.02
30.32 25.75
27.87 63.63
28.9 71.97
14.27 38.24
2.67 8.05
81.37 43.39
8.8 97.54
11.48 55.71
98.21 92.16
96.34 21.34
14.99 24.92
45.08 92.51
57.23 36.91
21.61 24.31
36.42 25.34
24.55 58.61
13.18 2.76
95.13 97.23
78.56 25.76
12.22 29.47
7.86 42.85
26.3 22.56
45.47 17.03
51.38 50.82
60.08 54.2
36.04 44.35
44.14 26.67
