69.44 38.16
6.49 90.34
94.7 38.18
10.24 0.02
10.42 44.95
42.2 34.47
48.21 5.38
81.52 26.64
34.22 62.19
85.34 97.95
40.49 0.51
96.62 3.32
63.73 14.19
51.91 55.17
15.15 88.05
82.19 21.73
13.39 49.14
10.3 94.27
26.09 44.86
58.07 88.12
39.44 45.53
23.62 19.48
9.33 50.87
3.49 90.73
99.44 4.1
73.78 4.94
87.35 20.79
6.69 40.23
56.75 19.26
85.74 34.32
61.18 49.02
85.37 52.91
66.61 97.61
78.12 15.14
41.39 67.95
1.28 73.13
17.91 11.21
52.44 66.32
94.39 30.16
62.62 93.76
1.16 98.11
87.23 69.87
10.63 93.21
9.78 49.77
76.85 69.81
19.96 46.56
22.23 83.84
99.66 31.39
25.33 21.41
12.26 0.22
8.37 20.03
84.11 31.93
80.14 20.96
52.24 20.04
77.85 74.04
65.39 59.78
38.34 46.2
35.53 89.77
90.44 76.4
11.88 68.17
24.91 0.47
49.52 5.86
93.58 60.9
12.52 59.79
46.6 97.42
85.46 79.36
74.77 33.49
74.32 87.8
10.53 20.47
17.03 63.59
3.49 33.17
24.83 14.66
43.07 89.43
15.88 71.93
3.79 21.18
70.21 5.75
51.89 29.56
67.48 81.13
95.13 13.07
7.21 59.47
65.21 20.12
47.06 64.96
46.94 22.17
46.22 82.73
37.33 45.33
28.17 79.47
12.02 22.66
49.83 30.61
80.54 14.1
68.2 16.9
97.02 15.14
93.16 91.57
24.92 48.36
43.5 6.82
60.74 82.37
45.9 53.57
93.72 23.03
16.83 35.01
83.49 2.79
42.3 60.48
