59.57 12.57
7.19 51.47
48.16 13.01
85.27 14.1
94.91 12.71
66.97 98.78
75.23 14.56
73.7 96.13
20.93 91.18
26 22.63
97.02 97.62
72.37 15.64
11.06 3.5
7.72 33.82
65.5 74.73
72.11 59.35
2.55 9.82
75.45 2.83
19.88 20.73
9.38 58.17
62.01 84.92
10.64 20.7
25.66 78.82
14.13 24.99
19.44 20.42
81.19 87.77
59.1 77.65
32.51 37.38
32.54 99.63
29.25 11.77
89.77 57.79
45.9 52.76
85.8 21.94
76.87 6.24
63.93 53.74
3.25 94.55
9.01 47.07
57.33 87.5
90.43 36.21
22.02 93.86
30.57 7.6
2.69 27.24
84.58 59.17
74.77 2.17
22.6 24.45
95.43 14.47
18.98 0.9
55.03 15.01
63.8 5.8
44.16 90.11
77.02 31.46
7.44 21.86
77.26 67.7
83.28 97.01
74.9 97.23
75.54 84.08
9.14 14.88
19.87 17.92
80.09 87.2
7.56 83.71
31.38 9.4
32.28 79.77
15.29 4
37.04 66.35
91.67 94.93
47.97 24.43
20.34 79.9
25.88 16.53
53.41 2.74
74.96 44.04
31.95 40.5
9.97 10.15
93.62 2.52
16.97 33.65
89.09 41.03
13.35 44.16
92.74 62.55
14.41 31.74
39.26 7.47
86.54 15.49
52.86 65.57
41.49 31.52
19.59 48.58
91.93 43.41
63.12 23.15
56.77 20.34
23.58 6.59
96.26 47.35
12.4 90.42
16.14 34.52
19.49 40.42
48.71 95.74
13.47 62.4
16.01 46.79
9.69 85.96
16.92 76.6
42.15 9
15.85 47.63
20.28 10.54
13.02 45.16
