62.38 31.91
94.07 23.48
17.87 32.3
12.99 86.53
31.05 68.26
52.34 52.83
9.75 33.13
8.93 84.18
11.6 22.63
15.13 20.84
37.87 96.63
0.75 47.37
60.05 50.6
9 32.29
9.49 0.55
3.98 49.13
87.53 78.98
47.12 85.58
23.59 56.28
88.95 11.52
90.62 74.46
93.9 43.2
85.58 35.26
55.1 76.12
95.09 50.97
66.09 13.07
24.6 95.67
80.36 68.75
46.73 64.89
68.67 24.14
34.78 24.7
22.02 73.33
36.98 48.95
16.25 83.47
19.11 13.27
69.43 84.69
58.76 44.71
84.75 16.72
12.59 7.85
77.74 92.11
41.65 18.43
97.81 30.39
35.73 73.34
85.5 24.76
23.63 20.08
60.4 0.3
27.3 9.91
58 40.33
6.51 64.15
16.41 71.12
68.99 80.78
3.8 84.52
54.27 4.53
74.89 5.31
27.82 72.57
38.37 40.22
19.69 63.32
49.56 2.96
45.74 60.46
16.4 41.24
1.37 76.87
11.62 88.06
25.51 22.66
77.45 24.77
20.19 6.58
72.81 44.15
85.31 87.52
43.18 94.93
68.9 22.16
69.21 93.21
71.2 57.68
44.9 50.94
36.63 38.99
15.51 2.54
48.95 83.65
19.71 15.54
35.88 55.68
60.02 0.93
87.74 97.58
75.32 23.69
30.42 0.96
3.93 50.47
16.95 85.74
29.72 60.65
33.47 53.2
38.19 6.27
19.43 87.24
23.97 43.21
17.53 13.85
27.73 42.5
76.48 48.44
43.82 67.42
22.13 19.61
53.52 49.39
36.8 20.52
92.98 94.94
17.92 31.68
27.76 51.92
60.31 78.88
35.03 31.83
