72.54 91.07
65.77 12.89
63.14 36.41
17.94 40.54
67.79 2.53
1.69 76.31
8.63 95.75
64.88 13.83
52.28 99.11
58.44 64.15
71.78 61.8
42.78 13.59
74 34.27
6.55 78.43
5.74 20.74
83.96 13.15
12.99 33.97
42.19 19.12
12.97 34.8
48.29 16.44
6.94 75.26
19.33 47.54
16.76 0.02
65.11 42.94
79.31 46.45
56.76 99.09
18.36 59.67
5.41 79.04
8.49 35.21
3.1 39.33
27.24 88.58
44.06 0.31
87.02 70.72
64.11 69.35
17.05 16.17
3.15 77.06
78.8 10.67
60.32 59.25
71.73 65.05
68.52 23.19
60.27 20.63
42.54 73.9
6.45 55.92
98.03 83.65
81.02 43.01
86.72 54.36
6.35 72.73
9.27 20.56
27.02 2.99
91.45 21.09
18.68 60.28
35.87 82.65
29.21 87.06
54.67 75.7
62.74 32.84
3.33 79.47
47.08 30.86
80.81 41.47
25.39 64.39
22.63 26.55
37.74 52.01
28.7 8.57
59.13 40.81
3.37 56.88
21.38 92.16
11.32 11.86
70.25 42.73
90.85 71.2
43.05 14.76
42.62 85.77
43.48 24.26
71.86 69.77
19.98 18.34
63.82 40.91
1.36 50.11
21.38 67.65
91.52 43.87
65.92 83.95
76.87 39.28
24.2 69.98
42.2 42.29
4.12 65.43
54.71 17.99
58.91 69.19
5.84 74.49
74.64 36.88
59.77 83.72
67.48 12.89
4.49 94.67
77.08 8.3
8.03 84.7
16.76 44.63
0.54 87.64
62.45 4.1
87.66 38.15
15.99 53.71
34.51 17.15
77.47 30.19
36.48 19.44
87.94 8.54
