85.6 78.16
93.16 70.65
5.43 20.64
39.58 93.96
16.69 2.45
25.14 0.34
80.62 85.16
65.43 99.58
4.58 38.58
28.68 79.69
29.26 92.26
13.52 57.23
52.77 8.9
67.76 6.71
21.5 15.83
2.97 14.84
21.26 92.45
21.91 92.88
89.59 92.84
43.01 22.64
55.04 18.07
62.22 35.18
77.99 7.02
94.43 36.35
17.4 70.79
76.77 73.65
8.96 18.01
8.14 29.14
38.71 39.21
11.63 6.93
48.49 54.57
2.45 49.12
69.99 31.49
50.49 87.15
53.8 42.63
55.88 13.24
36.9 21.58
92.9 45.04
31.91 8.19
66.33 46.65
13.59 47.16
5.22 39.05
3 14.84
36.56 86.21
58.58 20.82
8.36 62.37
68.56 20.97
32.23 63.39
15.25 99.21
93.69 90.98
22.79 43.87
66.27 55.77
57.22 31.47
99.04 83.28
81.18 26.49
77.21 68.82
43.14 82.64
72.49 54.68
1.52 66.51
84.77 13.97
27.05 36.36
74.97 3.82
60.5 98.95
22.47 27.64
18.23 55.51
26.01 52.12
7.51 34.87
41.13 58.94
33.36 39.16
49.82 41.17
33.89 91.93
2.02 32.22
16.85 82.11
96.75 9.59
19.34 65.9
17.67 99.7
64.17 41.43
15.87 55.38
89.36 81.56
92.92 41.32
83.97 16.32
64.63 0.9
15.89 46.12
43.27 60.92
15.81 19.78
12.54 92.56
22.75 15.96
39.26 95.64
40.24 89.49
94.23 58.41
12.85 53.41
79 4.75
6.2 2.99
95.13 23.66
72.48 64.7
48.48 67.23
12.24 42.85
14.12 33.23
52.8 72.56
42.05 90.91
