52.19 97.17
66.48 63.26
2.5 85.96
60.09 48.46
34.23 44.78
73.56 99.23
76.41 75.38
54.45 5.97
33.07 65.54
20.73 41.04
84.7 44.78
17.58 18.97
4.02 42.01
19.36 54.29
91.33 79.68
43.57 3.91
75.7 84.01
10.11 46.88
61.41 30.8
18.88 73.24
70.22 55.6
14.02 71.22
35.8 13.52
46.97 52.6
25.89 30.19
90.58 33.05
68.03 50.61
35.33 24.15
88.57 71.79
98.33 47.88
53.1 15.3
68.14 19.35
99.37 27.3
13.47 53.23
80.3 38.92
81.45 78.2
40.23 79.06
10.8 14.76
9.99 35.91
83.85 23.92
3.55 2.07
8.83 86.55
80.66 27.27
2.82 4.11
47.35 70.72
15.73 54.51
29.24 41.28
59.66 30.39
8.4 25.7
45.6 95.5
90.76 63.51
53.16 46.13
22.43 51.89
46.36 47.37
28.33 91.75
88.68 64.95
2.14 82.53
81.02 49.93
76.26 57.25
71.49 75.72
45.55 14.42
26.68 35.36
62.68 27.64
79.35 35.36
62.09 55.6
93.14 84.98
51.6 71.7
31.53 11.05
24.42 88.56
76.16 29.29
47.39 27.2
4.92 54.98
48.77 78.37
85.61 42.01
1.8 75.34
57.26 34.75
5.5 28.56
42.3 39
34.33 41.33
8.24 83.76
66.09 9.57
54.09 37.27
87.22 27.56
61.6 58.14
44.83 36.67
66.99 52.75
17 85.39
23.52 41.45
55.37 57.2
57.1 58.21
3.75 74.91
51.25 55.84
85.19 10.34
2.03 56.71
7.61 73.96
36.49 76.31
27.86 74.87
27.09 38.37
4.57 64.45
69.85 23.81
