19.66 17.48
66.55 48.13
7.4 16.43
62.13 36.73
0.57 3.38
20.88 32.06
74.69 3.66
59.92 56.51
77.53 93.18
17.64 9.68
45.14 12.2
14.81 46.84
90.59 8.62
48.88 16.09
45.86 67.74
73.23 42.44
59.69 0.46
35.12 41.84
4.16 19.36
60.86 30.42
24.81 6.53
80.64 94.91
16.68 93.8
75.29 95.53
10.13 74.45
86.55 67.67
42.5 43.75
74.9 97.9
18.41 29.35
26.31 97.79
81.86 39.38
64.24 0.27
66.4 57
85.42 78.69
51.18 43.22
20.18 55.35
71.83 91.89
91.19 96.12
99.11 0.56
20.77 4.2
43.04 99.24
34.34 37.48
97.35 23.94
81.05 0.87
20.25 55.69
25.28 27.33
49.36 20.8
2.2 20.44
47.07 30.22
63.76 29.32
90.76 15.28
67.82 54.79
21.39 91.39
83.33 52.89
41.56 36.35
85.72 68.68
10.44 25.55
2.86 92.47
43.86 4.54
66.14 83.68
21.95 81.33
91.32 71.51
51.34 68.1
90.09 26.85
1.14 3.72
62.87 69.82
21.24 94.84
69.49 13.63
45.41 15.83
6.58 15.54
19.64 28.61
25.11 33.69
21.68 45.62
8.02 66.81
16.81 63.07
28.64 43.52
69.19 78.83
5.63 19.54
91.39 52.38
51.8 68.09
92.53 39.98
49.55 64.74
41.57 11.56
1.09 13.69
91.02 99.53
39.89 95.2
20.31 92.14
76.46 23.96
95.24 47.53
67.51 44.73
34.69 81.36
94.24 19.19
72.14 27.31
6.52 21.41
73.74 4.45
38.48 61.97
21.96 8.03
9.31 1.04
34.39 82.49
48.78 78.43
