38.67 86.32
61.47 77.26
72.78 32.4
26.51 39.35
87.79 38.75
15.42 60.73
44.71 65.36
12.39 38.76
82.57 76.62
58.99 80.7
64.34 99.26
10.54 11.79
10.78 45.45
73.9 22.02
5.54 88.66
44 78.29
73.66 35.88
4.98 98.09
72.14 17.75
68.65 11.27
13.31 23.12
99.16 18.5
45.75 44.38
85.85 94.49
76.49 32.44
68.54 10.64
53.17 21.16
83.54 31.3
6.96 15.92
77.41 86.26
68.43 10.63
13.89 45.71
18.93 6.14
87.22 0.35
89.74 33.01
50.21 94.55
88.25 40.84
31.8 27.32
12.82 29.33
46.49 84.5
80.09 70.91
82.61 18.69
55.81 8.04
14.71 21.43
32.76 56.27
5.85 88.96
3.78 96.33
55.48 81.67
12 66.45
54.34 99.82
87.91 17.77
89.65 43.37
65.97 3.03
78.87 38.63
84.23 70.2
53.93 39.57
72.16 26.84
84.96 73.91
13.13 46.86
3.64 71.52
46.66 17.61
15.47 15.63
36.95 62.31
73.34 88.35
72.94 83.13
44.66 35.76
3.04 89.39
6.1 82.27
37.74 73.14
42.67 72.05
17.03 94.75
40.72 60.91
41.75 15.02
68.47 85.8
84.73 68.42
88.99 85.97
45.05 20.34
54.67 30.69
84.35 58.25
83.4 55.25
87.44 64.1
88.66 98.67
73.3 26.04
47.01 95.51
5.09 28.52
90.01 81.4
70.01 91.55
78.46 81.71
88.13 19.53
1.22 25.81
4.31 25.93
54.67 84.24
6.89 26.47
36.34 94.36
64.14 11.6
29.88 86.94
68.37 86.57
8.99 2.53
27.89 38.99
43.48 82.35
