32.86 36.53
23.54 49.25
88.7 5
84.46 10.89
34.26 68.86
66.12 66.16
86.27 97.45
76.53 28.31
67.67 5.65
23.99 38.99
6.99 48.02
31.08 7.92
34.25 10.03
29.55 39.2
43.07 14.02
0.38 48.14
79.34 98.11
5.64 23.07
15.54 75.01
8.55 45.05
64.65 84.14
13.2 13.67
16.06 16.54
71.14 72.2
85.84 8.96
82.84 66.07
12.79 14.12
34.11 69.74
32.87 84
21.2 41.97
63.39 98.81
36.93 27.62
89.47 1.72
30.62 56.87
13.52 61.53
27.26 90.55
86.15 44.51
14.47 15.09
81.09 34.57
50.54 50.81
98.58 66.33
44.78 5
8.97 33.09
80.6 45.82
27.11 11.26
66.43 99.02
69.54 90.89
57.21 66.82
4.76 32.39
91.37 81.59
88.64 39.21
70.91 10.67
24.76 53.88
23.13 69.53
21.27 96.73
99.47 36.54
98.29 37.84
39.17 77.3
34.32 91.9
74.63 16.56
30.02 62.28
8.05 25.45
70.41 28.59
55.85 91.41
96.18 97.56
9.1 98.6
74.09 7.33
34.3 30.61
25.19 76.97
82.3 91.17
14.45 34.46
67.11 52.98
23.76 89.01
23.69 8.8
54.85 46.78
1.72 13.56
28.71 12.99
0.23 23.75
2.07 91.81
19.64 95.25
70.36 20.84
77.95 41.26
68.67 23.71
4.39 16.05
89.28 28.58
18.78 98.47
37.98 3.85
77.88 47.26
60.19 18.49
39.7 68.07
19.12 23.25
50.27 19.61
1.35 0.09
97.76 66.8
21.57 57.46
72.2 6.4
63.39 75.9
75.78 85.65
53.76 53.89
32.62 66.9
