19.24 30.9
37.97 96.7
77.22 33.63
85.19 89.59
20.15 19.59
40.1 26.34
45.76 18.72
24.06 96.32
95.67 91.66
79.65 28.27
99.53 65.76
1.28 17.98
58.28 9.38
0.2 68.02
57.49 39.12
10.78 16.1
87.06 33.78
23.97 14.01
64.59 6.88
20.95 39.95
32.62 99.04
5.35 15.21
88.36 69.66
22.13 60.73
71.58 89.47
50.94 96.46
14.11 62.49
85.17 40.59
59.42 23.49
27.38 79.58
45 71.82
24.82 4.1
22.27 84.86
7.92 16.05
40.66 19.34
23.23 89.16
25.64 77.83
17.51 73.08
43.82 43.9
47.52 17.39
86.44 78.72
78.29 71.33
11.67 11.91
27.61 54.59
12.98 45.31
64.24 2.09
41.25 53.48
11.04 18.47
26.57 22.62
11.65 74.59
10.44 54.78
22.66 27.24
55.76 51.25
17.32 65.94
30 86.83
90.73 66.04
22.9 65.74
58.58 33.46
49.39 2.9
16.21 23.73
37.27 1.79
73.42 84.91
7.76 98.41
36.06 85.83
8.18 4.27
17.8 6.65
94.04 62.56
19.16 91.7
3.05 16.33
89.33 71.14
35.12 26.35
94.56 98.62
14.8 86.28
4.85 19.4
10.24 62.28
35.52 3.92
1.82 77.02
50.68 50.36
4.15 31.18
80.46 35.72
26.55 88.77
3.74 12.96
26.57 19.23
81.94 1.49
71.12 61.16
12.83 66.7
51.75 83.67
88.03 43.83
19.5 22.51
52.55 66.35
9.18 71.7
39.38 87.9
44.32 18.43
41.87 4.45
38.96 58.9
4.8 6.76
92.32 81.47
46.02 67.2
58.18 11.59
21.78 78.47
