2.65 51.56
55.33 79.71
7.98 74.33
2.58 14.55
27.35 22.17
8.43 2.58
74.51 77.15
9.8 64.74
47.46 8
82.32 26.15
8.12 65.8
75.4 0.94
30.85 64.05
14.86 29.94
83.64 29.87
39.26 20.48
96.29 25.05
67.17 60.74
7.15 74.5
24.83 57.83
85.78 33.12
86.93 27.28
41.56 6.97
13.35 12.78
3.3 21.63
21.25 61.86
13.81 13.3
33.61 19.57
24.37 97.11
17.28 73.77
16.18 5.31
73.49 78.39
61.37 38.92
55.31 88.35
84.66 96.15
40.93 23.41
10.4 56.87
37.6 3.78
26.8 23
57.32 53.14
43.1 6.72
31.1 84.35
92.76 93.82
55.78 35.74
80.12 68.12
48.87 50.08
1.99 19.63
1.15 65.96
58.63 3.64
19.37 28.7
23.95 60.13
97.83 35.39
10.89 18.6
83.73 71.84
31.29 93.32
8.67 88.32
79.74 23.5
68.43 22.82
90.16 15.29
83.11 1.54
6.81 43.57
53.72 53.19
95.41 47.16
91.91 94.45
80.77 73.86
72.86 84.76
15.01 61.43
20.26 18.48
11.96 9.14
73.23 24.98
34.93 87.76
12.13 38.39
96.52 87.09
59.06 81.68
57.78 32.03
51.53 69.7
89.81 83.21
45.17 69.58
74.26 8.61
65.53 31.16
18.6 80.53
53.94 6.99
71.37 41.39
66.05 53.4
25.71 74.15
12.59 87.28
68.85 5.61
62.49 62.47
8.7 78.23
98.13 29.79
70.91 72.43
13.11 48.92
40.24 74.01
61.24 22.53
67.58 71.11
74.89 16.31
94.92 26.46
42.38 55.01
30.07 15.45
26.16 4.55
