19.99 9.28
14.56 60.7
55.81 81.42
45.69 71.68
13.33 16.25
6.09 36.47
22.5 19.9
13.06 51.92
37.89 69.62
73.04 68.38
3.65 21.9
77.89 92.93
12.49 31.46
85.97 25.26
62.12 40.16
45.64 90.03
14.39 50.93
69.73 9.4
9.74 76.76
91.08 50.08
41.88 61.4
62.94 28.88
62.72 12.5
40.56 49.28
11.48 37.7
12.29 19.35
14.75 2.82
67.48 91.22
85.56 85.91
24.65 87.56
85 39.97
45.79 74.24
23.76 61.13
94.14 53.38
7.07 58.49
44.34 31.47
81.81 77.5
19.23 36.91
14.29 17.77
0.66 97
10.97 63.32
50.12 10.13
10.59 6.34
69.62 10.92
0.29 14.57
21.69 48.88
54.65 95.67
23.7 95.09
85.78 59.63
55.09 72.73
23.43 37.09
28.25 1.67
46.81 22.41
11.03 17.3
78.27 97.52
6.72 98.52
52.57 68.96
62.6 11.35
16.52 55.25
53.17 55
12.77 69.51
30.43 37.31
85.68 45.26
30.34 9.3
95.24 54.67
20.48 17.93
16.96 20.01
57.79 53.09
52.32 42.44
19.7 24.83
82.87 55.21
47.31 8.48
26.63 65.58
9.49 53.35
23.51 86.27
23.83 22.26
42.44 80.57
70.97 23.64
30.68 68.34
81.13 41.75
93.35 4.58
86.57 26.81
28.38 28.6
40.06 73.97
32.49 78.64
10.29 90.95
49.63 46.59
20.09 32.72
25.21 14.23
51.2 53.79
5.07 88.45
62.46 18.06
93.54 10.72
80.98 10.69
24.75 13.8
11.36 79.23
67.7 0.79
33.27 52.27
91.7 8.86
19 3.75
