31.72 79.07
24.68 46.77
83.08 41.36
78.15 52.39
53.44 26.92
17.89 50.74
74.3 4.48
45.91 85.9
84.09 10.42
10.92 25.03
43.73 0.26
18.77 46.57
66.09 43.94
8.2 70.95
22.33 60.52
33.09 86.92
18.68 43.79
26.03 58.94
51.39 1.79
44.29 62.39
27.24 55.94
11.31 17.1
74.13 18.03
28.84 70.21
58.77 73.76
37.37 26.68
59.92 29.68
18.56 1.59
84.01 41.38
49.29 86.28
16.21 52.09
56.85 96.39
30.21 42.64
41.61 23.13
45.56 49.6
70.37 87.98
95.86 31.03
2.49 94.62
50.24 41.31
79.38 95.18
47.01 28.24
11.86 64.56
81.85 75.5
6.78 55.28
13.92 91.34
12.04 65.13
6.41 78.86
4.28 36.31
52.31 10.27
77.1 93.5
74.31 12.87
9.4 96.59
38.91 12.28
3.86 38.74
56.63 4.96
70.59 95.92
14.66 13.61
80.06 11.21
7.68 97.46
75.37 30.77
62.13 39.82
1.96 17.5
27.88 67
78.81 89.01
30.65 91.56
62.82 71.73
25.24 10.74
75.24 56.32
6.39 70
69.39 14.02
70.81 86.01
53.26 18.91
87.25 24.51
1.57 14.4
86.76 29.4
4.72 24.12
39.3 26.09
21.53 73.23
28.4 44.42
61.64 9.75
25.97 58.58
70.7 96.31
9.46 19.42
87.16 91.24
52.62 1.72
22.38 4.86
21.52 80.22
66.68 83.59
32.99 93.51
32.95 58.69
91.99 79.25
52.99 59.74
54.13 16.63
42.51 71.28
62.27 2.41
67.1 9.83
86.33 4.38
14.25 70.18
16.99 6.22
69.89 81.43
