17.35 22.75
62.51 2.54
20.69 49.89
18.37 49.01
73.82 80.99
25.89 0.79
84.73 24.57
32.13 98.31
42.19 18.47
0.87 18.84
32.13 61.86
40.04 81.67
8.24 21.21
93.09 14.84
59.82 12.26
8.64 8.63
99.06 62.3
26.28 99.13
82.98 36.1
86.56 47.15
58.28 8.48
45.85 4.98
72.07 28.29
61.39 97.88
76.91 6.04
44.11 6.5
88.28 37.71
14.98 94.14
56.75 73.81
30.52 15.9
57.81 56.96
51.45 30.42
61.52 49.51
32.68 72.67
78.6 40.58
45.23 71.96
79.18 64.68
76.14 88.78
14.83 76.78
23.23 9.82
10.34 28.35
45.84 36.73
57.94 32.2
84.11 7.72
12.47 56.12
80.07 49.09
64.71 99.26
73.12 83.66
87.22 63.5
81.61 16.03
55.45 46.13
55.56 38.73
6.54 38.49
59.7 56.1
44.77 84.36
45.87 20.62
9.61 10.6
95.44 89.48
83.29 56.11
79.99 34.33
21.56 66.96
10.3 52.24
15 89.98
64.76 87.64
55.59 47.87
68.85 96.18
22.27 36.19
21.48 28.34
7.31 83.26
73.74 67.98
71.41 49.04
0.28 27
66.47 42.47
50.41 18.73
56.57 93.22
22.53 96.15
44.11 86.56
24.01 26.56
76.26 18.95
21.8 16.51
43.04 38.38
41.34 26.47
93.22 5.57
6.59 4.22
73.1 16.83
18.98 48.84
65.08 69.44
72.46 63.59
86.6 78.12
19.48 69.53
13.84 10.96
46.7 25.55
20.2 70.36
47.52 2.69
93.87 76.64
65.45 37.72
12.19 62.95
24.93 66.67
87.89 38.97
61.84 95.41
