63.16 90.09
21.63 0.43
99.61 91.67
4.61 39.35
61.67 3.44
16.85 63.4
52.52 72.09
92.17 85.48
22 84.84
26.82 96.2
56.15 7.58
99.82 92.47
60.28 83.26
7.85 54.29
14.04 77.77
68.85 6.75
26.49 25.64
42.5 95.41
89.29 62.97
4.87 11.92
19.26 6.15
82.49 81.33
20.71 46.59
2.83 30.67
41.74 24.91
6.63 18.37
1.39 0.84
19.16 31.48
64.5 25.29
17.93 47.25
76.8 81.84
95.61 23.18
24.83 14.56
49.51 31.65
22.19 58.86
96.35 5.23
27 44.64
5.25 74.63
5.65 18.97
13.78 27.17
95.74 97.74
92.3 33.68
19.81 44.32
49.13 65.49
20.02 21.39
54.28 29.87
26.76 49.58
66.21 20.4
20.67 51.33
85.77 78.69
16.31 24.2
70.98 91.49
16.17 45.4
53.69 64.18
15.92 7.06
64.14 11.85
55.27 5.34
15.09 51.67
20.14 72.34
40.99 77.95
13.81 14.04
9.78 71.5
54.72 24.45
42.98 82.64
49.43 45.47
32.33 3.01
9.49 38.11
84.03 93.04
63.32 39.23
34.29 40.15
35.27 69.2
67.1 99.35
30.65 64.75
5.83 95.77
86.28 70.41
92.45 30.05
78.11 77.71
76.85 10.78
82.04 18.03
62.31 82.63
57.92 93.85
52.78 12.68
4.06 20.21
47.91 65.31
11.75 99.65
63.75 17.32
11.95 25.61
37.62 65.12
5.15 52.69
88.58 86.38
66.64 75.27
19.89 99.16
73.49 1.94
13.46 55.63
83.84 20.82
62.37 70.83
48.95 80.72
76.33 12.74
66.8 24.32
93.73 24.55
