70.97 74.71
10.65 58.98
27.35 17.66
62.37 34.92
6.54 4.48
72.68 55.17
67.73 17.84
26.08 83.54
59.16 2.36
62.73 13.43
35.22 67.59
44.62 23.38
45.85 68.93
36.53 34.42
24.32 66.31
54.23 25.6
7.38 12.96
51.43 27.16
9.25 21.42
44.13 70.99
77.34 39.57
69.82 71.27
18.82 5.05
69.66 33.84
86 26.26
75.68 60.82
64.78 93.97
27.8 53.58
0.65 14.41
32.27 65.42
43.21 74.31
24.56 72.91
55.96 39.49
97.6 72.97
10.89 52.68
49.31 35.98
42.32 10.81
74.67 15.75
85.6 15.13
24.12 80.75
79.77 62.01
53.56 39.64
65.96 86.29
43.09 74.51
88.24 40.39
71.29 95.23
7.42 93.38
92.86 15.77
98.7 0.95
25.06 5.94
96.35 45.76
29.2 13.34
5.41 33
97.07 57.96
86.54 19.22
7.15 36.21
3.6 19.13
77.42 16.37
4.28 40.63
73.44 8.48
12.85 77.68
32.38 41.69
0.71 37.22
72.32 41.13
62.9 86.7
19.97 21.82
21.88 13.86
81.47 47.3
54.21 35.97
12.47 64.22
15.32 1.22
27.46 72.94
76.59 66.81
10.85 26.78
26.71 4.26
3.58 38.61
34.74 27.48
4.59 64.25
15.96 70.69
94.86 24.44
59.51 28.82
78.74 41.02
8.18 21.37
22.53 59.86
76.97 9.25
23.51 14.77
74.74 79.31
67.86 69.08
1.55 44.66
55.38 48.22
55.39 58.72
64.62 53.47
25.5 22.99
42.56 19.3
93.57 37.56
49.54 1.93
0.13 19.07
52.65 80.88
23.5 0.87
70.54 50.79
