47.62 22.69
60.32 25.66
80.01 59.1
62.5 14.49
55.6 32.39
52.95 37.57
83.91 75.8
15.03 80.96
43.4 56.94
79.17 2.18
59.31 26.02
68.34 28.94
76.01 60.68
6.27 25.93
91.42 48.75
2.09 31.34
5.37 22.06
64 62.66
4.8 82.55
61.86 14.92
48.24 42.79
34.12 12.62
95.78 19.46
5.45 44.66
17.59 17.09
36.38 75.51
39.57 68.21
28.47 96.19
20.82 84.33
10.72 42.06
9.04 56.11
20.13 94.44
62.34 18.67
29.74 90.59
80.78 63.49
70.85 23.25
79.07 52.84
35.22 60.56
14.29 62.87
26.89 46.05
24.95 49.7
4.82 14.06
44.49 96.88
24.5 41.95
49.94 18.72
25.84 18.94
4.39 65.49
47.95 8.38
43.24 20.27
88.49 43.13
61.14 75.11
51.79 34.46
34.42 85.5
96.96 68.82
42.09 80.01
73.18 74.8
39.97 2.55
89.2 13.26
41.99 51.79
74.45 60.22
74.01 52.24
74.61 86.59
47.94 81.3
71.21 53.41
55.35 76.23
91.07 77.5
11.57 96.06
95.32 13.89
38.52 5.34
79.89 48.35
55.9 61.06
21.84 91.01
58.08 37.31
86.4 92.09
29.44 78.15
13.9 4.68
3.2 53.29
72.14 9.23
39.62 96.41
3.93 86.41
43.89 60.54
52.75 2.08
33.42 38.08
92.72 86.59
98.18 1.55
26.03 33.64
23.47 46.25
78.71 59.06
1.93 57.27
57.78 20.69
50.59 54.27
17.51 71.73
13.27 4.2
53.39 46.95
98.06 81.46
88.41 34.65
91.95 16.48
8.66 4.17
57.5 73.76
18.95 37.29
